 0.00000000e+00
 1.42610711e-38
 3.13653253e-38
 4.47754276e-39
 2.25844983e-38
 8.71730646e-39
 6.53111422e-39
 -1.09366168e-39
 2.49074245e-39
 -1.99232417e-39
 -6.74666660e-41
 2.01077998e-39
 6.02549716e-40
 2.98435882e-40
 -1.11409457e-40
 0.00000000e+00
 5.58747229e-40
 -1.47394482e-29
 -5.80269490e-29
 -1.25561272e-28
 -2.06347510e-28
 -2.81350008e-28
 -3.28721426e-28
 -3.35068167e-28
 -3.02906199e-28
 -2.46622524e-28
 -1.82342157e-28
 -1.21456353e-28
 -7.02006689e-29
 -3.17830454e-29
 -8.03355729e-30
 0.00000000e+00
 -8.65786488e-39
 -5.86038180e-29
 -2.30705897e-28
 -4.99194855e-28
 -8.20343222e-28
 -1.11819063e-27
 -1.30568544e-27
 -1.32980152e-27
 -1.20106827e-27
 -9.77079958e-28
 -7.21942715e-28
 -4.80674900e-28
 -2.77762804e-28
 -1.25744575e-28
 -3.17827608e-29
 0.00000000e+00
 1.32941846e-39
 -1.32119848e-28
 -5.20132559e-28
 -1.12543297e-27
 -1.84872740e-27
 -2.51674852e-27
 -2.93158513e-27
 -2.97561298e-27
 -2.67749773e-27
 -2.17067975e-27
 -1.59957509e-27
 -1.06314032e-27
 -6.13770196e-28
 -2.77752453e-28
 -7.01974240e-29
 0.00000000e+00
 -3.01348973e-38
 -2.40618927e-28
 -9.47345154e-28
 -2.04976518e-27
 -3.36376493e-27
 -4.56428116e-27
 -5.28374540e-27
 -5.31754327e-27
 -4.74022678e-27
 -3.81016588e-27
 -2.78907457e-27
 -1.84565028e-27
 -1.06304034e-27
 -4.80611871e-28
 -1.21439342e-28
 0.00000000e+00
 4.04199032e-38
 -3.98271655e-28
 -1.56835522e-27
 -3.39345394e-27
 -5.55741037e-27
 -7.49136728e-27
 -8.56771468e-27
 -8.48289355e-27
 -7.42944216e-27
 -5.87654641e-27
 -4.24846781e-27
 -2.78856280e-27
 -1.59913411e-27
 -7.21717678e-28
 -1.82283743e-28
 0.00000000e+00
 -4.41589213e-38
 -6.28199064e-28
 -2.47484660e-27
 -5.35517303e-27
 -8.73794890e-27
 -1.16464947e-26
 -1.30573581e-26
 -1.25969958e-26
 -1.07331250e-26
 -8.28225520e-27
 -5.87472055e-27
 -3.80832072e-27
 -2.16944594e-27
 -9.76493048e-28
 -2.46472481e-28
 0.00000000e+00
 5.61770875e-38
 -9.50083931e-28
 -3.74580844e-27
 -8.10604530e-27
 -1.31480298e-26
 -1.72286295e-26
 -1.87759903e-26
 -1.74829920e-26
 -1.43603021e-26
 -1.07278286e-26
 -7.42370958e-27
 -4.73590450e-27
 -2.67488751e-27
 -1.19986944e-27
 -3.02602202e-28
 0.00000000e+00
 5.96582725e-39
 -1.34451610e-27
 -5.30670184e-27
 -1.14809427e-26
 -1.84559220e-26
 -2.36348964e-26
 -2.48578610e-26
 -2.21870605e-26
 -1.74696961e-26
 -1.25821243e-26
 -8.47128322e-27
 -5.30988758e-27
 -2.97125788e-27
 -1.32784557e-27
 -3.34574821e-28
 0.00000000e+00
 5.18197052e-40
 -1.70383177e-27
 -6.73366775e-27
 -1.45511022e-26
 -2.30992608e-26
 -2.87641876e-26
 -2.90773248e-26
 -2.48305955e-26
 -1.87431676e-26
 -1.30312742e-26
 -8.55032921e-27
 -5.27320234e-27
 -2.92582513e-27
 -1.30313901e-27
 -3.28081037e-28
 0.00000000e+00
 -3.98627598e-38
 -1.83782587e-27
 -7.27201992e-27
 -1.56662098e-26
 -2.44612692e-26
 -2.95357955e-26
 -2.87255385e-26
 -2.35793722e-26
 -1.71803970e-26
 -1.16138992e-26
 -7.47165591e-27
 -4.55296737e-27
 -2.51072838e-27
 -1.11555651e-27
 -2.80688717e-28
 0.00000000e+00
 8.12203659e-39
 -1.60443462e-27
 -6.35154537e-27
 -1.35981761e-26
 -2.08209220e-26
 -2.44272716e-26
 -2.30400256e-26
 -1.83921856e-26
 -1.30996907e-26
 -8.70812717e-27
 -5.54039117e-27
 -3.35430278e-27
 -1.84376123e-27
 -8.18182520e-28
 -2.05805165e-28
 0.00000000e+00
 6.17980725e-40
 -1.07619238e-27
 -4.25513455e-27
 -9.02627054e-27
 -1.35779277e-26
 -1.56278194e-26
 -1.45030521e-26
 -1.14333550e-26
 -8.07204304e-27
 -5.33508113e-27
 -3.38228158e-27
 -2.04363719e-27
 -1.12222996e-27
 -4.97804837e-28
 -1.25212007e-28
 0.00000000e+00
 2.07773131e-38
 -5.13121185e-28
 -2.02174172e-27
 -4.25056806e-27
 -6.33630491e-27
 -7.25084018e-27
 -6.70988733e-27
 -5.28337884e-27
 -3.72943911e-27
 -2.46526556e-27
 -1.56305686e-27
 -9.44448170e-28
 -5.18618783e-28
 -2.30049481e-28
 -5.78620898e-29
 0.00000000e+00
 -2.13861261e-38
 -1.30607164e-28
 -5.12990648e-28
 -1.07476237e-27
 -1.60028093e-27
 -1.83233491e-27
 -1.69777564e-27
 -1.33856988e-27
 -9.45911178e-28
 -6.25753477e-28
 -3.96918344e-28
 -2.39879147e-28
 -1.31733279e-28
 -5.84362184e-29
 -1.46973526e-29
 0.00000000e+00
 0.00000000e+00
 3.13197323e-38
 6.97434554e-39
 6.43479500e-38
 -1.19989785e-38
 1.67531497e-39
 -2.99367464e-39
 2.14313803e-39
 -3.92839996e-39
 -2.27057683e-40
 4.18326541e-40
 -4.14968129e-41
 1.40260204e-41
 1.13796401e-40
 0.00000000e+00
 0.00000000e+00
