 0.00000000e+00
 -1.46027680e-04
 -6.92450032e-04
 -1.60147466e-03
 -2.47506776e-03
 -3.71996360e-03
 -4.75669407e-03
 -5.76907600e-03
 -6.60001311e-03
 -7.09862616e-03
 -7.25400000e-03
 -9.52695554e-14
 -1.59620071e-04
 -6.85494691e-04
 -1.53495877e-03
 -2.43559207e-03
 -3.60955799e-03
 -4.64615699e-03
 -5.62724583e-03
 -6.42652474e-03
 -6.90671489e-03
 -7.06348014e-03
 -2.26953103e-14
 -1.61770858e-04
 -6.41710255e-04
 -1.38794530e-03
 -2.28211384e-03
 -3.31889367e-03
 -4.31116423e-03
 -5.21466854e-03
 -5.94011183e-03
 -6.39343877e-03
 -6.54599006e-03
 -2.38579110e-14
 -1.43182634e-04
 -5.59222404e-04
 -1.20348858e-03
 -2.00604940e-03
 -2.89800114e-03
 -3.77790991e-03
 -4.56811105e-03
 -5.19661735e-03
 -5.60752876e-03
 -5.75534134e-03
 1.74320860e-14
 -1.17364708e-04
 -4.57798368e-04
 -9.86606677e-04
 -1.64985587e-03
 -2.38151285e-03
 -3.10705034e-03
 -3.75471409e-03
 -4.25825996e-03
 -4.56423177e-03
 -4.66117356e-03
 -1.44942842e-15
 -8.92816605e-05
 -3.48322608e-04
 -7.51244277e-04
 -1.25732130e-03
 -1.81561147e-03
 -2.37003333e-03
 -2.86593738e-03
 -3.25804885e-03
 -3.51814759e-03
 -3.61421705e-03
 6.05170342e-15
 -6.15623419e-05
 -2.40193177e-04
 -5.18127465e-04
 -8.67578966e-04
 -1.25355983e-03
 -1.63814915e-03
 -1.98375882e-03
 -2.25266491e-03
 -2.40817848e-03
 -2.45149453e-03
 -6.78227470e-14
 -3.66905473e-05
 -1.43137204e-04
 -3.08846287e-04
 -5.17264978e-04
 -7.47910197e-04
 -9.78919633e-04
 -1.19105550e-03
 -1.37301100e-03
 -1.52004726e-03
 -1.58690598e-03
 5.45717953e-15
 -1.69895056e-05
 -6.63026952e-05
 -1.43034370e-04
 -2.39628999e-04
 -3.46584453e-04
 -4.54112977e-04
 -5.53258087e-04
 -6.32826547e-04
 -6.71704716e-04
 -6.75344787e-04
 -2.63999988e-15
 -4.32706333e-06
 -1.69866541e-05
 -3.66579943e-05
 -6.14063929e-05
 -8.88247995e-05
 -1.16413759e-04
 -1.41629081e-04
 -1.59285188e-04
 -1.55641232e-04
 -1.41468951e-04
 0.00000000e+00
 -1.71082290e-14
 -8.26512853e-15
 -1.21228136e-14
 8.14120698e-15
 1.82391178e-16
 -1.61163787e-16
 3.81765452e-17
 -1.30240025e-17
 0.00000000e+00
 0.00000000e+00
