 0.00000000e+00
 3.59771474e-02
 1.60554192e-01
 3.58599343e-01
 5.32578542e-01
 7.29384388e-01
 9.14656678e-01
 9.53763975e-01
 1.00999895e+00
 1.02441960e+00
 1.01697800e+00
 -1.96321068e-12
 3.77782347e-02
 1.53008407e-01
 3.29855981e-01
 4.99874976e-01
 6.78257537e-01
 8.35570265e-01
 8.75106719e-01
 9.62903155e-01
 1.00134986e+00
 1.01782709e+00
 4.87195698e-13
 3.66772057e-02
 1.35960060e-01
 2.73988705e-01
 4.23633196e-01
 5.70096889e-01
 6.75060102e-01
 7.60072090e-01
 8.69625818e-01
 9.60804776e-01
 1.00453831e+00
 -3.15893926e-12
 3.42416041e-02
 1.21200506e-01
 2.31222936e-01
 3.51099950e-01
 4.60324502e-01
 5.38775978e-01
 6.57721930e-01
 7.73176453e-01
 8.93695761e-01
 9.60086450e-01
 3.47953079e-12
 3.15198114e-02
 1.08418371e-01
 2.04107251e-01
 3.03365107e-01
 3.77613929e-01
 4.43505187e-01
 5.41211096e-01
 6.74158592e-01
 8.20048601e-01
 8.89318500e-01
 -7.63631925e-13
 3.43672375e-02
 1.17231072e-01
 2.07250777e-01
 2.83971326e-01
 3.35192808e-01
 3.75368028e-01
 4.53309788e-01
 5.55723050e-01
 6.59190330e-01
 7.10661124e-01
 -2.29361760e-12
 4.92700400e-02
 1.58945167e-01
 2.38119007e-01
 2.65442401e-01
 2.83360533e-01
 2.99631968e-01
 3.43045983e-01
 4.13771896e-01
 4.88375965e-01
 5.20926597e-01
 6.95126332e-13
 4.94394415e-02
 1.39899932e-01
 2.09416085e-01
 2.28959764e-01
 2.03850558e-01
 2.04267617e-01
 2.26331385e-01
 2.64149624e-01
 3.08829577e-01
 3.29771950e-01
 -7.42355318e-15
 2.90972529e-02
 8.53982407e-02
 1.32356979e-01
 1.45888729e-01
 1.15746489e-01
 1.08830416e-01
 1.17307542e-01
 1.29669864e-01
 1.44995415e-01
 1.51950378e-01
 -1.06987999e-12
 1.37294435e-02
 3.09829322e-02
 4.34255785e-02
 4.45165737e-02
 3.54993722e-02
 3.13696979e-02
 3.27004513e-02
 3.46184388e-02
 3.71483681e-02
 3.76518861e-02
 0.00000000e+00
 -4.60043813e-13
 -9.62464502e-14
 9.92593311e-13
 7.32459610e-13
 -2.93688085e-13
 4.95278537e-14
 -4.74842114e-15
 -7.81074374e-15
 0.00000000e+00
 0.00000000e+00
