 -1.39170000e-02
 -1.38580974e-02
 -1.37783138e-02
 -1.36223720e-02
 -1.29386449e-02
 -1.20886865e-02
 -1.11200201e-02
 -1.01965288e-02
 -9.16938172e-03
 -8.52381429e-03
 -8.32700000e-03
 -1.35257074e-02
 -1.35002815e-02
 -1.34177583e-02
 -1.32125988e-02
 -1.25806016e-02
 -1.17522297e-02
 -1.08141387e-02
 -9.88792621e-03
 -8.93171740e-03
 -8.29253010e-03
 -8.06572364e-03
 -1.25474392e-02
 -1.25152616e-02
 -1.23883351e-02
 -1.21069707e-02
 -1.15556958e-02
 -1.07985436e-02
 -9.93474615e-03
 -9.05553999e-03
 -8.24723445e-03
 -7.69044206e-03
 -7.48665779e-03
 -1.11410131e-02
 -1.10543149e-02
 -1.08410278e-02
 -1.05149767e-02
 -1.00221631e-02
 -9.36549914e-03
 -8.61148766e-03
 -7.85046368e-03
 -7.20567974e-03
 -6.81524146e-03
 -6.70106725e-03
 -9.11561097e-03
 -9.07042709e-03
 -8.90870868e-03
 -8.61156046e-03
 -8.18185371e-03
 -7.63538158e-03
 -7.01825619e-03
 -6.40177582e-03
 -5.86588036e-03
 -5.48069185e-03
 -5.33164342e-03
 -7.08870079e-03
 -7.02558680e-03
 -6.84933634e-03
 -6.57660346e-03
 -6.21827486e-03
 -5.78927093e-03
 -5.32144466e-03
 -4.86787978e-03
 -4.49116065e-03
 -4.24641012e-03
 -4.16355823e-03
 -5.02174770e-03
 -4.96011440e-03
 -4.79555682e-03
 -4.56598251e-03
 -4.29286295e-03
 -3.98611266e-03
 -3.66480282e-03
 -3.36566700e-03
 -3.13620157e-03
 -3.00956957e-03
 -2.97431897e-03
 -3.04331233e-03
 -3.00129394e-03
 -2.88983839e-03
 -2.73726487e-03
 -2.56309877e-03
 -2.37513548e-03
 -2.18320771e-03
 -2.00554135e-03
 -1.85978525e-03
 -1.75510985e-03
 -1.71298920e-03
 -1.42481165e-03
 -1.40334680e-03
 -1.34657888e-03
 -1.27161805e-03
 -1.18834650e-03
 -1.10008155e-03
 -1.01087405e-03
 -9.28022841e-04
 -8.59544821e-04
 -8.15000926e-04
 -8.00393920e-04
 -3.72262935e-04
 -3.62217798e-04
 -3.45556693e-04
 -3.26142372e-04
 -3.04591771e-04
 -2.81914300e-04
 -2.59005700e-04
 -2.37803688e-04
 -2.20592347e-04
 -2.13274865e-04
 -2.16210159e-04
 0.00000000e+00
 -7.48341438e-14
 5.09241475e-15
 -7.84281238e-16
 -2.46845304e-15
 1.99328501e-15
 -1.80244736e-16
 9.82193254e-17
 -4.77969357e-17
 0.00000000e+00
 0.00000000e+00
