 1.01697800e+00
 1.00970969e+00
 9.96992565e-01
 9.69531885e-01
 8.60097291e-01
 7.24774247e-01
 4.98171045e-01
 3.24779612e-01
 1.56678894e-01
 3.90017319e-02
 0.00000000e+00
 1.01782709e+00
 1.00045275e+00
 9.63900137e-01
 9.23349940e-01
 8.20748179e-01
 6.83781922e-01
 4.79151814e-01
 3.08909281e-01
 1.46826815e-01
 3.80010212e-02
 0.00000000e+00
 1.00453831e+00
 9.77131360e-01
 9.02558889e-01
 8.21236506e-01
 7.24949436e-01
 5.85801062e-01
 4.27032385e-01
 2.68826332e-01
 1.25491026e-01
 3.23842513e-02
 0.00000000e+00
 9.60086450e-01
 9.20650218e-01
 8.23246870e-01
 7.10586916e-01
 6.04422678e-01
 4.76151411e-01
 3.52181038e-01
 2.19071262e-01
 1.01264121e-01
 2.62420041e-02
 0.00000000e+00
 8.89318500e-01
 8.40623101e-01
 7.23726033e-01
 5.97978179e-01
 4.85890710e-01
 3.75831276e-01
 2.71853600e-01
 1.67869884e-01
 7.80692369e-02
 2.00978757e-02
 0.00000000e+00
 7.10661124e-01
 6.80564165e-01
 6.01598534e-01
 4.93244499e-01
 3.82062595e-01
 2.85063671e-01
 1.99578657e-01
 1.21305294e-01
 5.66142267e-02
 1.45362666e-02
 0.00000000e+00
 5.20926597e-01
 4.99931212e-01
 4.39006816e-01
 3.55817744e-01
 2.72528868e-01
 1.99318006e-01
 1.36304302e-01
 8.16017898e-02
 3.79201750e-02
 9.72589467e-03
 0.00000000e+00
 3.29771950e-01
 3.12737277e-01
 2.71669655e-01
 2.19313413e-01
 1.66920733e-01
 1.20761136e-01
 8.14482324e-02
 4.82999078e-02
 2.23562448e-02
 5.73384541e-03
 0.00000000e+00
 1.51950378e-01
 1.47619735e-01
 1.31196191e-01
 1.05869107e-01
 7.93946892e-02
 5.66647418e-02
 3.78953980e-02
 2.23631684e-02
 1.03288779e-02
 2.64189835e-03
 0.00000000e+00
 3.76518861e-02
 3.70179873e-02
 3.41123000e-02
 2.72796952e-02
 2.04478704e-02
 1.45849803e-02
 9.73150972e-03
 5.72848776e-03
 2.65001942e-03
 6.78819850e-04
 0.00000000e+00
 0.00000000e+00
 -4.19935453e-14
 3.51388832e-14
 -7.09811522e-15
 2.77690760e-15
 6.61130024e-15
 -1.16512095e-15
 3.63408756e-16
 3.89538193e-17
 0.00000000e+00
 0.00000000e+00
