 -1.05880000e-02
 -1.08385689e-02
 -1.15976009e-02
 -1.26014688e-02
 -1.32146339e-02
 -1.38579400e-02
 -1.38808691e-02
 -1.40847523e-02
 -1.40063272e-02
 -1.39265463e-02
 -1.39170000e-02
 -1.03077292e-02
 -1.05477524e-02
 -1.12542749e-02
 -1.21777969e-02
 -1.28342275e-02
 -1.34204490e-02
 -1.35237613e-02
 -1.36860192e-02
 -1.36429597e-02
 -1.35607330e-02
 -1.35257074e-02
 -9.50517222e-03
 -9.71265778e-03
 -1.02962003e-02
 -1.10639279e-02
 -1.17336474e-02
 -1.22403701e-02
 -1.24600451e-02
 -1.25898414e-02
 -1.26071414e-02
 -1.25707946e-02
 -1.25474392e-02
 -8.31991783e-03
 -8.48513116e-03
 -8.92897378e-03
 -9.52384300e-03
 -1.01039615e-02
 -1.05512248e-02
 -1.08188712e-02
 -1.09672876e-02
 -1.10455777e-02
 -1.11063137e-02
 -1.11410131e-02
 -7.00094470e-03
 -7.08854516e-03
 -7.35571475e-03
 -7.76088302e-03
 -8.19878260e-03
 -8.56890776e-03
 -8.82856282e-03
 -8.99197787e-03
 -9.08309226e-03
 -9.11493838e-03
 -9.11561097e-03
 -5.41286085e-03
 -5.47533428e-03
 -5.65130595e-03
 -5.91216948e-03
 -6.20942930e-03
 -6.48502467e-03
 -6.70422845e-03
 -6.86648517e-03
 -6.98329900e-03
 -7.05986840e-03
 -7.08870079e-03
 -3.85622627e-03
 -3.88678129e-03
 -3.97189792e-03
 -4.10783995e-03
 -4.28240190e-03
 -4.46355462e-03
 -4.62560526e-03
 -4.76509256e-03
 -4.88782284e-03
 -4.98374132e-03
 -5.02174770e-03
 -2.48016941e-03
 -2.45907147e-03
 -2.44100259e-03
 -2.47602804e-03
 -2.55877838e-03
 -2.66069818e-03
 -2.76105505e-03
 -2.85566587e-03
 -2.94472733e-03
 -3.01536724e-03
 -3.04331233e-03
 -1.17275043e-03
 -1.16393349e-03
 -1.14913338e-03
 -1.15490059e-03
 -1.18736999e-03
 -1.23281405e-03
 -1.28004379e-03
 -1.32641016e-03
 -1.37198579e-03
 -1.40984943e-03
 -1.42481165e-03
 -2.98118756e-04
 -2.97536040e-04
 -2.95227343e-04
 -2.96506661e-04
 -3.04424463e-04
 -3.15967707e-04
 -3.28090757e-04
 -3.40179942e-04
 -3.52068632e-04
 -3.63886340e-04
 -3.72262935e-04
 0.00000000e+00
 -1.42654709e-13
 1.70474886e-14
 -6.24176567e-17
 -4.78214645e-16
 3.52654027e-15
 -9.31654739e-16
 2.47691299e-16
 7.16941015e-17
 0.00000000e+00
 0.00000000e+00
