 0.00000000e+00
 1.60123962e-14
 6.50827340e-14
 -4.23715937e-14
 -1.27531974e-14
 -6.38739575e-14
 3.07612619e-14
 -5.64300994e-15
 3.19596190e-15
 7.94748408e-15
 0.00000000e+00
 5.28603280e-02
 4.49686198e-02
 3.44411968e-02
 3.19772431e-02
 3.14274744e-02
 3.24597047e-02
 4.14020893e-02
 3.61882544e-02
 3.09730815e-02
 1.90770516e-02
 0.00000000e+00
 1.74188329e-01
 1.60056124e-01
 1.32497256e-01
 1.14419524e-01
 1.06669075e-01
 1.12232367e-01
 1.39309371e-01
 1.20591925e-01
 8.98567942e-02
 3.92057133e-02
 0.00000000e+00
 3.18124738e-01
 3.01976399e-01
 2.66894640e-01
 2.28714319e-01
 2.02702672e-01
 2.02144445e-01
 2.20080046e-01
 1.95687517e-01
 1.28051615e-01
 4.11772157e-02
 0.00000000e+00
 5.19540602e-01
 4.87796706e-01
 4.16984769e-01
 3.46060870e-01
 2.99080729e-01
 2.78079498e-01
 2.55199534e-01
 2.16251945e-01
 1.36878940e-01
 4.31710422e-02
 0.00000000e+00
 7.32992203e-01
 6.84591805e-01
 5.72379442e-01
 4.55528860e-01
 3.74259783e-01
 3.30306832e-01
 2.78221913e-01
 2.03241082e-01
 1.18619907e-01
 3.71963247e-02
 0.00000000e+00
 8.87282152e-01
 8.26554864e-01
 6.89566608e-01
 5.52902071e-01
 4.51548238e-01
 3.72065586e-01
 2.95351310e-01
 2.03011604e-01
 1.09841492e-01
 3.31038746e-02
 0.00000000e+00
 9.65631419e-01
 9.13928409e-01
 7.91900414e-01
 6.60031187e-01
 5.54100558e-01
 4.46927252e-01
 3.34406924e-01
 2.22837409e-01
 1.13726437e-01
 3.14091796e-02
 0.00000000e+00
 1.01626025e+00
 9.63516823e-01
 8.62945923e-01
 7.74663655e-01
 6.68386425e-01
 5.51538812e-01
 3.99307510e-01
 2.60077968e-01
 1.28742603e-01
 3.50720824e-02
 0.00000000e+00
 1.02287791e+00
 9.86245179e-01
 9.39515460e-01
 9.04563911e-01
 7.92536865e-01
 6.67098557e-01
 4.67802943e-01
 3.03922339e-01
 1.46623596e-01
 3.77579803e-02
 0.00000000e+00
 1.01697800e+00
 1.00970969e+00
 9.96992565e-01
 9.69531885e-01
 8.60097291e-01
 7.24774247e-01
 4.98171045e-01
 3.24779612e-01
 1.56678894e-01
 3.90017319e-02
 0.00000000e+00
