 0.00000000e+00
 9.16196177e-13
 -8.58989899e-14
 9.68878682e-13
 3.42057165e-13
 -2.82232982e-13
 3.67171920e-13
 1.39758291e-14
 -1.25695594e-13
 2.64112365e-13
 0.00000000e+00
 -3.64961181e-13
 6.91930876e-04
 2.72282609e-03
 5.85409550e-03
 9.99845332e-03
 1.49686353e-02
 2.08405935e-02
 2.69611544e-02
 3.44133818e-02
 4.55520236e-02
 5.28603280e-02
 -8.82428150e-14
 2.67279631e-03
 1.05378058e-02
 2.28447812e-02
 3.89578571e-02
 5.83822984e-02
 8.17943046e-02
 1.07802846e-01
 1.34521397e-01
 1.61897368e-01
 1.74188329e-01
 -2.41676896e-13
 5.83563189e-03
 2.27617314e-02
 4.92533658e-02
 8.36030230e-02
 1.24559157e-01
 1.74517378e-01
 2.32843551e-01
 2.80372810e-01
 3.08041124e-01
 3.18124738e-01
 3.07108473e-13
 9.84780709e-03
 3.83914469e-02
 8.26968231e-02
 1.38984902e-01
 2.03413455e-01
 2.77301640e-01
 3.61191623e-01
 4.39232631e-01
 4.96470791e-01
 5.19540602e-01
 -1.99655693e-13
 1.47336100e-02
 5.71189732e-02
 1.22132414e-01
 2.02802022e-01
 2.89992580e-01
 3.81914944e-01
 4.85417094e-01
 5.97178091e-01
 6.93313000e-01
 7.32992203e-01
 -1.77610980e-14
 2.06802664e-02
 7.93813739e-02
 1.67625180e-01
 2.77594867e-01
 3.88296753e-01
 4.92451052e-01
 6.11255872e-01
 7.39453524e-01
 8.44863404e-01
 8.87282152e-01
 -1.79238178e-13
 2.83054026e-02
 1.06357324e-01
 2.19220780e-01
 3.64181105e-01
 5.00699196e-01
 6.06897582e-01
 7.21427544e-01
 8.37816959e-01
 9.32617495e-01
 9.65631419e-01
 2.46642973e-13
 3.57295334e-02
 1.34649990e-01
 2.79708406e-01
 4.50744783e-01
 6.14424124e-01
 7.34399623e-01
 8.23422899e-01
 9.09557402e-01
 9.81729630e-01
 1.01626025e+00
 1.66442826e-12
 3.76613147e-02
 1.53668086e-01
 3.35374311e-01
 5.12061332e-01
 6.99106218e-01
 8.58378878e-01
 9.11222330e-01
 9.77835109e-01
 1.01015490e+00
 1.02287791e+00
 0.00000000e+00
 3.59771474e-02
 1.60554192e-01
 3.58599343e-01
 5.32578542e-01
 7.29384388e-01
 9.14656678e-01
 9.53763975e-01
 1.00999895e+00
 1.02441960e+00
 1.01697800e+00
