 4.06791200e+00
 4.05507356e+00
 4.00306174e+00
 3.85923668e+00
 3.49883158e+00
 2.87087074e+00
 2.03819529e+00
 1.30910312e+00
 6.17258544e-01
 1.53307236e-01
 0.00000000e+00
 4.05507356e+00
 4.02111818e+00
 3.92166238e+00
 3.75003109e+00
 3.38493067e+00
 2.77256288e+00
 1.98335485e+00
 1.26079674e+00
 5.93098832e-01
 1.52183208e-01
 -3.45069806e-14
 4.00306174e+00
 3.93786292e+00
 3.74507162e+00
 3.47889218e+00
 3.09801690e+00
 2.51444248e+00
 1.82569809e+00
 1.13853521e+00
 5.34032316e-01
 1.37844105e-01
 -1.34841470e-13
 3.85923668e+00
 3.75247635e+00
 3.48187870e+00
 3.12913290e+00
 2.71663762e+00
 2.17882997e+00
 1.58746499e+00
 9.79434480e-01
 4.57650713e-01
 1.18029332e-01
 7.34240137e-14
 3.49883158e+00
 3.38480490e+00
 3.08422372e+00
 2.70255735e+00
 2.28655580e+00
 1.81276868e+00
 1.30594333e+00
 8.00953687e-01
 3.74457118e-01
 9.63186474e-02
 1.46939905e-14
 2.87087074e+00
 2.77880512e+00
 2.53880257e+00
 2.20390907e+00
 1.82180921e+00
 1.41990478e+00
 1.00849798e+00
 6.14170606e-01
 2.87143100e-01
 7.37769662e-02
 -1.37065746e-14
 2.03819529e+00
 1.99204911e+00
 1.83635244e+00
 1.59071530e+00
 1.30590009e+00
 1.00777059e+00
 7.08733592e-01
 4.29051525e-01
 2.00233056e-01
 5.14195020e-02
 4.47372665e-15
 1.30910312e+00
 1.25890998e+00
 1.13787913e+00
 9.77952238e-01
 7.98785663e-01
 6.13036330e-01
 4.28735701e-01
 2.58604120e-01
 1.20505913e-01
 3.09442826e-02
 3.86487371e-16
 6.17258544e-01
 5.98848087e-01
 5.43179150e-01
 4.64080283e-01
 3.76099189e-01
 2.87043656e-01
 2.00125657e-01
 1.20500960e-01
 5.61097752e-02
 1.43966909e-02
 -5.59601132e-16
 1.53307236e-01
 1.51004610e-01
 1.40201863e-01
 1.19475087e-01
 9.67452390e-02
 7.37968520e-02
 5.14107322e-02
 3.09300455e-02
 1.44077951e-02
 3.69479750e-03
 0.00000000e+00
 0.00000000e+00
 4.19267148e-14
 1.03819513e-13
 2.40123749e-14
 2.77219955e-14
 -4.40728676e-15
 -1.22407487e-16
 3.64690032e-16
 9.76774007e-17
 0.00000000e+00
 0.00000000e+00
