 0.00000000e+00
 7.19542948e-02
 3.21108384e-01
 7.17198686e-01
 1.06515708e+00
 1.45876878e+00
 1.82931336e+00
 1.90752795e+00
 2.01999790e+00
 2.04883920e+00
 2.03395600e+00
 7.19542948e-02
 1.52617592e-01
 3.82875481e-01
 7.30272416e-01
 1.06364541e+00
 1.41467965e+00
 1.71716559e+00
 1.79795522e+00
 1.94266644e+00
 2.00699552e+00
 2.03565418e+00
 3.21108384e-01
 3.89293489e-01
 5.69093820e-01
 8.17730777e-01
 1.08657862e+00
 1.33732472e+00
 1.50616707e+00
 1.62696291e+00
 1.79100651e+00
 1.93603808e+00
 2.00907662e+00
 7.17198686e-01
 7.56565165e-01
 8.69754042e-01
 1.02423233e+00
 1.18690175e+00
 1.30810314e+00
 1.37052884e+00
 1.49075119e+00
 1.64214360e+00
 1.82255853e+00
 1.92017290e+00
 1.06515708e+00
 1.11156217e+00
 1.21072301e+00
 1.30744503e+00
 1.37181442e+00
 1.36359438e+00
 1.33335324e+00
 1.36973555e+00
 1.49818043e+00
 1.68353637e+00
 1.77863700e+00
 1.45876878e+00
 1.50195481e+00
 1.58597834e+00
 1.63470746e+00
 1.60851809e+00
 1.49309334e+00
 1.35428246e+00
 1.28979839e+00
 1.30474764e+00
 1.37488190e+00
 1.42132225e+00
 1.82931336e+00
 1.86557258e+00
 1.93846733e+00
 1.93622835e+00
 1.80944631e+00
 1.59877318e+00
 1.35386632e+00
 1.16070029e+00
 1.05806689e+00
 1.03759686e+00
 1.04185319e+00
 1.90752795e+00
 1.97995853e+00
 2.06795647e+00
 2.05880119e+00
 1.91374919e+00
 1.61215841e+00
 1.28775235e+00
 9.98065789e-01
 7.87846375e-01
 6.85042146e-01
 6.59543900e-01
 2.01999790e+00
 2.04676496e+00
 2.08131708e+00
 2.05283468e+00
 1.89822290e+00
 1.55783849e+00
 1.18543373e+00
 8.34961527e-01
 5.42606565e-01
 3.63209432e-01
 3.03900756e-01
 2.04883920e+00
 2.05553515e+00
 2.04226196e+00
 1.97378698e+00
 1.81856341e+00
 1.46996410e+00
 1.08538174e+00
 7.07732394e-01
 3.68160268e-01
 1.50024621e-01
 7.53037722e-02
 2.03395600e+00
 2.03565418e+00
 2.00907662e+00
 1.92017290e+00
 1.77863700e+00
 1.42132225e+00
 1.04185319e+00
 6.59543900e-01
 3.03900756e-01
 7.53037722e-02
 0.00000000e+00
