 0.00000000e+00
 1.05720656e-01
 3.48376658e-01
 6.36249476e-01
 1.03908120e+00
 1.46598441e+00
 1.77456430e+00
 1.93126284e+00
 2.03252050e+00
 2.04575582e+00
 2.03395600e+00
 1.05720656e-01
 1.81886102e-01
 3.97158848e-01
 6.93913065e-01
 1.08556506e+00
 1.49845198e+00
 1.81321500e+00
 1.97057269e+00
 2.05817364e+00
 2.05515734e+00
 2.01941938e+00
 3.48376658e-01
 3.96269019e-01
 5.56028717e-01
 8.28656819e-01
 1.18491657e+00
 1.56743171e+00
 1.88908881e+00
 2.03826803e+00
 2.09004231e+00
 2.04801986e+00
 1.99398513e+00
 6.36249476e-01
 6.72235350e-01
 7.92566154e-01
 1.00058716e+00
 1.28607959e+00
 1.61234155e+00
 1.89602691e+00
 2.03469762e+00
 2.04474751e+00
 1.97816590e+00
 1.93906377e+00
 1.03908120e+00
 1.03591486e+00
 1.06167773e+00
 1.16267423e+00
 1.34943726e+00
 1.58563366e+00
 1.78025970e+00
 1.88100725e+00
 1.86583771e+00
 1.77574447e+00
 1.72019458e+00
 1.46598441e+00
 1.41704574e+00
 1.32541767e+00
 1.28651073e+00
 1.34484442e+00
 1.47320548e+00
 1.57918069e+00
 1.60097654e+00
 1.55932450e+00
 1.48737675e+00
 1.44954849e+00
 1.77456430e+00
 1.69113621e+00
 1.51599198e+00
 1.37834607e+00
 1.33110614e+00
 1.33664052e+00
 1.33600532e+00
 1.27429006e+00
 1.17120259e+00
 1.05555841e+00
 9.96342090e-01
 1.93126284e+00
 1.85190864e+00
 1.66786139e+00
 1.48994916e+00
 1.37464035e+00
 1.26734231e+00
 1.13904769e+00
 9.82800742e-01
 8.18622794e-01
 6.94596975e-01
 6.49559224e-01
 2.03252050e+00
 1.94611861e+00
 1.78062047e+00
 1.64145266e+00
 1.48209501e+00
 1.28999502e+00
 1.02984337e+00
 7.76293845e-01
 5.38865949e-01
 3.74083481e-01
 3.13357788e-01
 2.04575582e+00
 1.98510208e+00
 1.90495403e+00
 1.83842364e+00
 1.63450672e+00
 1.38755193e+00
 9.97882119e-01
 6.74478363e-01
 3.66020433e-01
 1.52976890e-01
 7.80034638e-02
 2.03395600e+00
 2.01941938e+00
 1.99398513e+00
 1.93906377e+00
 1.72019458e+00
 1.44954849e+00
 9.96342090e-01
 6.49559224e-01
 3.13357788e-01
 7.80034638e-02
 0.00000000e+00
