 0.00000000e+00
 3.72272913e-13
 -6.41326154e-14
 5.03032760e-13
 -2.08425585e-13
 2.02203668e-12
 3.00802799e-13
 -7.76054266e-15
 -1.49726217e-12
 1.37781603e-12
 0.00000000e+00
 -1.91540456e-12
 3.75680910e-03
 1.46786602e-02
 3.14657668e-02
 5.24608329e-02
 7.54849146e-02
 9.91228496e-02
 1.21750434e-01
 1.44673467e-01
 1.67660357e-01
 1.77674951e-01
 -1.09739714e-14
 1.45928727e-02
 5.70239680e-02
 1.22578831e-01
 2.04195247e-01
 2.93914690e-01
 3.86599095e-01
 4.77673969e-01
 5.64253090e-01
 6.39335424e-01
 6.69485042e-01
 -2.03274418e-12
 3.14257100e-02
 1.22390837e-01
 2.62883857e-01
 4.37110417e-01
 6.27594883e-01
 8.24556786e-01
 1.02046227e+00
 1.18687958e+00
 1.30547216e+00
 1.35344816e+00
 1.99764703e-12
 5.21259085e-02
 2.02996647e-01
 4.35266883e-01
 7.20828046e-01
 1.02721917e+00
 1.33359037e+00
 1.62746583e+00
 1.87704011e+00
 2.04446190e+00
 2.10423828e+00
 1.00045446e-12
 7.48281088e-02
 2.90879530e-01
 6.21911283e-01
 1.02442852e+00
 1.44400147e+00
 1.84537539e+00
 2.22446666e+00
 2.56972397e+00
 2.82801691e+00
 2.92475318e+00
 -1.11027365e-12
 9.82154483e-02
 3.80439079e-01
 8.09067435e-01
 1.32875573e+00
 1.85183929e+00
 2.32162491e+00
 2.75769603e+00
 3.15858590e+00
 3.47499724e+00
 3.60387766e+00
 6.21312427e-13
 1.22784688e-01
 4.71160038e-01
 9.89551506e-01
 1.62260275e+00
 2.24130345e+00
 2.74355578e+00
 3.16863176e+00
 3.52416438e+00
 3.76671401e+00
 3.83879079e+00
 2.14731027e-13
 1.47147305e-01
 5.61067201e-01
 1.16500886e+00
 1.88074857e+00
 2.58954870e+00
 3.13322061e+00
 3.49678491e+00
 3.77586043e+00
 3.96890053e+00
 4.05251840e+00
 1.59452211e-12
 1.67395730e-01
 6.35946310e-01
 1.30258068e+00
 2.05001315e+00
 2.83682961e+00
 3.46343362e+00
 3.73948950e+00
 3.96981279e+00
 4.06208354e+00
 4.09459502e+00
 0.00000000e+00
 1.77674950e-01
 6.69485042e-01
 1.35344816e+00
 2.10423828e+00
 2.92475318e+00
 3.60387766e+00
 3.83879079e+00
 4.05251840e+00
 4.09459502e+00
 4.06791200e+00
