 0.00000000e+00
 6.54246221e-03
 3.20711560e-02
 7.67087754e-02
 1.20789971e-01
 1.81118640e-01
 2.32278021e-01
 2.74111890e-01
 3.09789044e-01
 3.28224401e-01
 3.32726000e-01
 -2.63408277e-04
 7.12255372e-03
 3.19702364e-02
 7.37830256e-02
 1.19025413e-01
 1.76345016e-01
 2.26859104e-01
 2.68501366e-01
 3.02445454e-01
 3.20900123e-01
 3.26439464e-01
 -1.31762685e-03
 6.53127392e-03
 2.99674290e-02
 6.70981898e-02
 1.12010870e-01
 1.63292235e-01
 2.11074188e-01
 2.51179647e-01
 2.82214367e-01
 3.01099957e-01
 3.07483806e-01
 -3.14917328e-03
 4.14112544e-03
 2.52578081e-02
 5.80170086e-02
 9.88207196e-02
 1.43529807e-01
 1.86205733e-01
 2.22523017e-01
 2.50153973e-01
 2.67697068e-01
 2.73919213e-01
 -4.94481265e-03
 1.13499235e-03
 1.88545573e-02
 4.64429152e-02
 8.08870534e-02
 1.18262841e-01
 1.54158086e-01
 1.84826015e-01
 2.07633323e-01
 2.20912460e-01
 2.24964110e-01
 -7.54885590e-03
 -2.67897514e-03
 1.13817323e-02
 3.31291852e-02
 6.01949380e-02
 8.94959420e-02
 1.17687045e-01
 1.41894658e-01
 1.60318786e-01
 1.72304932e-01
 1.76738700e-01
 -9.71581498e-03
 -6.24724560e-03
 3.83430931e-03
 1.94819602e-02
 3.89627391e-02
 6.00457831e-02
 8.03584530e-02
 9.78000217e-02
 1.10690313e-01
 1.17724844e-01
 1.19544777e-01
 -1.17848344e-02
 -9.54529445e-03
 -3.06135059e-03
 6.98919190e-03
 1.95046672e-02
 3.30598329e-02
 4.61521330e-02
 5.75072586e-02
 6.65481595e-02
 7.34745514e-02
 7.66219070e-02
 -1.34218003e-02
 -1.21620498e-02
 -8.56046249e-03
 -3.00720564e-03
 3.95167695e-03
 1.14634100e-02
 1.87755670e-02
 2.50412481e-02
 2.95684959e-02
 3.11564358e-02
 3.09327917e-02
 -1.43408568e-02
 -1.37372849e-02
 -1.20695286e-02
 -9.46543254e-03
 -6.03534151e-03
 -2.46095873e-03
 1.18294871e-03
 4.12202217e-03
 6.40512764e-03
 6.72169246e-03
 5.93190369e-03
 -1.46080000e-02
 -1.42557959e-02
 -1.32752580e-02
 -1.17082086e-02
 -9.46305097e-03
 -7.27409164e-03
 -4.85997223e-03
 -3.09336684e-03
 -1.28850960e-03
 -2.62410907e-04
 0.00000000e+00
