 0.00000000e+00
 6.71847809e-15
 3.79431052e-15
 -1.46779559e-15
 -1.29061509e-15
 5.93438613e-16
 1.38259312e-16
 -1.42626307e-16
 6.08413969e-17
 -3.25554839e-17
 0.00000000e+00
 -1.61249215e-04
 -1.62759188e-04
 -1.55822936e-04
 -1.37289680e-04
 -1.12826982e-04
 -8.59719029e-05
 -5.93301257e-05
 -3.53755165e-05
 -1.63864078e-05
 -4.19104319e-06
 0.00000000e+00
 -6.69622195e-04
 -6.57294368e-04
 -6.12302960e-04
 -5.35966119e-04
 -4.40190138e-04
 -3.35427053e-04
 -2.31492101e-04
 -1.38028394e-04
 -6.39428710e-05
 -1.63849193e-05
 0.00000000e+00
 -1.48515603e-03
 -1.44050313e-03
 -1.32427659e-03
 -1.15582687e-03
 -9.49300125e-04
 -7.23599608e-04
 -4.99482549e-04
 -2.97868994e-04
 -1.37987339e-04
 -3.53633730e-05
 0.00000000e+00
 -2.44016389e-03
 -2.38353623e-03
 -2.20884322e-03
 -1.93222606e-03
 -1.58839372e-03
 -1.21160057e-03
 -8.36765408e-04
 -4.99142559e-04
 -2.31267108e-04
 -5.92664826e-05
 0.00000000e+00
 -3.55879120e-03
 -3.45657745e-03
 -3.18341017e-03
 -2.78437656e-03
 -2.29266978e-03
 -1.75094703e-03
 -1.21019921e-03
 -7.22272700e-04
 -3.34715303e-04
 -8.57847378e-05
 0.00000000e+00
 -4.50638690e-03
 -4.41325472e-03
 -4.11781069e-03
 -3.62733160e-03
 -2.99453782e-03
 -2.28939728e-03
 -1.58396079e-03
 -9.46093974e-04
 -4.38577382e-04
 -1.12408364e-04
 0.00000000e+00
 -5.52347648e-03
 -5.38946827e-03
 -5.00411563e-03
 -4.40060810e-03
 -3.62970130e-03
 -2.77477610e-03
 -1.92290184e-03
 -1.15022080e-03
 -5.32981458e-04
 -1.36517050e-04
 0.00000000e+00
 -6.33436209e-03
 -6.17450612e-03
 -5.71750472e-03
 -5.02621501e-03
 -4.13312971e-03
 -3.15756418e-03
 -2.19529075e-03
 -1.31699232e-03
 -6.06793806e-04
 -1.54482453e-04
 0.00000000e+00
 -6.85964913e-03
 -6.66453234e-03
 -6.15454006e-03
 -5.44237645e-03
 -4.44987097e-03
 -3.40045012e-03
 -2.37300001e-03
 -1.43191063e-03
 -6.47649704e-04
 -1.60408818e-04
 0.00000000e+00
 -7.04400000e-03
 -6.82386769e-03
 -6.29395382e-03
 -5.59433692e-03
 -4.55511717e-03
 -3.48380271e-03
 -2.43450174e-03
 -1.47533193e-03
 -6.57766890e-04
 -1.57785943e-04
 0.00000000e+00
