 -7.25400000e-03
 -7.47217908e-03
 -7.99888681e-03
 -8.68353960e-03
 -9.55055073e-03
 -1.00816015e-02
 -1.06752757e-02
 -1.13179452e-02
 -1.16128449e-02
 -1.18116959e-02
 -1.19040000e-02
 -7.06348014e-03
 -7.26007177e-03
 -7.76649746e-03
 -8.44729084e-03
 -9.25736287e-03
 -9.82236958e-03
 -1.04097217e-02
 -1.10034834e-02
 -1.13165967e-02
 -1.14938928e-02
 -1.15451294e-02
 -6.54599006e-03
 -6.70306118e-03
 -7.13664999e-03
 -7.76118363e-03
 -8.46442385e-03
 -9.06336462e-03
 -9.62743163e-03
 -1.01362009e-02
 -1.04660422e-02
 -1.06343781e-02
 -1.06755047e-02
 -5.75534133e-03
 -5.86717120e-03
 -6.20649343e-03
 -6.72702852e-03
 -7.32318139e-03
 -7.89021866e-03
 -8.40570469e-03
 -8.84782894e-03
 -9.18443310e-03
 -9.41837103e-03
 -9.51207200e-03
 -4.66117356e-03
 -4.77119458e-03
 -5.06442110e-03
 -5.48350485e-03
 -5.96649101e-03
 -6.44724275e-03
 -6.88496483e-03
 -7.25507855e-03
 -7.53891514e-03
 -7.72006622e-03
 -7.78190450e-03
 -3.61421705e-03
 -3.67275012e-03
 -3.86060875e-03
 -4.16078326e-03
 -4.52094961e-03
 -4.88929317e-03
 -5.22767897e-03
 -5.51042378e-03
 -5.71748662e-03
 -5.83602151e-03
 -5.87205544e-03
 -2.45149453e-03
 -2.51360710e-03
 -2.66368803e-03
 -2.86799635e-03
 -3.11008513e-03
 -3.36226475e-03
 -3.59654998e-03
 -3.79298557e-03
 -3.94065660e-03
 -4.03724409e-03
 -4.07365615e-03
 -1.58690598e-03
 -1.58251674e-03
 -1.61660696e-03
 -1.71533727e-03
 -1.85251975e-03
 -2.00089380e-03
 -2.14056822e-03
 -2.25846602e-03
 -2.34429431e-03
 -2.38637335e-03
 -2.39356446e-03
 -6.75344787e-04
 -7.00572809e-04
 -7.45378793e-04
 -7.95568540e-04
 -8.57993777e-04
 -9.26157832e-04
 -9.90908863e-04
 -1.04681623e-03
 -1.09520634e-03
 -1.14239835e-03
 -1.16764054e-03
 -1.41468951e-04
 -1.63046622e-04
 -1.88112316e-04
 -2.03683685e-04
 -2.19864929e-04
 -2.37291451e-04
 -2.53895124e-04
 -2.68488973e-04
 -2.82830550e-04
 -3.04279324e-04
 -3.22250317e-04
 0.00000000e+00
 4.52064249e-14
 4.75297237e-14
 -5.12353553e-14
 8.16282217e-15
 1.09432887e-15
 -3.02305842e-16
 5.72645953e-17
 -6.07788512e-17
 0.00000000e+00
 0.00000000e+00
