 1.03087500e+00
 1.03068555e+00
 1.03025748e+00
 1.02986273e+00
 1.02947722e+00
 1.02813086e+00
 1.02355847e+00
 1.01565927e+00
 1.00418235e+00
 9.93250174e-01
 9.63049824e-01
 9.46750039e-01
 9.12160236e-01
 8.73307941e-01
 8.20272709e-01
 7.87998317e-01
 7.24172860e-01
 6.72330651e-01
 6.04487910e-01
 5.41510797e-01
 4.78700733e-01
 4.11734793e-01
 3.55100475e-01
 2.90927778e-01
 2.36300878e-01
 1.79058219e-01
 1.33429098e-01
 9.66870651e-02
 6.11684788e-02
 3.27599589e-02
 1.37026782e-02
 3.26244921e-03
 0.00000000e+00
 1.03074182e+00
 1.03056806e+00
 1.03034629e+00
 1.02995253e+00
 1.02953065e+00
 1.02800609e+00
 1.02353348e+00
 1.01561604e+00
 1.00439731e+00
 9.92633452e-01
 9.63830188e-01
 9.46244617e-01
 9.12231487e-01
 8.73042137e-01
 8.21226392e-01
 7.87110137e-01
 7.24669841e-01
 6.71870457e-01
 6.04741408e-01
 5.41556511e-01
 4.78571613e-01
 4.12035389e-01
 3.54661199e-01
 2.91102774e-01
 2.35955559e-01
 1.79405853e-01
 1.33612837e-01
 9.63207618e-02
 6.11619888e-02
 3.30619306e-02
 1.40633404e-02
 3.41323162e-03
 0.00000000e+00
 1.03041895e+00
 1.03041928e+00
 1.03045865e+00
 1.03013374e+00
 1.02954754e+00
 1.02767723e+00
 1.02333307e+00
 1.01548591e+00
 1.00468685e+00
 9.91216257e-01
 9.65490590e-01
 9.45046247e-01
 9.12189816e-01
 8.72463967e-01
 8.23411245e-01
 7.84982511e-01
 7.25680576e-01
 6.70752203e-01
 6.05265400e-01
 5.41652651e-01
 4.78245337e-01
 4.12671609e-01
 3.53610079e-01
 2.91374378e-01
 2.35194043e-01
 1.80172315e-01
 1.34028239e-01
 9.55581595e-02
 6.11317305e-02
 3.37122487e-02
 1.47299021e-02
 3.64798829e-03
 0.00000000e+00
 1.03002425e+00
 1.03007478e+00
 1.03019510e+00
 1.02998154e+00
 1.02919870e+00
 1.02705863e+00
 1.02270984e+00
 1.01507892e+00
 1.00441289e+00
 9.89630482e-01
 9.66706545e-01
 9.43608480e-01
 9.11581482e-01
 8.71830367e-01
 8.25436898e-01
 7.82581307e-01
 7.26261283e-01
 6.69404553e-01
 6.05563119e-01
 5.41647244e-01
 4.77790707e-01
 4.13109787e-01
 3.52406870e-01
 2.91318826e-01
 2.34448202e-01
 1.80841348e-01
 1.34415728e-01
 9.49361156e-02
 6.10772547e-02
 3.42310830e-02
 1.51774027e-02
 3.78925217e-03
 0.00000000e+00
 1.02939523e+00
 1.02942932e+00
 1.02943865e+00
 1.02911689e+00
 1.02811343e+00
 1.02577824e+00
 1.02134549e+00
 1.01390617e+00
 1.00313428e+00
 9.87822724e-01
 9.66540268e-01
 9.41847391e-01
 9.10109287e-01
 8.70904682e-01
 8.26212636e-01
 7.80284256e-01
 7.25758562e-01
 6.67883120e-01
 6.05199990e-01
 5.41258043e-01
 4.77107275e-01
 4.12951378e-01
 3.51210529e-01
 2.90765935e-01
 2.33798400e-01
 1.81101188e-01
 1.34591353e-01
 9.45972827e-02
 6.09982386e-02
 3.44358884e-02
 1.53457479e-02
 3.84176738e-03
 0.00000000e+00
 1.02760057e+00
 1.02753242e+00
 1.02733874e+00
 1.02686993e+00
 1.02571793e+00
 1.02324991e+00
 1.01873130e+00
 1.01135957e+00
 1.00047192e+00
 9.85099910e-01
 9.64541445e-01
 9.39165138e-01
 9.07495617e-01
 8.69018013e-01
 8.25197358e-01
 7.77671292e-01
 7.23910734e-01
 6.65804744e-01
 6.03857844e-01
 5.40120525e-01
 4.75903351e-01
 4.12003368e-01
 3.49832730e-01
 2.89727896e-01
 2.33021135e-01
 1.80876264e-01
 1.34464419e-01
 9.43508275e-02
 6.08653444e-02
 3.44288975e-02
 1.53618250e-02
 3.84887966e-03
 0.00000000e+00
 1.02283238e+00
 1.02289596e+00
 1.02292240e+00
 1.02254927e+00
 1.02134934e+00
 1.01878263e+00
 1.01418299e+00
 1.00679937e+00
 9.95871845e-01
 9.80588809e-01
 9.60336501e-01
 9.34794373e-01
 9.03247476e-01
 8.65406223e-01
 8.22065218e-01
 7.73947886e-01
 7.20506865e-01
 6.62601635e-01
 6.01218762e-01
 5.37847026e-01
 4.73796176e-01
 4.10119316e-01
 3.47951141e-01
 2.88156499e-01
 2.31853068e-01
 1.80146697e-01
 1.33973558e-01
 9.39764565e-02
 6.06237182e-02
 3.43034567e-02
 1.53089884e-02
 3.83642395e-03
 0.00000000e+00
 1.01633525e+00
 1.01629496e+00
 1.01612442e+00
 1.01559752e+00
 1.01427755e+00
 1.01160090e+00
 1.00692136e+00
 9.99514308e-01
 9.88612321e-01
 9.73456532e-01
 9.53406807e-01
 9.27966991e-01
 8.96673522e-01
 8.59365856e-01
 8.16430638e-01
 7.68309987e-01
 7.15174883e-01
 6.57700352e-01
 5.96902387e-01
 5.34049476e-01
 4.70397368e-01
 4.07091316e-01
 3.45241554e-01
 2.85883619e-01
 2.30084221e-01
 1.78856464e-01
 1.33053724e-01
 9.33362854e-02
 6.02117315e-02
 3.40718041e-02
 1.52059362e-02
 3.81073893e-03
 0.00000000e+00
 1.00632249e+00
 1.00627980e+00
 1.00602320e+00
 1.00527729e+00
 1.00371140e+00
 1.00086688e+00
 9.96117206e-01
 9.88723392e-01
 9.77908721e-01
 9.62923214e-01
 9.43108812e-01
 9.17936519e-01
 8.87024890e-01
 8.50247182e-01
 8.07804070e-01
 7.60052135e-01
 7.07407801e-01
 6.50560840e-01
 5.90485533e-01
 5.28343559e-01
 4.65341578e-01
 4.02650833e-01
 3.41402739e-01
 2.82682914e-01
 2.27534918e-01
 1.76913606e-01
 1.31632345e-01
 9.23481450e-02
 5.95769446e-02
 3.37133394e-02
 1.50460836e-02
 3.77071589e-03
 0.00000000e+00
 9.91832822e-01
 9.91597182e-01
 9.90974675e-01
 9.89999629e-01
 9.88389211e-01
 9.85588412e-01
 9.80917632e-01
 9.73640725e-01
 9.62998859e-01
 9.48258148e-01
 9.28765429e-01
 9.03995965e-01
 8.73596332e-01
 8.37439753e-01
 7.95652662e-01
 7.48562714e-01
 6.96666429e-01
 6.40680169e-01
 5.81544548e-01
 5.20359080e-01
 4.58291341e-01
 3.96510797e-01
 3.36158154e-01
 2.78326001e-01
 2.24036981e-01
 1.74210270e-01
 1.29632968e-01
 9.09513178e-02
 5.86779396e-02
 3.32051990e-02
 1.48193925e-02
 3.71390862e-03
 0.00000000e+00
 9.68188696e-01
 9.68412142e-01
 9.68777024e-01
 9.68672201e-01
 9.67584633e-01
 9.65082563e-01
 9.60637345e-01
 9.53588877e-01
 9.43216567e-01
 9.28814805e-01
 9.09751677e-01
 8.85518799e-01
 8.55776740e-01
 8.20394971e-01
 7.79471248e-01
 7.33320060e-01
 6.82459049e-01
 6.27611818e-01
 5.69693263e-01
 5.09760348e-01
 4.48946448e-01
 3.88404239e-01
 3.29265466e-01
 2.72610147e-01
 2.19437761e-01
 1.70639915e-01
 1.26981325e-01
 8.90937452e-02
 5.74806558e-02
 3.25279939e-02
 1.45172183e-02
 3.63818737e-03
 0.00000000e+00
 9.44836934e-01
 9.44500859e-01
 9.43712149e-01
 9.42743886e-01
 9.41395333e-01
 9.39018781e-01
 9.34831463e-01
 9.28080517e-01
 9.18054965e-01
 9.04083249e-01
 8.85562635e-01
 8.62005288e-01
 8.33083720e-01
 7.98667004e-01
 7.58840976e-01
 7.13910211e-01
 6.64390246e-01
 6.10995735e-01
 5.54615932e-01
 4.96271713e-01
 4.37061989e-01
 3.78112130e-01
 3.20530633e-01
 2.65373142e-01
 2.13611866e-01
 1.66111319e-01
 1.23613220e-01
 8.67317081e-02
 5.59572183e-02
 3.16660328e-02
 1.41325467e-02
 3.54178313e-03
 0.00000000e+00
 9.06257993e-01
 9.06881150e-01
 9.08229509e-01
 9.09236889e-01
 9.09058948e-01
 9.07218771e-01
 9.03319699e-01
 8.96851796e-01
 8.87200855e-01
 8.73731449e-01
 8.55862285e-01
 8.33122620e-01
 8.05196073e-01
 7.71953879e-01
 7.33475398e-01
 6.90054457e-01
 6.42193529e-01
 5.90587589e-01
 5.36096172e-01
 4.79703207e-01
 4.22469349e-01
 3.65483953e-01
 3.09821553e-01
 2.56504514e-01
 2.06472497e-01
 1.60559928e-01
 1.19482681e-01
 8.38339510e-02
 5.40878279e-02
 3.06082007e-02
 1.36604484e-02
 3.42347212e-03
 0.00000000e+00
 8.79014580e-01
 8.78367922e-01
 8.76785867e-01
 8.74886631e-01
 8.72827317e-01
 8.70148294e-01
 8.66072376e-01
 8.59781792e-01
 8.50522900e-01
 8.37625458e-01
 8.20514559e-01
 7.98734945e-01
 7.71982032e-01
 7.40130621e-01
 7.03254745e-01
 6.61635332e-01
 6.15755211e-01
 5.66282116e-01
 5.14040287e-01
 4.59972287e-01
 4.05094775e-01
 3.50453185e-01
 2.97079351e-01
 2.45954663e-01
 1.97980392e-01
 1.53956396e-01
 1.14568815e-01
 8.03863314e-02
 5.18635657e-02
 2.93495163e-02
 1.30986985e-02
 3.28268962e-03
 0.00000000e+00
 8.26948055e-01
 8.27279361e-01
 8.27980088e-01
 8.28416413e-01
 8.27995004e-01
 8.26246983e-01
 8.22709300e-01
 8.16851031e-01
 8.08091180e-01
 7.95850537e-01
 7.79603300e-01
 7.58922429e-01
 7.33518575e-01
 7.03270964e-01
 6.68247860e-01
 6.28714815e-01
 5.85130201e-01
 5.38128548e-01
 4.88492959e-01
 4.37118850e-01
 3.84972399e-01
 3.33047687e-01
 2.82326169e-01
 2.33741230e-01
 1.88149793e-01
 1.46312159e-01
 1.08880477e-01
 7.63952676e-02
 4.92886616e-02
 2.78923940e-02
 1.24483884e-02
 3.11971547e-03
 0.00000000e+00
 7.78558292e-01
 7.78735153e-01
 7.79136872e-01
 7.79394199e-01
 7.78987434e-01
 7.77377646e-01
 7.74059482e-01
 7.68530358e-01
 7.60264446e-01
 7.48731231e-01
 7.33440109e-01
 7.13987803e-01
 6.90098789e-01
 6.61656082e-01
 6.28721130e-01
 5.91541820e-01
 5.50548252e-01
 5.06336807e-01
 4.59643927e-01
 4.11311948e-01
 3.62250106e-01
 3.13394240e-01
 2.65668506e-01
 2.19951822e-01
 1.77051033e-01
 1.37681936e-01
 1.02458462e-01
 7.18894400e-02
 4.63816444e-02
 2.62473313e-02
 1.17141971e-02
 2.93571750e-03
 0.00000000e+00
 7.30624530e-01
 7.30324335e-01
 7.29499711e-01
 7.28281130e-01
 7.26648848e-01
 7.24311326e-01
 7.20756239e-01
 7.15379552e-01
 7.07579380e-01
 6.96799038e-01
 6.82552137e-01
 6.64449233e-01
 6.42226357e-01
 6.15770011e-01
 5.85134302e-01
 5.50547849e-01
 5.12409576e-01
 4.71273682e-01
 4.27825102e-01
 3.82847646e-01
 3.37187710e-01
 2.91716729e-01
 2.47295437e-01
 2.04742513e-01
 1.64809510e-01
 1.28163150e-01
 9.53752481e-02
 6.69196995e-02
 4.31753247e-02
 2.44328932e-02
 1.09044164e-02
 2.73277777e-03
 0.00000000e+00
 6.69645285e-01
 6.69627660e-01
 6.69500622e-01
 6.69063698e-01
 6.68039618e-01
 6.66104104e-01
 6.62875747e-01
 6.57906015e-01
 6.50701922e-01
 6.40770658e-01
 6.27665304e-01
 6.11023437e-01
 5.90598285e-01
 5.66282540e-01
 5.38123880e-01
 5.06331043e-01
 4.71269806e-01
 4.33449094e-01
 3.93498380e-01
 3.52138374e-01
 3.10147638e-01
 2.68328005e-01
 2.27471632e-01
 1.88332065e-01
 1.51601102e-01
 1.17892463e-01
 8.77324861e-02
 6.15573511e-02
 3.97156999e-02
 2.24751108e-02
 1.00306585e-02
 2.51380302e-03
 0.00000000e+00
 6.06422490e-01
 6.06507126e-01
 6.06643173e-01
 6.06545267e-01
 6.05879299e-01
 6.04313768e-01
 6.01502205e-01
 5.97057696e-01
 5.90555987e-01
 5.81565716e-01
 5.69689150e-01
 5.54600482e-01
 5.36076775e-01
 5.14020788e-01
 4.88475513e-01
 4.59629909e-01
 4.27815426e-01
 3.93493536e-01
 3.57235310e-01
 3.19694870e-01
 2.81579088e-01
 2.43616176e-01
 2.06525706e-01
 1.70992276e-01
 1.37644432e-01
 1.07039794e-01
 7.96565793e-02
 5.58910658e-02
 3.60599731e-02
 2.04063509e-02
 9.10737318e-03
 2.28241743e-03
 0.00000000e+00
 5.44313672e-01
 5.44148005e-01
 5.43699102e-01
 5.43023512e-01
 5.42038475e-01
 5.40477461e-01
 5.37951330e-01
 5.34025714e-01
 5.28267989e-01
 5.20272390e-01
 5.09680848e-01
 4.96205391e-01
 4.79650346e-01
 4.59931196e-01
 4.37087606e-01
 4.11288985e-01
 3.82831798e-01
 3.52128713e-01
 3.19690516e-01
 2.86102456e-01
 2.51997170e-01
 2.18026559e-01
 1.84834919e-01
 1.53035317e-01
 1.23190675e-01
 9.58004077e-02
 7.12928079e-02
 5.00227658e-02
 3.22738969e-02
 1.82638239e-02
 8.15116287e-03
 2.04277920e-03
 0.00000000e+00
 4.76710166e-01
 4.76772772e-01
 4.76883789e-01
 4.76852102e-01
 4.76437706e-01
 4.75373680e-01
 4.73354285e-01
 4.70035253e-01
 4.65057594e-01
 4.58077130e-01
 4.48788867e-01
 4.36947511e-01
 4.22386544e-01
 4.05034955e-01
 3.84929350e-01
 3.62219535e-01
 3.37166663e-01
 3.10134021e-01
 2.81571301e-01
 2.51993875e-01
 2.21958988e-01
 1.92040985e-01
 1.62807619e-01
 1.34799195e-01
 1.08511864e-01
 8.43858187e-02
 6.27985598e-02
 4.40628748e-02
 2.84287128e-02
 1.60878425e-02
 7.18002306e-03
 1.79940054e-03
 0.00000000e+00
 4.10890922e-01
 4.11002075e-01
 4.11259385e-01
 4.11470068e-01
 4.11382888e-01
 4.10714798e-01
 4.09163036e-01
 4.06421488e-01
 4.02193411e-01
 3.96199956e-01
 3.88191770e-01
 3.77965456e-01
 3.65381696e-01
 3.50381376e-01
 3.32997137e-01
 3.13358847e-01
 2.91692376e-01
 2.68311844e-01
 2.43606144e-01
 2.18021075e-01
 1.92038772e-01
 1.66156270e-01
 1.40864980e-01
 1.16632613e-01
 9.38886908e-02
 7.30143052e-02
 5.43362707e-02
 3.81253654e-02
 2.45979531e-02
 1.39200206e-02
 6.21252231e-03
 1.55693277e-03
 0.00000000e+00
 3.48367140e-01
 3.48382001e-01
 3.48455685e-01
 3.48570586e-01
 3.48536015e-01
 3.48041311e-01
 3.46776968e-01
 3.44476936e-01
 3.40901706e-01
 3.35825021e-01
 3.29040097e-01
 3.20375782e-01
 3.09713935e-01
 2.97004055e-01
 2.82273393e-01
 2.65631665e-01
 2.47270033e-01
 2.27454536e-01
 2.06514681e-01
 1.84828306e-01
 1.62804142e-01
 1.40863635e-01
 1.19423522e-01
 9.88804838e-02
 7.95988365e-02
 6.19018270e-02
 4.60666627e-02
 3.23230122e-02
 2.08543801e-02
 1.18015329e-02
 5.26704057e-03
 1.31998421e-03
 0.00000000e+00
 2.87151455e-01
 2.87486079e-01
 2.88226272e-01
 2.88848568e-01
 2.88986766e-01
 2.88504587e-01
 2.87323748e-01
 2.85311819e-01
 2.82285179e-01
 2.78046226e-01
 2.72411868e-01
 2.65232148e-01
 2.56404271e-01
 2.45883579e-01
 2.33691056e-01
 2.19916662e-01
 2.04718162e-01
 1.88315522e-01
 1.70981381e-01
 1.53028483e-01
 1.34795231e-01
 1.16630606e-01
 9.88797406e-02
 8.18711830e-02
 6.59066941e-02
 5.12540233e-02
 3.81427846e-02
 2.67632096e-02
 1.72672851e-02
 9.77159399e-03
 4.36107596e-03
 1.09293808e-03
 0.00000000e+00
 2.37514354e-01
 2.37126012e-01
 2.36168852e-01
 2.35050046e-01
 2.33998116e-01
 2.32940821e-01
 2.31641360e-01
 2.29841050e-01
 2.27309422e-01
 2.23847577e-01
 2.19287629e-01
 2.13497401e-01
 2.06387619e-01
 1.97918723e-01
 1.88105676e-01
 1.77019884e-01
 1.64787818e-01
 1.51586261e-01
 1.37634531e-01
 1.23184311e-01
 1.08507991e-01
 9.38865230e-02
 7.95977842e-02
 6.59063221e-02
 5.30551244e-02
 4.12597961e-02
 3.07052333e-02
 2.15446161e-02
 1.39003247e-02
 7.86622617e-03
 3.51070894e-03
 8.79826368e-04
 0.00000000e+00
 1.85241842e-01
 1.84926097e-01
 1.84164978e-01
 1.83279161e-01
 1.82406758e-01
 1.81484332e-01
 1.80361352e-01
 1.78867920e-01
 1.76835241e-01
 1.74104931e-01
 1.70538478e-01
 1.66026013e-01
 1.60493258e-01
 1.53906553e-01
 1.46275947e-01
 1.37656151e-01
 1.28145096e-01
 1.17880044e-01
 1.07031441e-01
 9.57949605e-02
 8.43824161e-02
 7.30123056e-02
 6.19007531e-02
 5.12535264e-02
 4.12596299e-02
 3.20867717e-02
 2.38787725e-02
 1.67547815e-02
 1.08099872e-02
 6.11739905e-03
 2.73020407e-03
 6.84221911e-04
 0.00000000e+00
 1.33443941e-01
 1.33874575e-01
 1.34762907e-01
 1.35411110e-01
 1.35502215e-01
 1.35094756e-01
 1.34311613e-01
 1.33180054e-01
 1.31637911e-01
 1.29584540e-01
 1.26917907e-01
 1.23553530e-01
 1.19433512e-01
 1.14531062e-01
 1.08852664e-01
 1.02438509e-01
 9.53612137e-02
 8.77227940e-02
 7.96500266e-02
 7.12884979e-02
 6.27958275e-02
 5.43346227e-02
 4.60657341e-02
 3.81423101e-02
 3.07050262e-02
 2.38787078e-02
 1.77704017e-02
 1.24687894e-02
 8.04471893e-03
 4.55252696e-03
 2.03180051e-03
 5.09194045e-04
 0.00000000e+00
 9.56301569e-02
 9.55917596e-02
 9.55301842e-02
 9.54540872e-02
 9.52619877e-02
 9.48818038e-02
 9.42961226e-02
 9.34814197e-02
 9.23842836e-02
 9.09331854e-02
 8.90559574e-02
 8.66921365e-02
 8.37999141e-02
 8.03596528e-02
 7.63754064e-02
 7.18751128e-02
 6.69095892e-02
 6.15503510e-02
 5.58863180e-02
 5.00196275e-02
 4.40608687e-02
 3.81241382e-02
 3.23223035e-02
 2.67628306e-02
 2.15444341e-02
 1.67547078e-02
 1.24687684e-02
 8.74884642e-03
 5.64465563e-03
 3.19432611e-03
 1.42563207e-03
 3.57280414e-04
 0.00000000e+00
 6.39674725e-02
 6.37161686e-02
 6.30815452e-02
 6.23609139e-02
 6.17781223e-02
 6.13235750e-02
 6.08754101e-02
 6.03287986e-02
 5.96130489e-02
 5.86726164e-02
 5.74590448e-02
 5.59326818e-02
 5.40661010e-02
 5.18463089e-02
 4.92757300e-02
 4.63722839e-02
 4.31687062e-02
 3.97111105e-02
 3.60568549e-02
 3.22718301e-02
 2.84273859e-02
 2.45971354e-02
 2.08539021e-02
 1.72670238e-02
 1.39001940e-02
 1.08099294e-02
 8.04469767e-03
 5.64465031e-03
 3.64186471e-03
 2.06094047e-03
 9.19801899e-04
 2.30513797e-04
 0.00000000e+00
 3.75640690e-02
 3.72270962e-02
 3.64500522e-02
 3.56655472e-02
 3.51090980e-02
 3.47513781e-02
 3.44640235e-02
 3.41453505e-02
 3.37374756e-02
 3.32040244e-02
 3.25165730e-02
 3.16524427e-02
 3.05959799e-02
 2.93397420e-02
 2.78850455e-02
 2.62420024e-02
 2.44291220e-02
 2.24724933e-02
 2.04045714e-02
 1.82626426e-02
 1.60870828e-02
 1.39195505e-02
 1.18012568e-02
 9.77144135e-03
 7.86614878e-03
 6.11736325e-03
 4.55251313e-03
 3.19432129e-03
 2.06093984e-03
 1.16629203e-03
 5.20516996e-04
 1.30447172e-04
 0.00000000e+00
 1.72906180e-02
 1.70376519e-02
 1.64944842e-02
 1.60109140e-02
 1.57023260e-02
 1.55197933e-02
 1.53842537e-02
 1.52400725e-02
 1.50574903e-02
 1.48191877e-02
 1.45122585e-02
 1.41265348e-02
 1.36550060e-02
 1.30943363e-02
 1.24451028e-02
 1.17118143e-02
 1.09027282e-02
 1.00294876e-02
 9.10657585e-03
 8.15063425e-03
 7.17968200e-03
 6.21231183e-03
 5.26691590e-03
 4.36100756e-03
 3.51067327e-03
 2.73018819e-03
 2.03179335e-03
 1.42563039e-03
 9.19800745e-04
 5.20517274e-04
 2.32308645e-04
 5.82198722e-05
 0.00000000e+00
 4.42160653e-03
 4.30545323e-03
 4.13911504e-03
 4.01467079e-03
 3.93615943e-03
 3.88987937e-03
 3.85560912e-03
 3.81940535e-03
 3.77360829e-03
 3.71388116e-03
 3.63694923e-03
 3.54028207e-03
 3.42210704e-03
 3.28159788e-03
 3.11889051e-03
 2.93512108e-03
 2.73235355e-03
 2.51351015e-03
 2.28221676e-03
 2.04264725e-03
 1.79931437e-03
 1.55688054e-03
 1.31995233e-03
 1.09292149e-03
 8.79816761e-04
 6.84218594e-04
 5.09191436e-04
 3.57280976e-04
 2.30511925e-04
 1.30450523e-04
 5.82155843e-05
 1.45924525e-05
 0.00000000e+00
 0.00000000e+00
 3.30399854e-12
 1.89536341e-12
 -5.18446547e-12
 2.64645403e-13
 -4.65622974e-12
 4.48202494e-12
 1.27368479e-12
 2.01287191e-12
 2.74719873e-15
 1.08047328e-12
 -1.11220097e-12
 3.17724510e-13
 9.10704323e-13
 4.75283298e-12
 8.84535428e-12
 2.17720950e-12
 -2.00531837e-12
 -1.53928459e-12
 -1.18358757e-12
 -4.16786742e-13
 -1.99375562e-13
 -6.01087091e-14
 4.59080928e-14
 -6.67971527e-14
 -3.64907948e-14
 3.11668649e-15
 6.66046116e-16
 4.51366781e-17
 1.82464885e-15
 -2.57062357e-15
 0.00000000e+00
 0.00000000e+00
