 0.00000000e+00
 1.60835242e-11
 -1.30983247e-11
 5.01429768e-12
 1.37378529e-12
 3.04163344e-11
 -3.60930616e-12
 -6.21206713e-12
 -1.83038906e-12
 -4.37066408e-12
 -2.72990329e-12
 -5.59007146e-13
 -1.33373613e-11
 -3.52793067e-13
 1.91513317e-11
 1.66036406e-11
 -1.04352377e-10
 -1.32366138e-10
 4.39701001e-12
 1.75689347e-11
 3.66007706e-11
 -8.80528717e-12
 -3.78601611e-13
 -6.46303416e-11
 2.08932308e-11
 -1.93693921e-11
 -3.22365544e-11
 6.74460316e-13
 -1.34600802e-11
 1.06253174e-12
 -2.10014371e-11
 -2.72747674e-11
 0.00000000e+00
 -4.92815969e-12
 1.46054075e-05
 5.82744741e-05
 1.30571210e-04
 2.30731558e-04
 3.57617919e-04
 5.09672909e-04
 6.84862194e-04
 8.80642567e-04
 1.09394052e-03
 1.32117559e-03
 1.55830949e-03
 1.80094975e-03
 2.04448069e-03
 2.28424123e-03
 2.51571221e-03
 2.73472660e-03
 2.93765628e-03
 3.12158999e-03
 3.28444977e-03
 3.42507563e-03
 3.54321391e-03
 3.63946544e-03
 3.71511686e-03
 3.77198610e-03
 3.81226505e-03
 3.83872347e-03
 3.85452856e-03
 3.85981253e-03
 3.84095207e-03
 3.76532906e-03
 3.62232462e-03
 3.53057036e-03
 1.03904798e-11
 5.82716501e-05
 2.32528663e-04
 5.21009933e-04
 9.20671956e-04
 1.42697822e-03
 2.03371219e-03
 2.73275880e-03
 3.51396679e-03
 4.36507604e-03
 5.27179568e-03
 6.21801611e-03
 7.18620629e-03
 8.15795277e-03
 9.11465234e-03
 1.00382773e-02
 1.09121952e-02
 1.17219343e-02
 1.24558708e-02
 1.31057220e-02
 1.36668493e-02
 1.41382536e-02
 1.45223186e-02
 1.48242034e-02
 1.50511397e-02
 1.52119164e-02
 1.53175631e-02
 1.53813458e-02
 1.54072198e-02
 1.53555935e-02
 1.51383861e-02
 1.47625618e-02
 1.45453831e-02
 -1.48112878e-14
 1.30573579e-04
 5.21010581e-04
 1.16739715e-03
 2.06289143e-03
 3.19734407e-03
 4.55681331e-03
 6.12312688e-03
 7.87353074e-03
 9.78056249e-03
 1.18121946e-02
 1.39323383e-02
 1.61017065e-02
 1.82790481e-02
 2.04226729e-02
 2.24921946e-02
 2.44503373e-02
 2.62646829e-02
 2.79091748e-02
 2.93652670e-02
 3.06225524e-02
 3.16788180e-02
 3.25394006e-02
 3.32159272e-02
 3.37245923e-02
 3.40850251e-02
 3.43214244e-02
 3.44650654e-02
 3.45411988e-02
 3.45223722e-02
 3.43361089e-02
 3.40523214e-02
 3.39161411e-02
 -1.14165879e-12
 2.30731073e-04
 9.20674203e-04
 2.06289588e-03
 3.64531822e-03
 5.64999785e-03
 8.05230645e-03
 1.08201263e-02
 1.39132551e-02
 1.72831609e-02
 2.08732535e-02
 2.46197583e-02
 2.84532561e-02
 3.23008495e-02
 3.60888715e-02
 3.97459502e-02
 4.32062171e-02
 4.64123773e-02
 4.93183870e-02
 5.18914642e-02
 5.41132333e-02
 5.59798058e-02
 5.75007127e-02
 5.86966574e-02
 5.95964624e-02
 6.02343778e-02
 6.06509386e-02
 6.09015552e-02
 6.10697485e-02
 6.12566831e-02
 6.15071064e-02
 6.17349103e-02
 6.18216712e-02
 -1.91415406e-12
 3.57621273e-04
 1.42698876e-03
 3.19736416e-03
 5.65002209e-03
 8.75715629e-03
 1.24805917e-02
 1.67705530e-02
 2.15647293e-02
 2.67879050e-02
 3.23523709e-02
 3.81592865e-02
 4.41010577e-02
 5.00647016e-02
 5.59360356e-02
 6.16044351e-02
 6.69677960e-02
 7.19373032e-02
 7.64415725e-02
 8.04297865e-02
 8.38734772e-02
 8.67667153e-02
 8.91245283e-02
 9.09795616e-02
 9.23772323e-02
 9.33702601e-02
 9.40148610e-02
 9.43755084e-02
 9.45527184e-02
 9.47296794e-02
 9.51253645e-02
 9.57068831e-02
 9.60114535e-02
 3.31395889e-12
 5.09679947e-04
 2.03374184e-03
 4.55687718e-03
 8.05240226e-03
 1.24806868e-02
 1.77873292e-02
 2.39013931e-02
 3.07340815e-02
 3.81782056e-02
 4.61087743e-02
 5.43849297e-02
 6.28533387e-02
 7.13529817e-02
 7.97211243e-02
 8.78000912e-02
 9.54443415e-02
 1.02527259e-01
 1.08947066e-01
 1.14631303e-01
 1.19539424e-01
 1.23663168e-01
 1.27024522e-01
 1.29671289e-01
 1.31670506e-01
 1.33099846e-01
 1.34035981e-01
 1.34536383e-01
 1.34613387e-01
 1.34226564e-01
 1.33385135e-01
 1.32405366e-01
 1.31949382e-01
 3.62968720e-11
 6.84881312e-04
 2.73283290e-03
 6.12328716e-03
 1.08203876e-02
 1.67708859e-02
 2.39016854e-02
 3.21174773e-02
 4.12989558e-02
 5.13021069e-02
 6.19589961e-02
 7.30803699e-02
 8.44602055e-02
 9.58821434e-02
 1.07127504e-01
 1.17984388e-01
 1.28257174e-01
 1.37775646e-01
 1.46402943e-01
 1.54041611e-01
 1.60637164e-01
 1.66178770e-01
 1.70696880e-01
 1.74257914e-01
 1.76956538e-01
 1.78906507e-01
 1.80230911e-01
 1.81051417e-01
 1.81477264e-01
 1.81606564e-01
 1.81553804e-01
 1.81457307e-01
 1.81416227e-01
 8.09671450e-13
 8.80682134e-04
 3.51412537e-03
 7.87388080e-03
 1.39138445e-02
 2.15655505e-02
 3.07350176e-02
 4.12997086e-02
 5.31062388e-02
 6.59694589e-02
 7.96734667e-02
 9.39749454e-02
 1.08609008e-01
 1.23297458e-01
 1.37759090e-01
 1.51721377e-01
 1.64932680e-01
 1.77173975e-01
 1.88269084e-01
 1.98092478e-01
 2.06573968e-01
 2.13699811e-01
 2.19510128e-01
 2.24092811e-01
 2.27574691e-01
 2.30111951e-01
 2.31884065e-01
 2.33097489e-01
 2.33996659e-01
 2.34840577e-01
 2.35768302e-01
 2.36612199e-01
 2.36967895e-01
 -1.60968993e-11
 1.09401866e-03
 4.36538586e-03
 9.78124823e-03
 1.72843372e-02
 2.67896133e-02
 3.81803493e-02
 5.13043596e-02
 6.59711531e-02
 8.19507936e-02
 9.89751520e-02
 1.16742044e-01
 1.34922479e-01
 1.53170902e-01
 1.71137978e-01
 1.88485090e-01
 2.04899490e-01
 2.20108858e-01
 2.33893996e-01
 2.46098543e-01
 2.56634868e-01
 2.65485659e-01
 2.72701129e-01
 2.78391998e-01
 2.82718489e-01
 2.85875460e-01
 2.88073250e-01
 2.89511702e-01
 2.90344837e-01
 2.90659004e-01
 2.90536741e-01
 2.90205620e-01
 2.90030596e-01
 -1.37942974e-12
 1.32131494e-03
 5.27235195e-03
 1.18134326e-02
 2.08753975e-02
 3.23555553e-02
 4.61129608e-02
 6.19638633e-02
 7.96782721e-02
 9.89785788e-02
 1.19541062e-01
 1.41000872e-01
 1.62960762e-01
 1.85003442e-01
 2.06706984e-01
 2.27662314e-01
 2.47491488e-01
 2.65865244e-01
 2.82518312e-01
 2.97261115e-01
 3.09986870e-01
 3.20673569e-01
 3.29380835e-01
 3.36241970e-01
 3.41451257e-01
 3.45245718e-01
 3.47880527e-01
 3.49603230e-01
 3.50643971e-01
 3.51229896e-01
 3.51575780e-01
 3.51802171e-01
 3.51890892e-01
 3.59792330e-12
 1.55854502e-03
 6.21895362e-03
 1.39344272e-02
 2.46233988e-02
 3.81647649e-02
 5.43923220e-02
 7.30894072e-02
 9.39848504e-02
 1.16751347e-01
 1.41007223e-01
 1.66322295e-01
 1.92228141e-01
 2.18232637e-01
 2.43838096e-01
 2.68561863e-01
 2.91957847e-01
 3.13637195e-01
 3.33286293e-01
 3.50680487e-01
 3.65692312e-01
 3.78293619e-01
 3.88551689e-01
 3.96620111e-01
 4.02725684e-01
 4.07152314e-01
 4.10220802e-01
 4.12259184e-01
 4.13558255e-01
 4.14327517e-01
 4.14701685e-01
 4.14813958e-01
 4.14824253e-01
 1.49816320e-12
 1.80132408e-03
 7.18769980e-03
 1.61050411e-02
 2.84590891e-02
 4.41099086e-02
 6.28654714e-02
 8.44754707e-02
 1.08626650e-01
 1.34940918e-01
 1.62977380e-01
 1.92239077e-01
 2.22184826e-01
 2.52245972e-01
 2.81847305e-01
 3.10430835e-01
 3.37480641e-01
 3.62546740e-01
 3.85265850e-01
 4.05377130e-01
 4.22731468e-01
 4.37293483e-01
 4.49136243e-01
 4.58429553e-01
 4.65423818e-01
 4.70433066e-01
 4.73821661e-01
 4.75995198e-01
 4.77381066e-01
 4.78366186e-01
 4.79179775e-01
 4.79802071e-01
 4.80046054e-01
 -6.78335776e-12
 2.04505086e-03
 8.16022513e-03
 1.82841243e-02
 3.23097525e-02
 5.00782837e-02
 7.13717898e-02
 9.59062333e-02
 1.23326170e-01
 1.53202611e-01
 1.85035303e-01
 2.18260360e-01
 2.52263646e-01
 2.86399738e-01
 3.20015627e-01
 3.52477664e-01
 3.83199761e-01
 4.11670486e-01
 4.37476631e-01
 4.60321029e-01
 4.80032950e-01
 4.96570032e-01
 5.10011532e-01
 5.20543257e-01
 5.28434976e-01
 5.34011477e-01
 5.37620235e-01
 5.39604579e-01
 5.40300362e-01
 5.40070232e-01
 5.39350229e-01
 5.38633240e-01
 5.38338427e-01
 9.58520121e-12
 2.28507284e-03
 9.11797034e-03
 2.04300921e-02
 3.61019054e-02
 5.59559933e-02
 7.97489496e-02
 1.07163563e-01
 1.37802911e-01
 1.71187967e-01
 2.06760135e-01
 2.43889729e-01
 2.81890875e-01
 3.20042624e-01
 3.57615374e-01
 3.93900943e-01
 4.28244095e-01
 4.60072862e-01
 4.88924943e-01
 5.14467704e-01
 5.36509858e-01
 5.55003794e-01
 5.70038413e-01
 5.81823260e-01
 5.90665380e-01
 5.96940527e-01
 6.01060198e-01
 6.03436806e-01
 6.04456458e-01
 6.04484146e-01
 6.03921023e-01
 6.03255164e-01
 6.02963515e-01
 -5.05731372e-13
 2.51688540e-03
 1.00429552e-02
 2.25026570e-02
 3.97643535e-02
 6.16326862e-02
 8.78396645e-02
 1.18036080e-01
 1.51785014e-01
 1.88559202e-01
 2.27743813e-01
 2.68645736e-01
 3.10509925e-01
 3.52542567e-01
 3.93940099e-01
 4.33922319e-01
 4.71767143e-01
 5.06844127e-01
 5.38643701e-01
 5.66799379e-01
 5.91100890e-01
 6.11497173e-01
 6.28089421e-01
 6.41115713e-01
 6.50930282e-01
 6.57982070e-01
 6.62797661e-01
 6.65968115e-01
 6.68118125e-01
 6.69804861e-01
 6.71318855e-01
 6.72522294e-01
 6.72999932e-01
 -6.32332065e-11
 2.73632814e-03
 1.09185852e-02
 2.44646359e-02
 4.32313882e-02
 6.70065048e-02
 9.54987394e-02
 1.28328621e-01
 1.65021419e-01
 2.05004286e-01
 2.47609266e-01
 2.92083344e-01
 3.37606118e-01
 3.83314873e-01
 4.28336026e-01
 4.71821096e-01
 5.12984589e-01
 5.51140634e-01
 5.85734998e-01
 6.16369463e-01
 6.42816307e-01
 6.65021752e-01
 6.83098467e-01
 6.97308224e-01
 7.08036277e-01
 7.15757945e-01
 7.20994941e-01
 7.24257922e-01
 7.25986567e-01
 7.26538003e-01
 7.26283019e-01
 7.25735291e-01
 7.25464428e-01
 -5.11214475e-11
 2.93978627e-03
 1.17304288e-02
 2.62836910e-02
 4.64458578e-02
 7.19888476e-02
 1.02599847e-01
 1.37871332e-01
 1.77293536e-01
 2.20251413e-01
 2.66027868e-01
 3.13814504e-01
 3.62730487e-01
 4.11849304e-01
 4.60232397e-01
 5.06967773e-01
 5.51210868e-01
 5.92224211e-01
 6.29412138e-01
 6.62347176e-01
 6.90785651e-01
 7.14671271e-01
 7.34126563e-01
 7.49432945e-01
 7.61000877e-01
 7.69332405e-01
 7.74981081e-01
 7.78519530e-01
 7.80523741e-01
 7.81555910e-01
 7.82092104e-01
 7.82398834e-01
 7.82510981e-01
 -1.13717408e-12
 3.12435350e-03
 1.24668973e-02
 2.79338543e-02
 4.93618636e-02
 7.65085360e-02
 1.09041456e-01
 1.46527605e-01
 1.88425411e-01
 2.34081587e-01
 2.82734594e-01
 3.33526023e-01
 3.85520465e-01
 4.37733675e-01
 4.89168039e-01
 5.38853544e-01
 5.85891492e-01
 6.29497179e-01
 6.69037234e-01
 7.04057786e-01
 7.34300913e-01
 7.59708198e-01
 7.80411324e-01
 7.96710665e-01
 8.09043948e-01
 8.17948427e-01
 8.24020434e-01
 8.27873355e-01
 8.30090422e-01
 8.31177507e-01
 8.31549335e-01
 8.31565286e-01
 8.31527499e-01
 -1.34697954e-11
 3.28797362e-03
 1.31197758e-02
 2.93967143e-02
 5.19468486e-02
 8.05150451e-02
 1.14751403e-01
 1.54200175e-01
 1.98291492e-01
 2.46338177e-01
 2.97539483e-01
 3.50993038e-01
 4.05715505e-01
 4.60671748e-01
 5.14811640e-01
 5.67112994e-01
 6.16628086e-01
 6.62529579e-01
 7.04150534e-01
 7.41014008e-01
 7.72849855e-01
 7.99598066e-01
 8.21398799e-01
 8.38570016e-01
 8.51574723e-01
 8.60980754e-01
 8.67416692e-01
 8.71528266e-01
 8.73940849e-01
 8.75228373e-01
 8.75869136e-01
 8.76176453e-01
 8.76273125e-01
 1.18997097e-10
 3.42951552e-03
 1.36845619e-02
 3.06621740e-02
 5.41829328e-02
 8.39805409e-02
 1.19689745e-01
 1.60834851e-01
 2.06821295e-01
 2.56932573e-01
 3.10334337e-01
 3.66086831e-01
 4.23166100e-01
 4.80493643e-01
 5.36973765e-01
 5.91537827e-01
 6.43193712e-01
 6.91075868e-01
 7.34488382e-01
 7.72935245e-01
 8.06136534e-01
 8.34031139e-01
 8.56766413e-01
 8.74675262e-01
 8.88242229e-01
 8.98061109e-01
 9.04787313e-01
 9.09088538e-01
 9.11596238e-01
 9.12862263e-01
 9.13341434e-01
 9.13416760e-01
 9.13398284e-01
 -3.07803928e-10
 3.54881918e-03
 1.41606015e-02
 3.17287522e-02
 5.60674212e-02
 8.69006196e-02
 1.23849689e-01
 1.66421590e-01
 2.14000572e-01
 2.65845446e-01
 3.21094088e-01
 3.78776292e-01
 4.37835369e-01
 4.97157719e-01
 5.55609412e-01
 6.12080359e-01
 6.65537079e-01
 7.15079424e-01
 7.59987899e-01
 7.99752659e-01
 8.34087073e-01
 8.62929332e-01
 8.86432146e-01
 9.04939899e-01
 9.18954354e-01
 9.29091788e-01
 9.36034177e-01
 9.40478235e-01
 9.43091959e-01
 9.44487093e-01
 9.45183028e-01
 9.45524774e-01
 9.45635887e-01
 -1.93270585e-11
 3.64666987e-03
 1.45510412e-02
 3.26034619e-02
 5.76125486e-02
 8.92937753e-02
 1.27256593e-01
 1.70992807e-01
 2.19868811e-01
 2.73123479e-01
 3.29872841e-01
 3.89123134e-01
 4.49793226e-01
 5.10743790e-01
 5.70810851e-01
 6.28846656e-01
 6.83775522e-01
 7.34664432e-01
 7.80777858e-01
 8.21599533e-01
 8.56839920e-01
 8.86436692e-01
 9.10545617e-01
 9.29518766e-01
 9.43869363e-01
 9.54229783e-01
 9.61306223e-01
 9.65827431e-01
 9.68480195e-01
 9.69835638e-01
 9.70327941e-01
 9.70347894e-01
 9.70290762e-01
 2.63936245e-11
 3.72477421e-03
 1.48626571e-02
 3.33014051e-02
 5.88446358e-02
 9.11997896e-02
 1.29965125e-01
 1.74618916e-01
 2.24513052e-01
 2.78871759e-01
 3.36795214e-01
 3.97271742e-01
 4.59204058e-01
 5.21438460e-01
 5.82791242e-01
 6.42080268e-01
 6.98177911e-01
 7.50115837e-01
 7.97156674e-01
 8.38788106e-01
 8.74721849e-01
 9.04894560e-01
 9.29461744e-01
 9.48781201e-01
 9.63371992e-01
 9.73869580e-01
 9.80985372e-01
 9.85467898e-01
 9.88078423e-01
 9.89569232e-01
 9.90567418e-01
 9.91319239e-01
 9.91630896e-01
 2.21704839e-11
 3.78570396e-03
 1.51057272e-02
 3.38453878e-02
 5.98030500e-02
 9.26772615e-02
 1.32054617e-01
 1.77401182e-01
 2.28058110e-01
 2.83242069e-01
 3.42044184e-01
 4.03435197e-01
 4.66309559e-01
 5.29514747e-01
 5.91859907e-01
 6.52138421e-01
 7.09139896e-01
 7.61848371e-01
 8.09560001e-01
 8.51775801e-01
 8.88212705e-01
 9.18805509e-01
 9.43700391e-01
 9.63266255e-01
 9.78029470e-01
 9.88617304e-01
 9.95729187e-01
 1.00007691e+00
 1.00229582e+00
 1.00288474e+00
 1.00230630e+00
 1.00127865e+00
 1.00076932e+00
 -3.86870396e-10
 3.83302636e-03
 1.52943601e-02
 3.42663346e-02
 6.05396498e-02
 9.38001767e-02
 1.33621914e-01
 1.79462214e-01
 2.30654009e-01
 2.86416932e-01
 3.45847433e-01
 4.07879213e-01
 4.71407880e-01
 5.35310510e-01
 5.98389762e-01
 6.59462890e-01
 7.17155069e-01
 7.70364628e-01
 8.18522682e-01
 8.61124862e-01
 8.97901960e-01
 9.28792548e-01
 9.53898056e-01
 9.73625057e-01
 9.88524091e-01
 9.99195400e-01
 1.00634185e+00
 1.01074412e+00
 1.01320021e+00
 1.01451510e+00
 1.01538795e+00
 1.01609955e+00
 1.01641166e+00
 1.56238364e-11
 3.87173359e-03
 1.54483559e-02
 3.46063803e-02
 6.11201999e-02
 9.46521272e-02
 1.34768526e-01
 1.80935668e-01
 2.32464256e-01
 2.88587612e-01
 3.48465208e-01
 4.10905563e-01
 4.74827238e-01
 5.39214297e-01
 6.02776801e-01
 6.64547423e-01
 7.22786235e-01
 7.76200290e-01
 8.24643382e-01
 8.67459420e-01
 9.04438219e-01
 9.35560812e-01
 9.60757610e-01
 9.80561266e-01
 9.95595470e-01
 1.00635791e+00
 1.01351778e+00
 1.01793175e+00
 1.02038487e+00
 1.02154006e+00
 1.02194538e+00
 1.02200297e+00
 1.02198567e+00
 -5.86865666e-11
 3.90950386e-03
 1.55977099e-02
 3.49267253e-02
 6.16295081e-02
 9.53156801e-02
 1.35574987e-01
 1.81958570e-01
 2.33663918e-01
 2.89922229e-01
 3.50182788e-01
 4.12836400e-01
 4.76888550e-01
 5.41667807e-01
 6.05394641e-01
 6.67902401e-01
 7.26637324e-01
 7.79858162e-01
 8.28560991e-01
 8.71422194e-01
 9.08472733e-01
 9.39865409e-01
 9.64997740e-01
 9.84776092e-01
 1.00000273e+00
 1.01089988e+00
 1.01797548e+00
 1.02233761e+00
 1.02475798e+00
 1.02563301e+00
 1.02541142e+00
 1.02475400e+00
 1.02441587e+00
 8.38158526e-11
 3.95725889e-03
 1.57857280e-02
 3.53122349e-02
 6.21742458e-02
 9.58590963e-02
 1.36060966e-01
 1.82668228e-01
 2.34453394e-01
 2.90529760e-01
 3.51303330e-01
 4.13998061e-01
 4.77862556e-01
 5.43173124e-01
 6.06563614e-01
 6.70015929e-01
 7.29311184e-01
 7.81756351e-01
 8.30936242e-01
 8.73631988e-01
 9.10608303e-01
 9.42474482e-01
 9.67301435e-01
 9.86933055e-01
 1.00247210e+00
 1.01365373e+00
 1.02040253e+00
 1.02466487e+00
 1.02746025e+00
 1.02885914e+00
 1.02932378e+00
 1.02940431e+00
 1.02940394e+00
 -9.70944113e-11
 4.02603185e-03
 1.60561571e-02
 3.58402168e-02
 6.28489694e-02
 9.63345417e-02
 1.36168901e-01
 1.83195165e-01
 2.35057683e-01
 2.90467614e-01
 3.52115804e-01
 4.14692595e-01
 4.77967569e-01
 5.44240289e-01
 6.06581760e-01
 6.71310020e-01
 7.31318337e-01
 7.82254914e-01
 8.32395163e-01
 8.74648375e-01
 9.11383890e-01
 9.44092257e-01
 9.68271812e-01
 9.87669428e-01
 1.00361847e+00
 1.01543475e+00
 1.02137161e+00
 1.02533076e+00
 1.02885647e+00
 1.03089137e+00
 1.03175820e+00
 1.03226062e+00
 1.03248834e+00
 6.75791368e-11
 4.11717617e-03
 1.64146740e-02
 3.64919547e-02
 6.36269992e-02
 9.67822826e-02
 1.35862780e-01
 1.83631129e-01
 2.35639753e-01
 2.89869127e-01
 3.52805053e-01
 4.15142424e-01
 4.77468687e-01
 5.45205212e-01
 6.05846717e-01
 6.72094329e-01
 7.32929788e-01
 7.81799041e-01
 8.33392013e-01
 8.74954533e-01
 9.11316622e-01
 9.45213977e-01
 9.68425730e-01
 9.87622936e-01
 1.00391137e+00
 1.01685275e+00
 1.02140488e+00
 1.02480463e+00
 1.02947013e+00
 1.03219845e+00
 1.03274916e+00
 1.03266239e+00
 1.03268599e+00
 6.21998366e-10
 4.21901168e-03
 1.67693948e-02
 3.70806916e-02
 6.42824306e-02
 9.71730645e-02
 1.35346234e-01
 1.83970696e-01
 2.36154671e-01
 2.89121275e-01
 3.53349581e-01
 4.15434812e-01
 4.76805531e-01
 5.46025539e-01
 6.04957489e-01
 6.72536244e-01
 7.34083641e-01
 7.81042234e-01
 8.34071700e-01
 8.74949011e-01
 9.10946437e-01
 9.45988129e-01
 9.68235721e-01
 9.87361985e-01
 1.00377663e+00
 1.01800354e+00
 1.02105532e+00
 1.02384248e+00
 1.02972740e+00
 1.03321339e+00
 1.03329720e+00
 1.03203783e+00
 1.03152487e+00
 0.00000000e+00
 4.28240589e-03
 1.69241686e-02
 3.73251928e-02
 6.45381533e-02
 9.73429886e-02
 1.35083457e-01
 1.84107653e-01
 2.36372271e-01
 2.88778925e-01
 3.53567606e-01
 4.15542868e-01
 4.76501671e-01
 5.46365910e-01
 6.04562950e-01
 6.72683203e-01
 7.34517030e-01
 7.80684774e-01
 8.34328121e-01
 8.74912517e-01
 9.10755086e-01
 9.46282254e-01
 9.68112904e-01
 9.87239895e-01
 1.00365855e+00
 1.01848200e+00
 1.02085854e+00
 1.02337269e+00
 1.02980804e+00
 1.03366856e+00
 1.03363410e+00
 1.03183797e+00
 1.03087500e+00
