 -1.06360000e-02
 -1.03811177e-02
 -9.63003005e-03
 -8.43859860e-03
 -6.92569024e-03
 -5.43066379e-03
 -3.90902957e-03
 -2.43168195e-03
 -1.14952161e-03
 -2.94140439e-04
 0.00000000e+00
 -1.09188192e-02
 -1.06314345e-02
 -9.82427893e-03
 -8.58310068e-03
 -7.04528262e-03
 -5.49184013e-03
 -3.92853357e-03
 -2.42679151e-03
 -1.14443059e-03
 -2.93617895e-04
 0.00000000e+00
 -1.16665469e-02
 -1.13209663e-02
 -1.03754500e-02
 -8.99923990e-03
 -7.36590775e-03
 -5.67248280e-03
 -3.99867636e-03
 -2.43474464e-03
 -1.14077073e-03
 -2.93043729e-04
 0.00000000e+00
 -1.26029260e-02
 -1.22087606e-02
 -1.11317863e-02
 -9.59372389e-03
 -7.80757071e-03
 -5.94749247e-03
 -4.13391524e-03
 -2.48583443e-03
 -1.15719302e-03
 -2.96941818e-04
 0.00000000e+00
 -1.33953369e-02
 -1.29883333e-02
 -1.18517576e-02
 -1.01996658e-02
 -8.27231878e-03
 -6.26255601e-03
 -4.31764792e-03
 -2.57818262e-03
 -1.19573028e-03
 -3.06525947e-04
 0.00000000e+00
 -1.39695310e-02
 -1.35521164e-02
 -1.23849727e-02
 -1.06772716e-02
 -8.66663900e-03
 -6.55550873e-03
 -4.50981196e-03
 -2.68714037e-03
 -1.24481188e-03
 -3.19019229e-04
 0.00000000e+00
 -1.42257674e-02
 -1.38163373e-02
 -1.26685950e-02
 -1.09717187e-02
 -8.94529263e-03
 -6.78959972e-03
 -4.68046032e-03
 -2.79220816e-03
 -1.29443517e-03
 -3.31795982e-04
 0.00000000e+00
 -1.42112030e-02
 -1.38371943e-02
 -1.27566618e-02
 -1.11153455e-02
 -9.12101547e-03
 -6.96644380e-03
 -4.82255488e-03
 -2.88787889e-03
 -1.34399084e-03
 -3.45054974e-04
 0.00000000e+00
 -1.42097940e-02
 -1.38327264e-02
 -1.27685250e-02
 -1.11741145e-02
 -9.22778232e-03
 -7.10600432e-03
 -4.93428237e-03
 -2.97237356e-03
 -1.40347232e-03
 -3.63025815e-04
 0.00000000e+00
 -1.41699987e-02
 -1.37901620e-02
 -1.27405764e-02
 -1.11944408e-02
 -9.28379114e-03
 -7.21456755e-03
 -5.00347074e-03
 -3.03070020e-03
 -1.47910132e-03
 -3.94282819e-04
 0.00000000e+00
 -1.41400000e-02
 -1.37599613e-02
 -1.27202415e-02
 -1.12007485e-02
 -9.29918983e-03
 -7.26058275e-03
 -5.02501004e-03
 -3.04948139e-03
 -1.52146340e-03
 -4.20219660e-04
 0.00000000e+00
