 4.53794000e-01
 4.45002439e-01
 4.17614706e-01
 3.69654605e-01
 3.00646518e-01
 2.25731709e-01
 1.48812432e-01
 7.50988076e-02
 1.53151726e-02
 -2.20915283e-02
 -3.44560000e-02
 4.64130621e-01
 4.54816863e-01
 4.26530730e-01
 3.77638737e-01
 3.08669593e-01
 2.32006992e-01
 1.53143620e-01
 7.81880629e-02
 1.75963601e-02
 -2.06006755e-02
 -3.35004740e-02
 4.92625169e-01
 4.82421098e-01
 4.51880076e-01
 4.00628874e-01
 3.30387181e-01
 2.49423194e-01
 1.65533671e-01
 8.69209940e-02
 2.35841584e-02
 -1.69321758e-02
 -3.08368514e-02
 5.32321167e-01
 5.21460078e-01
 4.88811000e-01
 4.34485161e-01
 3.60760084e-01
 2.74199120e-01
 1.83806200e-01
 9.96506806e-02
 3.18571849e-02
 -1.18232319e-02
 -2.68791933e-02
 5.75958771e-01
 5.64677360e-01
 5.30203051e-01
 4.72422346e-01
 3.94036911e-01
 3.01488060e-01
 2.04418777e-01
 1.14070428e-01
 4.12307039e-02
 -5.76896269e-03
 -2.19683232e-02
 6.19379657e-01
 6.06729486e-01
 5.69101781e-01
 5.07447720e-01
 4.24533365e-01
 3.26663239e-01
 2.23796178e-01
 1.27912477e-01
 5.05102473e-02
 4.85808422e-04
 -1.67837557e-02
 6.49871463e-01
 6.36793348e-01
 5.97819425e-01
 5.33899508e-01
 4.47966828e-01
 3.46430759e-01
 2.39438806e-01
 1.39528847e-01
 5.87952193e-02
 6.62754499e-03
 -1.13589032e-02
 6.66145507e-01
 6.53398142e-01
 6.14557982e-01
 5.49954382e-01
 4.62836379e-01
 3.59683004e-01
 2.50363392e-01
 1.48147139e-01
 6.54425317e-02
 1.17757234e-02
 -6.76016555e-03
 6.75748421e-01
 6.62270636e-01
 6.22256058e-01
 5.57363651e-01
 4.70307773e-01
 3.67459284e-01
 2.56837401e-01
 1.53737297e-01
 7.07808421e-02
 1.58562404e-02
 -3.32896688e-03
 6.79057822e-01
 6.64652251e-01
 6.23620230e-01
 5.59618913e-01
 4.72856345e-01
 3.71690011e-01
 2.59803963e-01
 1.56402164e-01
 7.55096396e-02
 1.94614822e-02
 -9.12635963e-04
 6.79359000e-01
 6.64406157e-01
 6.23120386e-01
 5.60035124e-01
 4.73216791e-01
 3.73174652e-01
 2.60558940e-01
 1.56952675e-01
 7.78219632e-02
 2.14580514e-02
 2.16840434e-19
