 0.00000000e+00
 1.43820959e-02
 5.26354938e-02
 1.07215032e-01
 1.80049973e-01
 2.59043345e-01
 3.32859129e-01
 3.95023743e-01
 4.32382707e-01
 4.59660540e-01
 4.71007000e-01
 -5.75217910e-04
 1.29648504e-02
 5.04300157e-02
 1.05214429e-01
 1.76409951e-01
 2.53673187e-01
 3.26167239e-01
 3.86461852e-01
 4.25513908e-01
 4.52398358e-01
 4.62616843e-01
 -2.10546736e-03
 1.01184109e-02
 4.51554097e-02
 9.84221314e-02
 1.65342286e-01
 2.37728082e-01
 3.05981629e-01
 3.62371431e-01
 4.02335010e-01
 4.27434593e-01
 4.36132886e-01
 -4.28935951e-03
 6.54300619e-03
 3.79311114e-02
 8.64426485e-02
 1.46738913e-01
 2.11612185e-01
 2.72961989e-01
 3.24124065e-01
 3.61409744e-01
 3.83567411e-01
 3.90711094e-01
 -7.26701374e-03
 1.94582347e-03
 2.86644848e-02
 7.00535233e-02
 1.21395285e-01
 1.76509341e-01
 2.28788732e-01
 2.72866937e-01
 3.05738084e-01
 3.26201721e-01
 3.33263441e-01
 -1.06846656e-02
 -3.36811028e-03
 1.78380325e-02
 5.06716426e-02
 9.13734874e-02
 1.35060755e-01
 1.76596628e-01
 2.11721273e-01
 2.37756192e-01
 2.53545110e-01
 2.58822917e-01
 -1.41003189e-02
 -8.79649230e-03
 6.57453881e-03
 3.03502395e-02
 5.98100219e-02
 9.14616649e-02
 1.21633304e-01
 1.47203101e-01
 1.65961653e-01
 1.76732680e-01
 1.80013774e-01
 -1.71224428e-02
 -1.36831960e-02
 -3.78374415e-03
 1.14794318e-02
 3.03988542e-02
 5.07943268e-02
 7.03317397e-02
 8.71305733e-02
 1.00188515e-01
 1.09110727e-01
 1.12565020e-01
 -1.91439918e-02
 -1.73521265e-02
 -1.20412421e-02
 -3.70884817e-03
 6.64471983e-03
 1.79504196e-02
 2.88349680e-02
 3.82468219e-02
 4.56152166e-02
 5.01144053e-02
 5.14753697e-02
 -2.06942578e-02
 -1.98939364e-02
 -1.74219530e-02
 -1.34925353e-02
 -8.74032864e-03
 -3.26144595e-03
 2.01458265e-03
 6.49028563e-03
 1.01526016e-02
 1.22252717e-02
 1.27278948e-02
 -2.13360000e-02
 -2.08343242e-02
 -1.92957387e-02
 -1.68516966e-02
 -1.40662170e-02
 -1.05736127e-02
 -7.22799548e-03
 -4.48968539e-03
 -2.01866715e-03
 -4.88026394e-04
 0.00000000e+00
