 0.00000000e+00
 -2.31873119e-04
 -9.03330188e-04
 -1.95765531e-03
 -3.34547607e-03
 -5.11656528e-03
 -7.34847063e-03
 -9.46204436e-03
 -1.17902875e-02
 -1.41476527e-02
 -1.62080920e-02
 -1.81569241e-02
 -1.95268633e-02
 -2.04846334e-02
 -2.11476603e-02
 -2.13950000e-02
 1.05096130e-02
 1.00760929e-02
 9.00714409e-03
 7.51419742e-03
 5.59689493e-03
 3.14881676e-03
 1.18250754e-04
 -3.00297661e-03
 -6.40354226e-03
 -9.85918419e-03
 -1.30200002e-02
 -1.59230631e-02
 -1.81459372e-02
 -1.97630902e-02
 -2.08234067e-02
 -2.11972905e-02
 4.08633747e-02
 4.00757279e-02
 3.81308965e-02
 3.54683809e-02
 3.20251984e-02
 2.75945028e-02
 2.21632832e-02
 1.60962167e-02
 9.51973109e-03
 2.80215592e-03
 -3.58598155e-03
 -9.35116938e-03
 -1.40709532e-02
 -1.75960890e-02
 -1.98120517e-02
 -2.05714254e-02
 8.81917121e-02
 8.72575909e-02
 8.46131971e-02
 8.04693679e-02
 7.47042047e-02
 6.71043942e-02
 5.77285094e-02
 4.69529714e-02
 3.52378457e-02
 2.32257145e-02
 1.16579039e-02
 1.21175397e-03
 -7.49840378e-03
 -1.40406193e-02
 -1.81003268e-02
 -1.94746469e-02
 1.49600259e-01
 1.48716130e-01
 1.45795895e-01
 1.40212009e-01
 1.31525444e-01
 1.19705438e-01
 1.05017703e-01
 8.80009155e-02
 6.94439816e-02
 5.03695887e-02
 3.19257934e-02
 1.52275872e-02
 1.24681626e-03
 -9.26378920e-03
 -1.57795394e-02
 -1.79874271e-02
 2.25817514e-01
 2.24690187e-01
 2.20541875e-01
 2.12290917e-01
 1.99598565e-01
 1.82542123e-01
 1.61435348e-01
 1.36962919e-01
 1.10239148e-01
 8.27323709e-02
 5.60919170e-02
 3.19382366e-02
 1.16909749e-02
 -3.53104553e-03
 -1.29486717e-02
 -1.61306468e-02
 3.16951185e-01
 3.13888829e-01
 3.05468574e-01
 2.92535491e-01
 2.74835464e-01
 2.51853386e-01
 2.23624708e-01
 1.90922380e-01
 1.55195024e-01
 1.18396641e-01
 8.27331541e-02
 5.03799055e-02
 2.32419655e-02
 2.80975991e-03
 -9.87315870e-03
 -1.41741913e-02
 3.99266242e-01
 3.96713558e-01
 3.88498502e-01
 3.73751227e-01
 3.52030402e-01
 3.23239610e-01
 2.87726500e-01
 2.46547692e-01
 2.01542731e-01
 1.55175510e-01
 1.10228279e-01
 6.94517907e-02
 3.52649961e-02
 9.56639859e-03
 -6.33667088e-03
 -1.17133405e-02
 4.83625408e-01
 4.80377904e-01
 4.70329142e-01
 4.52734897e-01
 4.26864706e-01
 3.92433404e-01
 3.49866037e-01
 3.00471399e-01
 2.46479505e-01
 1.90852581e-01
 1.36926092e-01
 8.80014891e-02
 4.69849595e-02
 1.61518460e-02
 -2.93569468e-03
 -9.39271892e-03
 5.62469027e-01
 5.58402174e-01
 5.46194819e-01
 5.25462095e-01
 4.95443373e-01
 4.55702005e-01
 4.06638047e-01
 3.49719267e-01
 2.87523927e-01
 2.23467152e-01
 1.61366307e-01
 1.05014019e-01
 5.77585747e-02
 2.22191529e-02
 2.03090706e-04
 -7.24852719e-03
 6.27724880e-01
 6.23712055e-01
 6.10887191e-01
 5.88033703e-01
 5.54509966e-01
 5.10167138e-01
 4.55501271e-01
 3.92067024e-01
 3.22813444e-01
 2.51563874e-01
 1.82470061e-01
 1.19743475e-01
 6.71423169e-02
 2.75928556e-02
 3.10300073e-03
 -5.18286038e-03
 6.85623824e-01
 6.80256816e-01
 6.64627091e-01
 6.38874575e-01
 6.02195144e-01
 5.54148404e-01
 4.95066716e-01
 4.26226205e-01
 3.51248489e-01
 2.74340181e-01
 1.99634669e-01
 1.31738469e-01
 7.48201255e-02
 3.20451474e-02
 5.56211090e-03
 -3.39794775e-03
 7.23598017e-01
 7.18659505e-01
 7.03380584e-01
 6.76688917e-01
 6.37807753e-01
 5.87109564e-01
 5.25174554e-01
 4.51773768e-01
 3.72458392e-01
 2.91657477e-01
 2.12703009e-01
 1.40823024e-01
 8.06455034e-02
 3.54733333e-02
 7.50954889e-03
 -1.95030214e-03
 7.49369662e-01
 7.45071566e-01
 7.30292986e-01
 7.02636730e-01
 6.61915991e-01
 6.09291667e-01
 5.46591368e-01
 4.68886846e-01
 3.86695722e-01
 3.03839434e-01
 2.21793699e-01
 1.47032128e-01
 8.46215014e-02
 3.78742201e-02
 8.91196878e-03
 -8.80786712e-04
 7.67675314e-01
 7.63119162e-01
 7.47202380e-01
 7.17687016e-01
 6.75735620e-01
 6.21493289e-01
 5.59961290e-01
 4.78253420e-01
 3.94700568e-01
 3.11194898e-01
 2.27112770e-01
 1.50563678e-01
 8.68766354e-02
 3.93066946e-02
 9.77458842e-03
 -2.22484977e-04
 7.74657000e-01
 7.69633197e-01
 7.53034942e-01
 7.22512813e-01
 6.80261975e-01
 6.25228693e-01
 5.64665319e-01
 4.81118283e-01
 3.97264663e-01
 3.13683322e-01
 2.28856835e-01
 1.51693614e-01
 8.75975475e-02
 3.97874109e-02
 1.00910388e-02
 4.23516474e-22
