 0.00000000e+00
 4.28240602e-03
 1.69241686e-02
 3.73251928e-02
 6.45381529e-02
 9.73429884e-02
 1.35083457e-01
 1.84107654e-01
 2.36372271e-01
 2.88778925e-01
 3.53567606e-01
 4.15542868e-01
 4.76501670e-01
 5.46365911e-01
 6.04562950e-01
 6.72683203e-01
 7.34517030e-01
 7.80684773e-01
 8.34328121e-01
 8.74912516e-01
 9.10755086e-01
 9.46282254e-01
 9.68112905e-01
 9.87239895e-01
 1.00365855e+00
 1.01848200e+00
 1.02085854e+00
 1.02337269e+00
 1.02980804e+00
 1.03366856e+00
 1.03363410e+00
 1.03183797e+00
 1.03087500e+00
 -1.11355546e-11
 4.21900013e-03
 1.67693817e-02
 3.70806555e-02
 6.42823706e-02
 9.71729686e-02
 1.35346098e-01
 1.83970510e-01
 2.36154428e-01
 2.89120963e-01
 3.53349191e-01
 4.15434328e-01
 4.76804940e-01
 5.46024821e-01
 6.04956623e-01
 6.72535207e-01
 7.34082415e-01
 7.81040807e-01
 8.34070093e-01
 8.74947292e-01
 9.10944784e-01
 9.45986871e-01
 9.68235442e-01
 9.87363534e-01
 1.00378111e+00
 1.01801195e+00
 1.02106769e+00
 1.02385442e+00
 1.02971980e+00
 1.03312978e+00
 1.03302729e+00
 1.03146130e+00
 1.03074182e+00
 1.99806672e-10
 4.11715932e-03
 1.64146135e-02
 3.64918166e-02
 6.36267567e-02
 9.67819036e-02
 1.35862236e-01
 1.83630388e-01
 2.35638781e-01
 2.89867885e-01
 3.52803496e-01
 4.15140497e-01
 4.77466329e-01
 5.45202347e-01
 6.05843262e-01
 6.72090192e-01
 7.32924893e-01
 7.81793349e-01
 8.33385597e-01
 8.74947676e-01
 9.11310010e-01
 9.45208944e-01
 9.68424572e-01
 9.87629082e-01
 1.00392918e+00
 1.01688632e+00
 1.02145455e+00
 1.02485502e+00
 1.02945227e+00
 1.03191418e+00
 1.03183846e+00
 1.03086380e+00
 1.03041895e+00
 -3.48023591e-11
 4.02599899e-03
 1.60560197e-02
 3.58399102e-02
 6.28484249e-02
 9.63336947e-02
 1.36167683e-01
 1.83193506e-01
 2.35055505e-01
 2.90464833e-01
 3.52112316e-01
 4.14688283e-01
 4.77962288e-01
 5.44233874e-01
 6.06574019e-01
 6.71300755e-01
 7.31307368e-01
 7.82242158e-01
 8.32380767e-01
 8.74632970e-01
 9.11368979e-01
 9.44080804e-01
 9.68268895e-01
 9.87682708e-01
 1.00365772e+00
 1.01550952e+00
 1.02148468e+00
 1.02545928e+00
 1.02889721e+00
 1.03056824e+00
 1.03065448e+00
 1.03022436e+00
 1.03002425e+00
 2.56164530e-10
 3.95719807e-03
 1.57854866e-02
 3.53116929e-02
 6.21732861e-02
 9.58576014e-02
 1.36058817e-01
 1.82665300e-01
 2.34449553e-01
 2.90524852e-01
 3.51297177e-01
 4.13990452e-01
 4.77853240e-01
 5.43161805e-01
 6.06549953e-01
 6.69999570e-01
 7.29291805e-01
 7.81733788e-01
 8.30910725e-01
 8.73604565e-01
 9.10581528e-01
 9.42453410e-01
 9.67294811e-01
 9.86954180e-01
 1.00253834e+00
 1.01378317e+00
 1.02060705e+00
 1.02493998e+00
 1.02777272e+00
 1.02914115e+00
 1.02950116e+00
 1.02945502e+00
 1.02939523e+00
 -2.71172438e-11
 3.90941050e-03
 1.55973366e-02
 3.49258883e-02
 6.16280253e-02
 9.53133708e-02
 1.35571667e-01
 1.81954048e-01
 2.33657983e-01
 2.89914646e-01
 3.50173282e-01
 4.12824645e-01
 4.76874156e-01
 5.41650313e-01
 6.05373522e-01
 6.67877092e-01
 7.26607303e-01
 7.79823126e-01
 8.28521195e-01
 8.71379073e-01
 9.08429904e-01
 9.39830154e-01
 9.64982833e-01
 9.84801363e-01
 1.00009500e+00
 1.01108943e+00
 1.01828990e+00
 1.02280518e+00
 1.02545173e+00
 1.02675984e+00
 1.02729920e+00
 1.02752484e+00
 1.02760057e+00
 2.14210929e-11
 3.87160103e-03
 1.54478270e-02
 3.46051941e-02
 6.11180988e-02
 9.46488548e-02
 1.34763822e-01
 1.80929260e-01
 2.32455847e-01
 2.88576868e-01
 3.48451738e-01
 4.10888905e-01
 4.74806838e-01
 5.39189496e-01
 6.02746841e-01
 6.64511476e-01
 7.22743502e-01
 7.76150220e-01
 8.24586103e-01
 8.67396514e-01
 9.04374018e-01
 9.35504328e-01
 9.60725052e-01
 9.80578613e-01
 9.95699702e-01
 1.00659436e+00
 1.01393043e+00
 1.01854524e+00
 1.02118351e+00
 1.02245742e+00
 1.02288208e+00
 1.02288624e+00
 1.02283238e+00
 -3.98616852e-11
 3.83285022e-03
 1.52936560e-02
 3.42647553e-02
 6.05368524e-02
 9.37958198e-02
 1.33615651e-01
 1.79453683e-01
 2.30642814e-01
 2.86402628e-01
 3.45829501e-01
 4.07857035e-01
 4.71380713e-01
 5.35277470e-01
 5.98349812e-01
 6.59414874e-01
 7.17097809e-01
 7.70297154e-01
 8.18444697e-01
 8.61037595e-01
 8.97809591e-01
 9.28704403e-01
 9.53831636e-01
 9.73609673e-01
 9.88604272e-01
 9.99432072e-01
 1.00680605e+00
 1.01148971e+00
 1.01419470e+00
 1.01554809e+00
 1.01610196e+00
 1.01628936e+00
 1.01633525e+00
 4.51116547e-11
 3.78548018e-03
 1.51048340e-02
 3.38433847e-02
 5.97995019e-02
 9.26717355e-02
 1.32046674e-01
 1.77390361e-01
 2.28043913e-01
 2.83223929e-01
 3.42021445e-01
 4.03407071e-01
 4.66275100e-01
 5.29472815e-01
 5.91809150e-01
 6.52077287e-01
 7.09066702e-01
 7.61761500e-01
 8.09458311e-01
 8.51659390e-01
 8.88084214e-01
 9.18672165e-01
 9.43576954e-01
 9.63178943e-01
 9.78020849e-01
 9.88752339e-01
 9.96104456e-01
 1.00084058e+00
 1.00368762e+00
 1.00526194e+00
 1.00601601e+00
 1.00627799e+00
 1.00632249e+00
 2.20139417e-10
 3.72450167e-03
 1.48615688e-02
 3.32989643e-02
 5.88403125e-02
 9.11930564e-02
 1.29955447e-01
 1.74605733e-01
 2.24495756e-01
 2.78849664e-01
 3.36767517e-01
 3.97237486e-01
 4.59162083e-01
 5.21387358e-01
 5.82729317e-01
 6.42005511e-01
 6.98088019e-01
 7.50008309e-01
 7.97029058e-01
 8.38638482e-01
 8.74549679e-01
 9.04702025e-01
 9.29255655e-01
 9.48575519e-01
 9.63190840e-01
 9.73749981e-01
 9.80976557e-01
 9.85619047e-01
 9.88404851e-01
 9.90007314e-01
 9.90977912e-01
 9.91597984e-01
 9.91832822e-01
 4.14613248e-12
 3.64634897e-03
 1.45497604e-02
 3.26005895e-02
 5.76074610e-02
 8.92858520e-02
 1.27245205e-01
 1.70977296e-01
 2.19848465e-01
 2.73097491e-01
 3.29840272e-01
 3.89082859e-01
 4.49743878e-01
 5.10683698e-01
 5.70737971e-01
 6.28758504e-01
 6.83669109e-01
 7.34536221e-01
 7.80623753e-01
 8.21414929e-01
 8.56619835e-01
 8.86175961e-01
 9.10239047e-01
 9.29160992e-01
 9.43453997e-01
 9.53747472e-01
 9.60741023e-01
 9.65148591e-01
 9.67624685e-01
 9.68694156e-01
 9.68786697e-01
 9.68414558e-01
 9.68188696e-01
 5.99787334e-11
 3.54845348e-03
 1.41591409e-02
 3.17254763e-02
 5.60616189e-02
 8.68915839e-02
 1.23836703e-01
 1.66403907e-01
 2.13977380e-01
 2.65815833e-01
 3.21056989e-01
 3.78730435e-01
 4.37779204e-01
 4.97089341e-01
 5.55526469e-01
 6.11979937e-01
 6.65415552e-01
 7.14932258e-01
 7.59809366e-01
 7.99535422e-01
 8.33821562e-01
 8.62602817e-01
 8.86027336e-01
 9.04432762e-01
 9.18310730e-01
 9.28263207e-01
 9.34958518e-01
 9.39103787e-01
 9.41448617e-01
 9.42773601e-01
 9.43725341e-01
 9.44504162e-01
 9.44836934e-01
 1.97552395e-12
 3.42910987e-03
 1.36829433e-02
 3.06585443e-02
 5.41765046e-02
 8.39705313e-02
 1.19675362e-01
 1.60815269e-01
 2.06795622e-01
 2.56899807e-01
 3.10293312e-01
 3.66036158e-01
 4.23104090e-01
 4.80418220e-01
 5.36882356e-01
 5.91427215e-01
 6.43059833e-01
 6.90913500e-01
 7.34290662e-01
 7.72692921e-01
 8.05836840e-01
 8.33656225e-01
 8.56291423e-01
 8.74066430e-01
 8.87455471e-01
 8.97040190e-01
 9.03454603e-01
 9.07310961e-01
 9.09117497e-01
 9.09269764e-01
 9.08244135e-01
 9.06884812e-01
 9.06257993e-01
 -1.67357018e-10
 3.28753628e-03
 1.31180309e-02
 2.93928014e-02
 5.19399191e-02
 8.05042562e-02
 1.14735903e-01
 1.54179078e-01
 1.98263845e-01
 2.46302914e-01
 2.97495370e-01
 3.50938612e-01
 4.05648996e-01
 4.60590996e-01
 5.14713980e-01
 5.66995112e-01
 6.16485807e-01
 6.62357543e-01
 7.03941678e-01
 7.40758752e-01
 7.72534886e-01
 7.99204715e-01
 8.20901327e-01
 8.37934918e-01
 8.50763770e-01
 8.59963745e-01
 8.66204800e-01
 8.70239813e-01
 8.72885837e-01
 8.74919599e-01
 8.76800557e-01
 8.78371602e-01
 8.79014580e-01
 2.31668176e-10
 3.12389452e-03
 1.24650649e-02
 2.79297449e-02
 4.93545864e-02
 7.64972070e-02
 1.09025184e-01
 1.46505465e-01
 1.88396413e-01
 2.34044629e-01
 2.82688411e-01
 3.33469125e-01
 3.85451072e-01
 4.37649638e-01
 4.89066749e-01
 5.38731821e-01
 5.85745435e-01
 6.29321936e-01
 6.68826647e-01
 7.03803827e-01
 7.33992820e-01
 7.59331266e-01
 7.79945446e-01
 7.96128885e-01
 8.08311195e-01
 8.17019397e-01
 8.22833045e-01
 8.26333075e-01
 8.28050270e-01
 8.28447611e-01
 8.27993997e-01
 8.27282845e-01
 8.26948055e-01
 2.44213688e-12
 2.93931599e-03
 1.17285517e-02
 2.62794819e-02
 4.64384046e-02
 7.19772463e-02
 1.02583188e-01
 1.37848675e-01
 1.77263878e-01
 2.20213648e-01
 2.65980735e-01
 3.13756537e-01
 3.62659954e-01
 4.11764156e-01
 4.60130209e-01
 5.06845695e-01
 5.51065583e-01
 5.92051894e-01
 6.29208418e-01
 6.62107073e-01
 6.90503455e-01
 7.14340266e-01
 7.33738447e-01
 7.48976695e-01
 7.60460457e-01
 7.68681616e-01
 7.74171349e-01
 7.77455799e-01
 7.79037727e-01
 7.79422622e-01
 7.79149553e-01
 7.78738331e-01
 7.78558292e-01
 -3.14701199e-10
 2.73585770e-03
 1.09167085e-02
 2.44604279e-02
 4.32239376e-02
 6.69949093e-02
 9.54820926e-02
 1.28305991e-01
 1.64991815e-01
 2.04966624e-01
 2.47562323e-01
 2.92025713e-01
 3.37536167e-01
 3.83230711e-01
 4.28235486e-01
 4.71701758e-01
 5.12843856e-01
 5.50975898e-01
 5.85543964e-01
 6.16150679e-01
 6.42569958e-01
 6.64750700e-01
 6.82809334e-01
 6.97012288e-01
 7.07750835e-01
 7.15512595e-01
 7.20855037e-01
 7.24380535e-01
 7.26693455e-01
 7.28306361e-01
 7.29510968e-01
 7.30327156e-01
 7.30624530e-01
 1.85943960e-10
 2.51642644e-03
 1.00411230e-02
 2.24985485e-02
 3.97570794e-02
 6.16213667e-02
 8.78234179e-02
 1.18014002e-01
 1.51756150e-01
 1.88522514e-01
 2.27698139e-01
 2.68589758e-01
 3.10442135e-01
 3.52461254e-01
 3.93843369e-01
 4.33808163e-01
 4.71633602e-01
 5.06689608e-01
 5.38467551e-01
 5.66602848e-01
 5.90888650e-01
 6.11279516e-01
 6.27884981e-01
 6.40953763e-01
 6.50849822e-01
 6.58021207e-01
 6.62961520e-01
 6.66164297e-01
 6.68078455e-01
 6.69085675e-01
 6.69510431e-01
 6.69630119e-01
 6.69645285e-01
 3.74048200e-12
 2.28463482e-03
 9.11622229e-03
 2.04261726e-02
 3.60949663e-02
 5.59451966e-02
 7.97334566e-02
 1.07142516e-01
 1.37775410e-01
 1.71153036e-01
 2.06716694e-01
 2.43836560e-01
 2.81826603e-01
 3.19965716e-01
 3.57524165e-01
 3.93793731e-01
 4.28119326e-01
 4.59929475e-01
 4.88762976e-01
 5.14289309e-01
 5.36320949e-01
 5.54816612e-01
 5.69875267e-01
 5.81721414e-01
 5.90682147e-01
 5.97156203e-01
 6.01575688e-01
 6.04365398e-01
 6.05912633e-01
 6.06564138e-01
 6.06651595e-01
 6.06509236e-01
 6.06422490e-01
 -1.36384267e-10
 2.04464244e-03
 8.15859555e-03
 1.82804706e-02
 3.23032844e-02
 5.00682208e-02
 7.13573522e-02
 9.58866257e-02
 1.23300560e-01
 1.53170100e-01
 1.84994902e-01
 2.18210960e-01
 2.52204002e-01
 2.86328471e-01
 3.19931246e-01
 3.52378645e-01
 3.83084690e-01
 4.11538314e-01
 4.37327085e-01
 4.60155264e-01
 4.79854552e-01
 4.96386610e-01
 5.09837320e-01
 5.20403617e-01
 5.28374551e-01
 5.34109062e-01
 5.38013582e-01
 5.40521235e-01
 5.42066751e-01
 5.43039522e-01
 5.43706250e-01
 5.44149796e-01
 5.44313672e-01
 1.30503710e-10
 1.80095243e-03
 7.18621622e-03
 1.61017146e-02
 2.84532002e-02
 4.41007473e-02
 6.28523289e-02
 8.44576254e-02
 1.08603347e-01
 1.34911349e-01
 1.62940651e-01
 1.92194193e-01
 2.22130668e-01
 2.52181293e-01
 2.81770742e-01
 3.10340948e-01
 3.37375980e-01
 3.62425942e-01
 3.85127745e-01
 4.05220806e-01
 4.22556192e-01
 4.37098338e-01
 4.48919340e-01
 4.58186744e-01
 4.65146738e-01
 4.70105059e-01
 4.73406467e-01
 4.75410394e-01
 4.76461428e-01
 4.76865537e-01
 4.76889786e-01
 4.76774274e-01
 4.76710166e-01
 -3.90757094e-11
 1.55821466e-03
 6.21763532e-03
 1.39314714e-02
 2.46181664e-02
 3.81566254e-02
 5.43806462e-02
 7.30735554e-02
 9.39641545e-02
 1.16725090e-01
 1.40974617e-01
 1.66282457e-01
 1.92180076e-01
 2.18175225e-01
 2.43770081e-01
 2.68481859e-01
 2.91864325e-01
 3.13528435e-01
 3.33160230e-01
 3.50534293e-01
 3.65521440e-01
 3.78089856e-01
 3.88299524e-01
 3.96290593e-01
 4.02267199e-01
 4.06479315e-01
 4.09206289e-01
 4.10745240e-01
 4.11402563e-01
 4.11481211e-01
 4.11264361e-01
 4.11003323e-01
 4.10890922e-01
 -1.65462954e-12
 1.32102898e-03
 5.27121071e-03
 1.18108738e-02
 2.08708679e-02
 3.23485092e-02
 4.61028540e-02
 6.19501423e-02
 7.96603597e-02
 9.89558553e-02
 1.19512845e-01
 1.40966396e-01
 1.62919157e-01
 1.84953714e-01
 2.06647996e-01
 2.27592753e-01
 2.47409809e-01
 2.65769543e-01
 2.82406043e-01
 2.97128508e-01
 3.09827760e-01
 3.20477201e-01
 3.29128025e-01
 3.35899043e-01
 3.40962011e-01
 3.44524223e-01
 3.46812351e-01
 3.48066222e-01
 3.48552116e-01
 3.48579707e-01
 3.48459756e-01
 3.48383021e-01
 3.48367140e-01
 -5.77346494e-12
 1.09377807e-03
 4.36442568e-03
 9.77909539e-03
 1.72805263e-02
 2.67836851e-02
 3.81718461e-02
 5.12928161e-02
 6.59560836e-02
 8.19316767e-02
 9.89514124e-02
 1.16713034e-01
 1.34887456e-01
 1.53129009e-01
 1.71088213e-01
 1.88426261e-01
 2.04830145e-01
 2.20027136e-01
 2.33797373e-01
 2.45983371e-01
 2.56495593e-01
 2.65313569e-01
 2.72482502e-01
 2.78105725e-01
 2.82333675e-01
 2.85349861e-01
 2.87352222e-01
 2.88524636e-01
 2.88999727e-01
 2.88855909e-01
 2.88229551e-01
 2.87486901e-01
 2.87151455e-01
 8.35062217e-13
 8.80486143e-04
 3.51334317e-03
 7.87212703e-03
 1.39107400e-02
 2.15607213e-02
 3.07280908e-02
 4.12903050e-02
 5.30939628e-02
 6.59538852e-02
 7.96541253e-02
 9.39513047e-02
 1.08580456e-01
 1.23263280e-01
 1.37718438e-01
 1.51673225e-01
 1.64875756e-01
 1.77106646e-01
 1.88189190e-01
 1.97997137e-01
 2.06459405e-01
 2.13561431e-01
 2.19343201e-01
 2.23894406e-01
 2.27347605e-01
 2.29871010e-01
 2.31663789e-01
 2.32956615e-01
 2.34008327e-01
 2.35055831e-01
 2.36171433e-01
 2.37126659e-01
 2.37514354e-01
 -2.70318444e-11
 6.84727524e-04
 2.73221942e-03
 6.12191171e-03
 1.08179528e-02
 1.67670985e-02
 2.38962529e-02
 3.21101023e-02
 4.12893278e-02
 5.12898919e-02
 6.19438245e-02
 7.30618222e-02
 8.44377965e-02
 9.58553021e-02
 1.07095547e-01
 1.17946481e-01
 1.28212276e-01
 1.37722437e-01
 1.46339761e-01
 1.53966482e-01
 1.60548137e-01
 1.66074977e-01
 1.70580987e-01
 1.74140762e-01
 1.76864462e-01
 1.78890852e-01
 1.80378521e-01
 1.81496424e-01
 1.82414576e-01
 1.83283590e-01
 1.84166956e-01
 1.84926593e-01
 1.85241842e-01
 6.75889591e-13
 5.09564942e-04
 2.03328270e-03
 4.55584780e-03
 8.05058002e-03
 1.24778522e-02
 1.77832634e-02
 2.38958734e-02
 3.07268754e-02
 3.81690630e-02
 4.60974176e-02
 5.43710437e-02
 6.28365574e-02
 7.13328721e-02
 7.96971656e-02
 8.77716444e-02
 9.54106101e-02
 1.02487250e-01
 1.08899591e-01
 1.14575139e-01
 1.19473882e-01
 1.23589555e-01
 1.26949189e-01
 1.29610912e-01
 1.31659421e-01
 1.33196937e-01
 1.34324255e-01
 1.35103659e-01
 1.35507971e-01
 1.35414371e-01
 1.34764362e-01
 1.33874939e-01
 1.33443941e-01
 -7.38417026e-12
 3.57540159e-04
 1.42666551e-03
 3.19663928e-03
 5.64873901e-03
 8.75516031e-03
 1.24777287e-02
 1.67666663e-02
 2.15596550e-02
 2.67814668e-02
 3.23443732e-02
 3.81495065e-02
 4.40892364e-02
 5.00505316e-02
 5.59191460e-02
 6.15843698e-02
 6.69439882e-02
 7.19090561e-02
 7.64080889e-02
 8.03903527e-02
 8.38280347e-02
 8.67172338e-02
 8.90777523e-02
 9.09515614e-02
 9.23992734e-02
 9.34931856e-02
 9.43049329e-02
 9.48880092e-02
 9.52660002e-02
 9.54563595e-02
 9.55312001e-02
 9.55920146e-02
 9.56301569e-02
 6.75575731e-12
 2.30679054e-04
 9.20465085e-04
 2.06242741e-03
 3.64448863e-03
 5.64870758e-03
 8.05045556e-03
 1.08176137e-02
 1.39099746e-02
 1.72789987e-02
 2.08680827e-02
 2.46134350e-02
 2.84456121e-02
 3.22916853e-02
 3.60779456e-02
 3.97329659e-02
 4.31908058e-02
 4.63940911e-02
 4.92967278e-02
 5.18660339e-02
 5.40841698e-02
 5.59488090e-02
 5.74730508e-02
 5.86844260e-02
 5.96226827e-02
 6.03363608e-02
 6.08810727e-02
 6.13275636e-02
 6.17807010e-02
 6.23623755e-02
 6.30821962e-02
 6.37163312e-02
 6.39674725e-02
 -9.84911130e-12
 1.30542709e-04
 5.20892617e-04
 1.16713125e-03
 2.06242192e-03
 3.19661286e-03
 4.55576516e-03
 6.12170335e-03
 7.87167274e-03
 9.77820456e-03
 1.18092658e-02
 1.39287560e-02
 1.60973762e-02
 1.82738558e-02
 2.04164822e-02
 2.24848359e-02
 2.44416025e-02
 2.62543178e-02
 2.78969041e-02
 2.93508820e-02
 3.06061847e-02
 3.16615513e-02
 3.25244838e-02
 3.32106948e-02
 3.37429173e-02
 3.41496220e-02
 3.44672222e-02
 3.47536309e-02
 3.51105551e-02
 3.56663715e-02
 3.64504223e-02
 3.72271896e-02
 3.75640690e-02
 1.87195790e-12
 5.82595935e-05
 2.32475336e-04
 5.20892126e-04
 9.20461615e-04
 1.42665238e-03
 2.03324368e-03
 2.73212375e-03
 3.51313680e-03
 4.36402374e-03
 5.27048762e-03
 6.21641714e-03
 7.18427245e-03
 8.15563489e-03
 9.11188757e-03
 1.00349919e-02
 1.09082940e-02
 1.17173064e-02
 1.24503912e-02
 1.30993043e-02
 1.36595570e-02
 1.41305970e-02
 1.45157866e-02
 1.48221626e-02
 1.50599172e-02
 1.52419776e-02
 1.53856802e-02
 1.55207983e-02
 1.57029754e-02
 1.60112830e-02
 1.64946471e-02
 1.70376919e-02
 1.72906180e-02
 -4.85288889e-12
 1.46101892e-05
 5.82587847e-05
 1.30543251e-04
 2.30677765e-04
 3.57537058e-04
 5.09554821e-04
 6.84703605e-04
 8.80434033e-04
 1.09367726e-03
 1.32084728e-03
 1.55790918e-03
 1.80046458e-03
 2.04390025e-03
 2.28354773e-03
 2.51488937e-03
 2.73374824e-03
 2.93649721e-03
 3.12021562e-03
 3.28284272e-03
 3.42324738e-03
 3.54129993e-03
 3.63783328e-03
 3.71462656e-03
 3.77421646e-03
 3.81988261e-03
 3.85596673e-03
 3.89013082e-03
 3.93632312e-03
 4.01476032e-03
 4.13916048e-03
 4.30546713e-03
 4.42160651e-03
 0.00000000e+00
 6.26068914e-12
 -1.37416695e-11
 1.21460704e-12
 1.29862781e-11
 1.15273019e-11
 -4.48481114e-12
 4.85356026e-12
 -1.23249595e-12
 1.21998265e-12
 -2.00664740e-12
 -2.13051955e-11
 -1.05049005e-11
 3.00043834e-12
 2.28556048e-11
 3.75106211e-11
 1.10286114e-10
 -6.42881650e-12
 -5.63649018e-12
 3.57070501e-11
 -1.97415096e-11
 1.44862548e-11
 1.10282995e-11
 1.11626161e-11
 1.13463083e-11
 7.78908864e-12
 -4.06286951e-12
 1.74310990e-12
 -8.82186838e-13
 -4.42317475e-13
 -5.58810683e-13
 0.00000000e+00
 0.00000000e+00
