 0.00000000e+00
 1.05958413e-02
 4.09232104e-02
 8.83329190e-02
 1.53107991e-01
 2.29665150e-01
 3.13812269e-01
 4.00420393e-01
 4.86987259e-01
 5.61882526e-01
 6.26349915e-01
 6.83863219e-01
 7.27395903e-01
 7.51679659e-01
 7.68145761e-01
 7.74516000e-01
 -2.37671192e-04
 1.01276433e-02
 4.01725583e-02
 8.76513713e-02
 1.51824009e-01
 2.27929512e-01
 3.11534088e-01
 3.97737749e-01
 4.83289552e-01
 5.58046312e-01
 6.22487192e-01
 6.79050795e-01
 7.21618392e-01
 7.47178555e-01
 7.64097007e-01
 7.70626747e-01
 -9.14870124e-04
 9.04854903e-03
 3.83413653e-02
 8.53284722e-02
 1.48002801e-01
 2.22613705e-01
 3.04606942e-01
 3.89309244e-01
 4.72296865e-01
 5.46262005e-01
 6.10165536e-01
 6.64337444e-01
 7.04992165e-01
 7.31886943e-01
 7.48756724e-01
 7.54868962e-01
 -1.97141108e-03
 7.56314468e-03
 3.57274121e-02
 8.11574783e-02
 1.41548886e-01
 2.13504034e-01
 2.92687395e-01
 3.74448302e-01
 4.53919961e-01
 5.25829812e-01
 5.87957172e-01
 6.39155371e-01
 6.77573215e-01
 7.03262311e-01
 7.17501980e-01
 7.21863237e-01
 -3.43539059e-03
 5.57329830e-03
 3.21934591e-02
 7.51660274e-02
 1.32287743e-01
 2.00366203e-01
 2.75342208e-01
 3.52672838e-01
 4.27651594e-01
 4.95968710e-01
 5.54902013e-01
 6.02834654e-01
 6.38848806e-01
 6.63203354e-01
 6.76977222e-01
 6.81391709e-01
 -5.21737003e-03
 3.10100119e-03
 2.76857039e-02
 6.73813496e-02
 1.20159083e-01
 1.83076141e-01
 2.52383467e-01
 3.23826579e-01
 3.93074205e-01
 4.56304065e-01
 5.10784329e-01
 5.54939602e-01
 5.88298441e-01
 6.11387231e-01
 6.25065864e-01
 6.29650905e-01
 -7.27008636e-03
 1.99400074e-04
 2.22738690e-02
 5.79178567e-02
 1.05315301e-01
 1.61827697e-01
 2.24084786e-01
 2.88252591e-01
 3.50453469e-01
 4.07272804e-01
 4.56192224e-01
 4.95782689e-01
 5.25663034e-01
 5.46165377e-01
 5.57901974e-01
 5.61658924e-01
 -9.50923308e-03
 -3.03009780e-03
 1.61239186e-02
 4.70603722e-02
 8.82021137e-02
 1.37257988e-01
 1.91303776e-01
 2.47012616e-01
 3.01023338e-01
 3.50367052e-01
 3.92823864e-01
 4.27104134e-01
 4.52859795e-01
 4.70564118e-01
 4.81035516e-01
 4.84567134e-01
 -1.19075976e-02
 -6.49483296e-03
 9.49278181e-03
 3.52910568e-02
 6.95815157e-02
 1.10461977e-01
 1.55504060e-01
 2.01943238e-01
 2.46985357e-01
 2.88160186e-01
 3.23613381e-01
 3.52234596e-01
 3.73566152e-01
 3.87602137e-01
 3.94932618e-01
 3.97042151e-01
 -1.41458222e-02
 -9.85686720e-03
 2.81616634e-03
 2.32730615e-02
 5.04692138e-02
 8.28969980e-02
 1.18636188e-01
 1.55502092e-01
 1.91287107e-01
 2.24045088e-01
 2.52338570e-01
 2.75385055e-01
 2.93093212e-01
 3.05921251e-01
 3.14196089e-01
 3.17200606e-01
 -1.62094362e-02
 -1.30150466e-02
 -3.56901294e-03
 1.16920152e-02
 3.19899815e-02
 5.62016718e-02
 8.29024917e-02
 1.10470511e-01
 1.37261926e-01
 1.61830456e-01
 1.83114369e-01
 2.00522440e-01
 2.13866623e-01
 2.23092489e-01
 2.28194549e-01
 2.29714448e-01
 -1.81202905e-02
 -1.59008310e-02
 -9.34720598e-03
 1.21733978e-03
 1.52504322e-02
 3.19924579e-02
 5.04816647e-02
 6.96064716e-02
 8.82247322e-02
 1.05330021e-01
 1.20188873e-01
 1.32348461e-01
 1.41631018e-01
 1.48150428e-01
 1.52204403e-01
 1.53666839e-01
 -1.96514349e-02
 -1.82461263e-02
 -1.41297977e-02
 -7.52799651e-03
 1.22834686e-03
 1.16891738e-02
 2.32898085e-02
 3.53385757e-02
 4.71031198e-02
 5.79262121e-02
 6.73865442e-02
 7.51522395e-02
 8.10390626e-02
 8.49676221e-02
 8.69920767e-02
 8.75320054e-02
 -2.05802459e-02
 -1.98516937e-02
 -1.76675322e-02
 -1.40796040e-02
 -9.31233998e-03
 -3.59383562e-03
 2.83387872e-03
 9.56790336e-03
 1.61938740e-02
 2.22615884e-02
 2.76785138e-02
 3.21643219e-02
 3.55876756e-02
 3.77952286e-02
 3.88615977e-02
 3.91666040e-02
 -2.11902972e-02
 -2.08826355e-02
 -1.98920101e-02
 -1.81271945e-02
 -1.58408996e-02
 -1.30751651e-02
 -9.83780167e-03
 -6.39638569e-03
 -2.92922400e-03
 1.56531324e-04
 3.09492468e-03
 5.55195133e-03
 7.54021807e-03
 8.91964309e-03
 9.66743501e-03
 9.82285499e-03
 -2.14170000e-02
 -2.12575936e-02
 -2.06639955e-02
 -1.94919484e-02
 -1.80503398e-02
 -1.62883220e-02
 -1.41252959e-02
 -1.18004008e-02
 -9.39319761e-03
 -7.32950356e-03
 -5.21974064e-03
 -3.45635878e-03
 -1.94786445e-03
 -8.71224297e-04
 -2.19203079e-04
 0.00000000e+00
