 4.53701000e-01
 4.43292230e-01
 4.19081537e-01
 3.81123052e-01
 3.11118120e-01
 2.52432174e-01
 1.79901735e-01
 1.03473470e-01
 4.67848083e-02
 1.20593512e-02
 -1.08420217e-19
 4.42339233e-01
 4.34537980e-01
 4.11519983e-01
 3.72278774e-01
 3.07323715e-01
 2.46727683e-01
 1.75558792e-01
 1.02132421e-01
 4.64257231e-02
 1.18512234e-02
 1.06756273e-14
 4.17346318e-01
 4.10475315e-01
 3.88157190e-01
 3.48829800e-01
 2.92429319e-01
 2.31020797e-01
 1.63571221e-01
 9.70744225e-02
 4.46019270e-02
 1.13879704e-02
 -4.81605564e-15
 3.81607106e-01
 3.72742313e-01
 3.49151674e-01
 3.12670104e-01
 2.63659496e-01
 2.06587133e-01
 1.45560036e-01
 8.73508262e-02
 4.04684897e-02
 1.03679917e-02
 -2.38407520e-15
 3.13728206e-01
 3.09181710e-01
 2.93145470e-01
 2.63816962e-01
 2.22898032e-01
 1.74135597e-01
 1.22371530e-01
 7.36505165e-02
 3.42315813e-02
 8.77842940e-03
 -4.65913066e-17
 2.49738649e-01
 2.44827892e-01
 2.30345713e-01
 2.06488769e-01
 1.74154463e-01
 1.35807220e-01
 9.52970318e-02
 5.73633462e-02
 2.66775889e-02
 6.84343479e-03
 -2.87485941e-17
 1.80177013e-01
 1.75773587e-01
 1.63769089e-01
 1.45750811e-01
 1.22491717e-01
 9.53435009e-02
 6.68329496e-02
 4.02142718e-02
 1.87014426e-02
 4.79716270e-03
 -1.52151321e-17
 1.06137823e-01
 1.04383768e-01
 9.83886541e-02
 8.79067562e-02
 7.38508092e-02
 5.74293936e-02
 4.02304439e-02
 2.41996697e-02
 1.12528665e-02
 2.88644687e-03
 9.34255789e-19
 4.98660324e-02
 4.87944567e-02
 4.57621756e-02
 4.08951216e-02
 3.43688765e-02
 2.67200727e-02
 1.87130832e-02
 1.12549143e-02
 5.23318672e-03
 1.34231629e-03
 -2.12442702e-18
 1.33534930e-02
 1.27409826e-02
 1.17601636e-02
 1.04941065e-02
 8.81704219e-03
 6.85544543e-03
 4.80028495e-03
 2.88727141e-03
 1.34222840e-03
 3.44954385e-04
 0.00000000e+00
 0.00000000e+00
 2.81514717e-13
 6.57329691e-13
 8.02806995e-14
 1.45811051e-14
 -4.97344328e-15
 9.77859453e-16
 1.47482629e-16
 -1.13037407e-16
 0.00000000e+00
 0.00000000e+00
