 7.53262000e-01
 7.48076796e-01
 7.30975580e-01
 6.99616978e-01
 6.56383553e-01
 6.00348365e-01
 5.38941858e-01
 4.54983064e-01
 3.71085154e-01
 2.88087394e-01
 2.04017801e-01
 1.27882587e-01
 6.48268774e-02
 1.78358243e-02
 -1.12691425e-02
 -2.11380000e-02
 7.57602626e-01
 7.52482299e-01
 7.35491097e-01
 7.04685334e-01
 6.61242276e-01
 6.05339510e-01
 5.42139653e-01
 4.59023552e-01
 3.74348491e-01
 2.90259738e-01
 2.05832968e-01
 1.29279624e-01
 6.57564378e-02
 1.83577883e-02
 -1.10021162e-02
 -2.09258834e-02
 7.71080067e-01
 7.65823917e-01
 7.48938764e-01
 7.18811522e-01
 6.75132819e-01
 6.18903199e-01
 5.52085195e-01
 4.70040981e-01
 3.83521428e-01
 2.96664640e-01
 2.10999257e-01
 1.33195036e-01
 6.83701510e-02
 1.98577194e-02
 -1.01684086e-02
 -2.03177135e-02
 7.93298809e-01
 7.87581327e-01
 7.70071823e-01
 7.39749746e-01
 6.95698740e-01
 6.38256118e-01
 5.68220784e-01
 4.85762137e-01
 3.96912764e-01
 3.06644370e-01
 2.18760251e-01
 1.38956854e-01
 7.22267651e-02
 2.21479989e-02
 -8.85951622e-03
 -1.93524256e-02
 8.18843152e-01
 8.13017881e-01
 7.95164941e-01
 7.64312441e-01
 7.19469078e-01
 6.60433868e-01
 5.87910180e-01
 5.03734285e-01
 4.12289506e-01
 3.18686688e-01
 2.27998287e-01
 1.45726415e-01
 7.68043730e-02
 2.49976653e-02
 -7.10165567e-03
 -1.79701535e-02
 8.44290299e-01
 8.38379829e-01
 8.20162565e-01
 7.88593724e-01
 7.42697781e-01
 6.82110181e-01
 6.07563382e-01
 5.21293011e-01
 4.27312335e-01
 3.30788210e-01
 2.37338691e-01
 1.52599048e-01
 8.15711683e-02
 2.81673572e-02
 -4.90485145e-03
 -1.60944942e-02
 8.66121753e-01
 8.59870314e-01
 8.40926846e-01
 8.08539475e-01
 7.61673003e-01
 6.99844073e-01
 6.23769592e-01
 5.35750684e-01
 4.39752201e-01
 3.41011760e-01
 2.45384478e-01
 1.58666965e-01
 8.59702861e-02
 3.13051472e-02
 -2.55429813e-03
 -1.40135404e-02
 8.78180412e-01
 8.72124995e-01
 8.53338256e-01
 8.20679285e-01
 7.73264288e-01
 7.10754271e-01
 6.33871760e-01
 5.44901827e-01
 4.47799128e-01
 3.47845273e-01
 2.51000557e-01
 1.63161864e-01
 8.95167177e-02
 3.41375902e-02
 -1.57166831e-04
 -1.17599120e-02
 8.82665331e-01
 8.76002864e-01
 8.56199811e-01
 8.23033600e-01
 7.75561113e-01
 7.13143723e-01
 6.36371004e-01
 5.47484722e-01
 4.50413094e-01
 3.50432118e-01
 2.53524204e-01
 1.65612548e-01
 9.18989491e-02
 3.64562675e-02
 2.10357735e-03
 -9.52622114e-03
 8.69878728e-01
 8.64222243e-01
 8.46363413e-01
 8.14750624e-01
 7.68368374e-01
 7.06927289e-01
 6.31196738e-01
 5.43443729e-01
 4.47542523e-01
 3.48702188e-01
 2.52866365e-01
 1.65922740e-01
 9.30312005e-02
 3.82316897e-02
 4.30947092e-03
 -7.16297061e-03
 8.54839061e-01
 8.48749786e-01
 8.30379444e-01
 7.99056569e-01
 7.53683837e-01
 6.93673351e-01
 6.19681949e-01
 5.33922441e-01
 4.40130494e-01
 3.43357964e-01
 2.49496636e-01
 1.64356942e-01
 9.29853716e-02
 3.93165396e-02
 6.06944533e-03
 -5.18504927e-03
 8.32349211e-01
 8.26553954e-01
 8.08853957e-01
 7.78461222e-01
 7.34397518e-01
 6.76078351e-01
 6.04209642e-01
 5.20991373e-01
 4.29920635e-01
 3.35698130e-01
 2.44321487e-01
 1.61489315e-01
 9.20859785e-02
 3.98973532e-02
 7.57720646e-03
 -3.35312943e-03
 8.08120027e-01
 8.02682941e-01
 7.85824859e-01
 7.56674900e-01
 7.14158279e-01
 6.57441349e-01
 5.87724848e-01
 5.07187281e-01
 4.19135890e-01
 3.27297066e-01
 2.38508917e-01
 1.58041660e-01
 9.07815344e-02
 4.01252424e-02
 8.66466871e-03
 -1.98364076e-03
 7.88610403e-01
 7.82865513e-01
 7.65847597e-01
 7.37768368e-01
 6.96858147e-01
 6.41035790e-01
 5.73281638e-01
 4.94976065e-01
 4.10065369e-01
 3.19632222e-01
 2.33371675e-01
 1.54661291e-01
 8.96391008e-02
 4.02971739e-02
 9.48143819e-03
 -9.06829097e-04
 7.74080845e-01
 7.68337514e-01
 7.51676935e-01
 7.24907632e-01
 6.85614697e-01
 6.29632204e-01
 5.63567265e-01
 4.86438911e-01
 4.04405006e-01
 3.14010512e-01
 2.30102570e-01
 1.51900900e-01
 8.91638801e-02
 4.04450664e-02
 9.97139807e-03
 -2.29712191e-04
 7.68533000e-01
 7.62849300e-01
 7.46521775e-01
 7.20339918e-01
 6.81825333e-01
 6.25482295e-01
 5.60193230e-01
 4.83317462e-01
 4.02580826e-01
 3.11863204e-01
 2.29071484e-01
 1.50730835e-01
 8.91653001e-02
 4.04556517e-02
 1.01673814e-02
 2.17263950e-19
