 0.00000000e+00
 3.36209333e-12
 6.26268508e-12
 1.49002075e-12
 6.43382881e-13
 5.68181979e-12
 -3.71986367e-13
 4.62577744e-13
 1.14168681e-12
 -7.84777624e-12
 5.32341127e-12
 4.85634567e-13
 2.67700747e-12
 1.33886848e-12
 -3.89898621e-13
 7.86074354e-14
 3.64837384e-12
 2.82003097e-12
 -1.09323882e-12
 3.15711547e-13
 -1.19657409e-12
 -5.89100781e-13
 -6.13228183e-13
 2.15217450e-13
 -1.68673052e-13
 6.17461014e-14
 3.46684249e-14
 1.63375734e-14
 1.96081873e-14
 5.57606083e-16
 3.70254412e-14
 3.07037124e-14
 0.00000000e+00
 3.53057036e-03
 3.62231073e-03
 3.76528364e-03
 3.84086255e-03
 3.85964885e-03
 3.85427713e-03
 3.83836589e-03
 3.81178781e-03
 3.77137793e-03
 3.71437153e-03
 3.63858141e-03
 3.54219608e-03
 3.42393524e-03
 3.28320494e-03
 3.12026487e-03
 2.93628027e-03
 2.73333211e-03
 2.51433302e-03
 2.28291028e-03
 2.04322770e-03
 1.79979954e-03
 1.55728083e-03
 1.32028064e-03
 1.09318476e-03
 8.80025296e-04
 6.84377193e-04
 5.09309523e-04
 3.57361822e-04
 2.30565725e-04
 1.30478479e-04
 5.82312712e-05
 1.45876667e-05
 0.00000000e+00
 1.45453831e-02
 1.47625218e-02
 1.51382232e-02
 1.53552245e-02
 1.54065704e-02
 1.53803409e-02
 1.53161366e-02
 1.52100114e-02
 1.50487128e-02
 1.48212285e-02
 1.45187906e-02
 1.41341914e-02
 1.36622982e-02
 1.31007539e-02
 1.24505824e-02
 1.17164423e-02
 1.09066296e-02
 1.00327731e-02
 9.10934063e-03
 8.15295214e-03
 7.18161584e-03
 6.21391079e-03
 5.26822397e-03
 4.36205986e-03
 3.51150326e-03
 2.73082325e-03
 2.03226186e-03
 1.42595622e-03
 9.20011088e-04
 5.20635080e-04
 2.32361968e-04
 5.82319217e-05
 0.00000000e+00
 3.39161411e-02
 3.40522280e-02
 3.43357389e-02
 3.45215479e-02
 3.45397418e-02
 3.44628126e-02
 3.43182258e-02
 3.40807537e-02
 3.37191507e-02
 3.32092568e-02
 3.25314898e-02
 3.16697094e-02
 3.06123475e-02
 2.93541270e-02
 2.78973163e-02
 2.62523676e-02
 2.44378569e-02
 2.24798521e-02
 2.04107621e-02
 1.82678349e-02
 1.60914131e-02
 1.39231328e-02
 1.18041857e-02
 9.77379928e-03
 7.86800678e-03
 6.11878678e-03
 4.55356127e-03
 3.19505249e-03
 2.06140935e-03
 1.16655792e-03
 5.20634956e-04
 1.30478035e-04
 0.00000000e+00
 6.18216712e-02
 6.17347476e-02
 6.15064554e-02
 6.12552214e-02
 6.10671699e-02
 6.08975666e-02
 6.06452760e-02
 6.02268156e-02
 5.95868286e-02
 5.86848478e-02
 5.74867067e-02
 5.59636786e-02
 5.40951645e-02
 5.18717392e-02
 4.92973892e-02
 4.63905702e-02
 4.31841177e-02
 3.97240949e-02
 3.60677808e-02
 3.22809944e-02
 2.84350300e-02
 2.46034587e-02
 2.08590728e-02
 1.72711861e-02
 1.39034745e-02
 1.08124420e-02
 8.04654856e-03
 5.64594057e-03
 3.64269429e-03
 2.06140894e-03
 9.20011018e-04
 2.30565820e-04
 0.00000000e+00
 9.60114535e-02
 9.57066281e-02
 9.51243487e-02
 9.47274071e-02
 9.45487059e-02
 9.43693031e-02
 9.40060507e-02
 9.33584943e-02
 9.23622425e-02
 9.09611857e-02
 8.91027334e-02
 8.67416180e-02
 8.38453567e-02
 8.03990866e-02
 7.64088900e-02
 7.19033600e-02
 6.69333971e-02
 6.15704163e-02
 5.59032076e-02
 5.00337974e-02
 4.40726900e-02
 3.81339182e-02
 3.23303012e-02
 2.67692688e-02
 2.15495084e-02
 1.67585945e-02
 1.24716313e-02
 8.75084240e-03
 5.64593871e-03
 3.19505099e-03
 1.42595532e-03
 3.57361523e-04
 0.00000000e+00
 1.31949382e-01
 1.32405002e-01
 1.33383680e-01
 1.34223303e-01
 1.34607631e-01
 1.34527480e-01
 1.34023340e-01
 1.33082963e-01
 1.31648996e-01
 1.29644918e-01
 1.26993240e-01
 1.23627142e-01
 1.19499055e-01
 1.14587226e-01
 1.08900138e-01
 1.02478518e-01
 9.53949451e-02
 8.77512408e-02
 7.96739853e-02
 7.13086074e-02
 6.28126089e-02
 5.43485086e-02
 4.60770908e-02
 3.81514528e-02
 3.07122322e-02
 2.38842275e-02
 1.77744675e-02
 1.24716240e-02
 8.04654117e-03
 4.55355633e-03
 2.03225964e-03
 5.09309045e-04
 0.00000000e+00
 1.81416227e-01
 1.81456811e-01
 1.81551826e-01
 1.81602136e-01
 1.81469446e-01
 1.81039325e-01
 1.80213742e-01
 1.78883575e-01
 1.76927316e-01
 1.74222084e-01
 1.70654372e-01
 1.66129806e-01
 1.60582285e-01
 1.53981681e-01
 1.46339129e-01
 1.37709360e-01
 1.28189993e-01
 1.17917951e-01
 1.07063398e-01
 9.58218018e-02
 8.44048252e-02
 7.30308533e-02
 6.19159247e-02
 5.12657413e-02
 4.12692578e-02
 3.20941467e-02
 2.38842050e-02
 1.67585689e-02
 1.08124220e-02
 6.11877448e-03
 2.73081751e-03
 6.84375643e-04
 0.00000000e+00
 2.36967895e-01
 2.36611552e-01
 2.35765720e-01
 2.34834792e-01
 2.33986448e-01
 2.33081695e-01
 2.31861637e-01
 2.30081991e-01
 2.27536509e-01
 2.24045981e-01
 2.19454556e-01
 2.13635780e-01
 2.06502181e-01
 1.98014065e-01
 1.88185570e-01
 1.77087214e-01
 1.64844742e-01
 1.51634413e-01
 1.37675184e-01
 1.23218490e-01
 1.08536543e-01
 9.39101637e-02
 7.96171256e-02
 6.59218958e-02
 5.30674004e-02
 4.12691996e-02
 3.07121601e-02
 2.15494453e-02
 1.39034292e-02
 7.86797993e-03
 3.51149114e-03
 8.80022357e-04
 0.00000000e+00
 2.90030596e-01
 2.90204798e-01
 2.90533462e-01
 2.90651663e-01
 2.90331875e-01
 2.89491653e-01
 2.88044776e-01
 2.85837417e-01
 2.82669992e-01
 2.78332500e-01
 2.72630495e-01
 2.65404238e-01
 2.56543545e-01
 2.45998751e-01
 2.33787679e-01
 2.19998384e-01
 2.04787507e-01
 1.88374351e-01
 1.71031146e-01
 1.53070377e-01
 1.34830254e-01
 1.16659617e-01
 9.89034802e-02
 8.18902999e-02
 6.59217635e-02
 5.12655668e-02
 3.81512877e-02
 2.67691377e-02
 1.72710961e-02
 9.77374684e-03
 4.36203614e-03
 1.09317868e-03
 0.00000000e+00
 3.51890892e-01
 3.51801151e-01
 3.51571709e-01
 3.51220775e-01
 3.50627869e-01
 3.49578320e-01
 3.47845144e-01
 3.45198431e-01
 3.41390952e-01
 3.36167948e-01
 3.29292908e-01
 3.20572150e-01
 3.09873046e-01
 2.97136662e-01
 2.82385661e-01
 2.65727366e-01
 2.47351712e-01
 2.27524098e-01
 2.06573670e-01
 1.84878034e-01
 1.62845748e-01
 1.40898111e-01
 1.19451739e-01
 9.89032072e-02
 7.96167489e-02
 6.19155479e-02
 4.60767695e-02
 3.23300583e-02
 2.08589097e-02
 1.18040917e-02
 5.26818180e-03
 1.32027017e-03
 0.00000000e+00
 4.14824253e-01
 4.14812711e-01
 4.14696709e-01
 4.14316374e-01
 4.13538580e-01
 4.12228741e-01
 4.10177549e-01
 4.07094486e-01
 4.02651897e-01
 3.96529475e-01
 3.88443934e-01
 3.78169218e-01
 3.65552568e-01
 3.50527570e-01
 3.33123199e-01
 3.13467606e-01
 2.91785898e-01
 2.68391848e-01
 2.43674159e-01
 2.18078488e-01
 1.92086837e-01
 1.66196108e-01
 1.40897586e-01
 1.16658869e-01
 9.39093866e-02
 7.30301570e-02
 5.43479464e-02
 3.81335049e-02
 2.46031854e-02
 1.39229763e-02
 6.21384058e-03
 1.55726310e-03
 0.00000000e+00
 4.80046054e-01
 4.79800568e-01
 4.79173779e-01
 4.78352752e-01
 4.77357343e-01
 4.75958485e-01
 4.73769479e-01
 4.70363260e-01
 4.65334674e-01
 4.58319940e-01
 4.49005770e-01
 4.37142656e-01
 4.22561820e-01
 4.05191279e-01
 3.85067456e-01
 3.62340333e-01
 3.37271325e-01
 3.10223908e-01
 2.81647864e-01
 2.52058554e-01
 2.22013146e-01
 1.92085869e-01
 1.62844348e-01
 1.34828765e-01
 1.08535167e-01
 8.44036640e-02
 6.28117023e-02
 4.40720361e-02
 2.84346017e-02
 1.60911691e-02
 7.18150673e-03
 1.79977230e-03
 0.00000000e+00
 5.38338427e-01
 5.38631448e-01
 5.39343082e-01
 5.40054222e-01
 5.40272086e-01
 5.39560806e-01
 5.37557984e-01
 5.33928129e-01
 5.28328414e-01
 5.20412031e-01
 5.09855060e-01
 4.96388813e-01
 4.79828744e-01
 4.60096962e-01
 4.37237152e-01
 4.11421157e-01
 3.82946869e-01
 3.52227733e-01
 3.19774897e-01
 2.86173724e-01
 2.52056814e-01
 2.18075959e-01
 1.84875320e-01
 1.53067828e-01
 1.23216286e-01
 9.58200153e-02
 7.13072455e-02
 5.00328287e-02
 3.22803649e-02
 1.82674775e-02
 8.15279236e-03
 2.04318751e-03
 0.00000000e+00
 6.02963515e-01
 6.03253053e-01
 6.03912601e-01
 6.04465275e-01
 6.04423124e-01
 6.03385176e-01
 6.00986715e-01
 5.96842020e-01
 5.90539220e-01
 5.81667563e-01
 5.69852295e-01
 5.54787664e-01
 5.36265684e-01
 5.14199183e-01
 4.88637480e-01
 4.59773296e-01
 4.27940195e-01
 3.93600748e-01
 3.57326519e-01
 3.19771778e-01
 2.81643360e-01
 2.43669345e-01
 2.06569148e-01
 1.71027206e-01
 1.37671933e-01
 1.07060840e-01
 7.96720723e-02
 5.59018625e-02
 3.60669122e-02
 2.04102704e-02
 9.10912122e-03
 2.28285544e-03
 0.00000000e+00
 6.72999932e-01
 6.72519836e-01
 6.71309046e-01
 6.69782884e-01
 6.68079288e-01
 6.65907922e-01
 6.62711888e-01
 6.57866878e-01
 6.50782381e-01
 6.40932608e-01
 6.27869744e-01
 6.11241095e-01
 5.90810526e-01
 5.66479070e-01
 5.38300029e-01
 5.06485562e-01
 4.71403347e-01
 4.33563250e-01
 3.93595109e-01
 3.52219687e-01
 3.10215429e-01
 2.68383984e-01
 2.27517306e-01
 1.88368753e-01
 1.51629966e-01
 1.17914541e-01
 8.77487326e-02
 6.15686705e-02
 3.97229741e-02
 2.24792193e-02
 1.00324908e-02
 2.51426214e-03
 0.00000000e+00
 7.25464428e-01
 7.25732470e-01
 7.26271762e-01
 7.26512772e-01
 7.25941960e-01
 7.24188713e-01
 7.20896143e-01
 7.15624902e-01
 7.07864822e-01
 6.97094974e-01
 6.82841270e-01
 6.64720285e-01
 6.42472706e-01
 6.15988796e-01
 5.85325336e-01
 5.50712585e-01
 5.12550309e-01
 4.71393020e-01
 4.27925642e-01
 3.82931809e-01
 3.37257661e-01
 2.91774359e-01
 2.47342380e-01
 2.04780175e-01
 1.64839114e-01
 1.28185780e-01
 9.53918949e-02
 6.69312950e-02
 4.31827752e-02
 2.44371011e-02
 1.09062930e-02
 2.73324798e-03
 0.00000000e+00
 7.82510981e-01
 7.82395656e-01
 7.82079424e-01
 7.81527486e-01
 7.80473447e-01
 7.78441377e-01
 7.74869215e-01
 7.69181147e-01
 7.60804867e-01
 7.49187481e-01
 7.33828225e-01
 7.14318809e-01
 6.90380985e-01
 6.61896185e-01
 6.28924851e-01
 5.91714137e-01
 5.50693537e-01
 5.06458885e-01
 4.59746116e-01
 4.11397096e-01
 3.62320639e-01
 3.13452208e-01
 2.65715639e-01
 2.19989587e-01
 1.77080690e-01
 1.37704593e-01
 1.02475121e-01
 7.19010413e-02
 4.63890976e-02
 2.62515405e-02
 1.17160741e-02
 2.93618783e-03
 0.00000000e+00
 8.31527499e-01
 8.31561801e-01
 8.31535426e-01
 8.31146309e-01
 8.30035155e-01
 8.27787263e-01
 8.23896689e-01
 8.17780061e-01
 8.08823932e-01
 7.96432316e-01
 7.80069178e-01
 7.59299361e-01
 7.33826668e-01
 7.03524924e-01
 6.68458448e-01
 6.28890059e-01
 5.85276258e-01
 5.38250270e-01
 4.88594249e-01
 4.37202887e-01
 3.85041791e-01
 3.33104584e-01
 2.82372352e-01
 2.33778188e-01
 1.88178791e-01
 1.46334299e-01
 1.08896749e-01
 7.64065967e-02
 4.92959389e-02
 2.78965034e-02
 1.24502210e-02
 3.12017466e-03
 0.00000000e+00
 8.76273125e-01
 8.76172772e-01
 8.75854445e-01
 8.75195405e-01
 8.73882329e-01
 8.71436746e-01
 8.67284268e-01
 8.60798800e-01
 8.51333854e-01
 8.38260557e-01
 8.21012030e-01
 7.99128296e-01
 7.72297000e-01
 7.40385877e-01
 7.03463601e-01
 6.61807368e-01
 6.15897490e-01
 5.66399998e-01
 5.14137948e-01
 4.60053039e-01
 4.05161284e-01
 3.50507612e-01
 2.97123464e-01
 2.45989926e-01
 1.98008038e-01
 1.53977492e-01
 1.14584315e-01
 8.03971203e-02
 5.18704952e-02
 2.93534291e-02
 1.31004433e-02
 3.28312682e-03
 0.00000000e+00
 9.13398284e-01
 9.13413098e-01
 9.13326809e-01
 9.12829388e-01
 9.11537689e-01
 9.08996348e-01
 9.04652409e-01
 8.97872715e-01
 8.87987613e-01
 8.74340281e-01
 8.56337275e-01
 8.33497534e-01
 8.05495767e-01
 7.72196203e-01
 7.33673118e-01
 6.90216826e-01
 6.42327408e-01
 5.90698200e-01
 5.36187581e-01
 4.79778630e-01
 4.22531359e-01
 3.65534626e-01
 3.09862578e-01
 2.56537281e-01
 2.06498170e-01
 1.60579510e-01
 1.19497064e-01
 8.38439606e-02
 5.40942562e-02
 3.06118303e-02
 1.36620670e-02
 3.42387767e-03
 0.00000000e+00
 9.45635887e-01
 9.45521471e-01
 9.45169837e-01
 9.44457377e-01
 9.43038676e-01
 9.40393229e-01
 9.35907122e-01
 9.28909098e-01
 9.18698589e-01
 9.04590386e-01
 8.85967446e-01
 8.62331803e-01
 8.33349231e-01
 7.98884241e-01
 7.59019509e-01
 7.14057377e-01
 6.64511773e-01
 6.11096157e-01
 5.54698875e-01
 4.96340091e-01
 4.37118155e-01
 3.78157987e-01
 3.20567731e-01
 2.65402755e-01
 2.13635057e-01
 1.66129002e-01
 1.23626206e-01
 8.67407439e-02
 5.59630207e-02
 3.16693090e-02
 1.41340076e-02
 3.54214918e-03
 0.00000000e+00
 9.70290762e-01
 9.70345479e-01
 9.70318268e-01
 9.69813683e-01
 9.68440143e-01
 9.65761403e-01
 9.61202544e-01
 9.54071188e-01
 9.43631933e-01
 9.29172579e-01
 9.10058248e-01
 8.85779531e-01
 8.55996825e-01
 8.20579574e-01
 7.79625353e-01
 7.33448271e-01
 6.82565461e-01
 6.27699970e-01
 5.69766143e-01
 5.09820440e-01
 4.48995796e-01
 3.88444514e-01
 3.29298035e-01
 2.72636134e-01
 2.19458107e-01
 1.70655425e-01
 1.26992713e-01
 8.91016685e-02
 5.74857436e-02
 3.25308664e-02
 1.45184992e-02
 3.63850832e-03
 0.00000000e+00
 9.91630896e-01
 9.91318437e-01
 9.90564181e-01
 9.89561548e-01
 9.88062783e-01
 9.85437264e-01
 9.80926448e-01
 9.73760325e-01
 9.63180011e-01
 9.48463830e-01
 9.28971519e-01
 9.04188500e-01
 8.73768501e-01
 8.37589377e-01
 7.95780278e-01
 7.48670241e-01
 6.96756321e-01
 6.40754926e-01
 5.81606474e-01
 5.20410182e-01
 4.58333316e-01
 3.96545053e-01
 3.36185850e-01
 2.78348096e-01
 2.24054277e-01
 1.74223453e-01
 1.29642646e-01
 9.09580510e-02
 5.86822630e-02
 3.32076400e-02
 1.48204810e-02
 3.71418134e-03
 0.00000000e+00
 1.00076932e+00
 1.00128046e+00
 1.00231348e+00
 1.00290009e+00
 1.00231960e+00
 1.00010320e+00
 9.95741937e-01
 9.88588357e-01
 9.77917341e-01
 9.63010526e-01
 9.43232250e-01
 9.18069864e-01
 8.87153381e-01
 8.50363594e-01
 8.07905760e-01
 7.60139005e-01
 7.07480995e-01
 6.50621974e-01
 5.90536289e-01
 5.28385491e-01
 4.65376037e-01
 4.02678958e-01
 3.41425478e-01
 2.82701053e-01
 2.27549115e-01
 1.76924427e-01
 1.31640288e-01
 9.23536711e-02
 5.95804928e-02
 3.37153426e-02
 1.50469769e-02
 3.77093972e-03
 0.00000000e+00
 1.01641166e+00
 1.01610515e+00
 1.01541041e+00
 1.01456453e+00
 1.01328306e+00
 1.01085531e+00
 1.00645716e+00
 9.99277636e-01
 9.88532139e-01
 9.73471917e-01
 9.53473227e-01
 9.28055136e-01
 8.96765891e-01
 8.59453123e-01
 8.16508622e-01
 7.68377461e-01
 7.15232143e-01
 6.57748368e-01
 5.96942337e-01
 5.34082516e-01
 4.70424534e-01
 4.07113494e-01
 3.45259486e-01
 2.85897923e-01
 2.30095416e-01
 1.78864996e-01
 1.33059987e-01
 9.33406423e-02
 6.02145290e-02
 3.40733834e-02
 1.52066405e-02
 3.81091537e-03
 0.00000000e+00
 1.02198567e+00
 1.02201269e+00
 1.02198569e+00
 1.02163191e+00
 1.02055069e+00
 1.01816915e+00
 1.01377034e+00
 1.00656292e+00
 9.95767613e-01
 9.80571462e-01
 9.60369059e-01
 9.34850857e-01
 9.03311677e-01
 8.65469129e-01
 8.22122498e-01
 7.73997956e-01
 7.20549598e-01
 6.62637583e-01
 6.01248723e-01
 5.37871827e-01
 4.73816576e-01
 4.10135974e-01
 3.47964610e-01
 2.88167243e-01
 2.31861477e-01
 1.80153106e-01
 1.33978262e-01
 9.39797289e-02
 6.06258193e-02
 3.43046430e-02
 1.53095174e-02
 3.83655653e-03
 0.00000000e+00
 1.02441587e+00
 1.02476158e+00
 1.02545096e+00
 1.02574309e+00
 1.02502417e+00
 1.02278234e+00
 1.01841688e+00
 1.01117002e+00
 1.00037966e+00
 9.85074639e-01
 9.64556352e-01
 9.39200393e-01
 9.07538447e-01
 8.69061134e-01
 8.25237153e-01
 7.77706328e-01
 7.23940755e-01
 6.65830053e-01
 6.03878964e-01
 5.40138018e-01
 4.75917745e-01
 4.12015123e-01
 3.49842235e-01
 2.89735478e-01
 2.33027070e-01
 1.80880787e-01
 1.34467738e-01
 9.43531369e-02
 6.08668273e-02
 3.44297346e-02
 1.53621983e-02
 3.84897306e-03
 0.00000000e+00
 1.02940394e+00
 1.02937861e+00
 1.02926127e+00
 1.02883488e+00
 1.02780096e+00
 1.02550312e+00
 1.02114097e+00
 1.01377672e+00
 1.00306804e+00
 9.87801599e-01
 9.66546892e-01
 9.41868463e-01
 9.10136063e-01
 8.70932105e-01
 8.26238153e-01
 7.80306820e-01
 7.25777941e-01
 6.67899479e-01
 6.05213650e-01
 5.41269363e-01
 4.77116591e-01
 4.12958987e-01
 3.51216681e-01
 2.90770843e-01
 2.33802241e-01
 1.81104116e-01
 1.34593502e-01
 9.45987776e-02
 6.09991982e-02
 3.44364304e-02
 1.53459894e-02
 3.84182834e-03
 0.00000000e+00
 1.03248834e+00
 1.03211103e+00
 1.03129883e+00
 1.03030468e+00
 1.02915797e+00
 1.02693010e+00
 1.02259677e+00
 1.01500416e+00
 1.00437363e+00
 9.89617203e-01
 9.66709462e-01
 9.43619933e-01
 9.11596393e-01
 8.71845772e-01
 8.25451293e-01
 7.82594062e-01
 7.26272252e-01
 6.69413818e-01
 6.05570859e-01
 5.41653659e-01
 4.77795987e-01
 4.13114099e-01
 3.52410358e-01
 2.91321607e-01
 2.34450380e-01
 1.80843007e-01
 1.34416946e-01
 9.49369625e-02
 6.10777991e-02
 3.42313895e-02
 1.51775401e-02
 3.78928509e-03
 0.00000000e+00
 1.03268599e+00
 1.03221787e+00
 1.03136936e+00
 1.03041801e+00
 1.02956540e+00
 1.02762684e+00
 1.02328340e+00
 1.01545234e+00
 1.00466903e+00
 9.91210111e-01
 9.65491748e-01
 9.45051281e-01
 9.12196428e-01
 8.72470824e-01
 8.23417661e-01
 7.84988202e-01
 7.25685471e-01
 6.70756340e-01
 6.05268856e-01
 5.41655516e-01
 4.78247694e-01
 4.12673535e-01
 3.53611636e-01
 2.91375621e-01
 2.35195015e-01
 1.80173056e-01
 1.34028783e-01
 9.55585384e-02
 6.11319728e-02
 3.37123866e-02
 1.47299627e-02
 3.64800519e-03
 0.00000000e+00
 1.03152487e+00
 1.03114459e+00
 1.03061620e+00
 1.03003615e+00
 1.02953825e+00
 1.02799415e+00
 1.02352112e+00
 1.01560763e+00
 1.00439282e+00
 9.92631903e-01
 9.63830468e-01
 9.46245876e-01
 9.12233140e-01
 8.73043855e-01
 8.21227998e-01
 7.87111564e-01
 7.24671067e-01
 6.71871495e-01
 6.04742274e-01
 5.41557230e-01
 4.78572203e-01
 4.12035872e-01
 3.54661588e-01
 2.91103086e-01
 2.35955802e-01
 1.79406039e-01
 1.33612973e-01
 9.63208575e-02
 6.11620485e-02
 3.30619666e-02
 1.40633535e-02
 3.41324299e-03
 0.00000000e+00
 1.03087500e+00
 1.03068555e+00
 1.03025748e+00
 1.02986273e+00
 1.02947722e+00
 1.02813086e+00
 1.02355847e+00
 1.01565927e+00
 1.00418235e+00
 9.93250174e-01
 9.63049824e-01
 9.46750039e-01
 9.12160236e-01
 8.73307941e-01
 8.20272709e-01
 7.87998317e-01
 7.24172860e-01
 6.72330651e-01
 6.04487910e-01
 5.41510797e-01
 4.78700733e-01
 4.11734793e-01
 3.55100475e-01
 2.90927778e-01
 2.36300878e-01
 1.79058219e-01
 1.33429098e-01
 9.66870651e-02
 6.11684788e-02
 3.27599589e-02
 1.37026782e-02
 3.26244921e-03
 0.00000000e+00
