 7.53099000e-01
 7.58568868e-01
 7.72962957e-01
 7.92726094e-01
 8.18736824e-01
 8.45630334e-01
 8.64414068e-01
 8.78544342e-01
 8.80305429e-01
 8.70794135e-01
 8.54310931e-01
 8.32055919e-01
 8.08954473e-01
 7.87498575e-01
 7.73363933e-01
 7.68533000e-01
 7.48997635e-01
 7.53571959e-01
 7.67239234e-01
 7.87305470e-01
 8.13032990e-01
 8.39398658e-01
 8.58541538e-01
 8.72221674e-01
 8.74071181e-01
 8.64819180e-01
 8.48331325e-01
 8.26271146e-01
 8.03163230e-01
 7.82199162e-01
 7.68534263e-01
 7.64032050e-01
 7.32686269e-01
 7.36832887e-01
 7.49815717e-01
 7.70260241e-01
 7.95403126e-01
 8.20661922e-01
 8.40267089e-01
 8.53056761e-01
 8.55054965e-01
 8.46421160e-01
 8.30099604e-01
 8.08531956e-01
 7.85700659e-01
 7.65629956e-01
 7.52549423e-01
 7.48198809e-01
 6.98931666e-01
 7.04379710e-01
 7.19095087e-01
 7.40180991e-01
 7.64718553e-01
 7.88874519e-01
 8.08318333e-01
 8.20340417e-01
 8.22437260e-01
 8.14530500e-01
 7.98778466e-01
 7.78013374e-01
 7.55948157e-01
 7.36441958e-01
 7.22866265e-01
 7.17901985e-01
 6.57480261e-01
 6.62423670e-01
 6.76295509e-01
 6.96587380e-01
 7.20055918e-01
 7.43014847e-01
 7.61689153e-01
 7.73079089e-01
 7.75257467e-01
 7.68119807e-01
 7.53385717e-01
 7.33898628e-01
 7.13227480e-01
 6.95093419e-01
 6.82763446e-01
 6.78418256e-01
 6.04705508e-01
 6.08848609e-01
 6.20927777e-01
 6.39352502e-01
 6.61105927e-01
 6.82520221e-01
 7.00023541e-01
 7.10749356e-01
 7.13025258e-01
 7.06761455e-01
 6.93450298e-01
 6.75768218e-01
 6.57070504e-01
 6.40791027e-01
 6.29808364e-01
 6.25945964e-01
 5.35981669e-01
 5.40106456e-01
 5.51641350e-01
 5.68642741e-01
 5.88503053e-01
 6.08047979e-01
 6.24077220e-01
 6.34014963e-01
 6.36395087e-01
 6.31146244e-01
 6.19586836e-01
 6.04126254e-01
 5.87780640e-01
 5.73569677e-01
 5.63951776e-01
 5.60547289e-01
 4.58412401e-01
 4.61788078e-01
 4.71693948e-01
 4.86795575e-01
 5.04512549e-01
 5.21887628e-01
 5.36163581e-01
 5.45154873e-01
 5.47618526e-01
 5.43498151e-01
 5.33921163e-01
 5.20939129e-01
 5.07107543e-01
 4.95048242e-01
 4.86981217e-01
 4.84184022e-01
 3.70921412e-01
 3.74623659e-01
 3.84436968e-01
 3.97992631e-01
 4.13208193e-01
 4.28001390e-01
 4.40233989e-01
 4.48118118e-01
 4.50619377e-01
 4.47681985e-01
 4.40229197e-01
 4.29937762e-01
 4.18831620e-01
 4.08838186e-01
 4.01672830e-01
 3.99000280e-01
 2.91594550e-01
 2.93254688e-01
 2.98741443e-01
 3.08062975e-01
 3.19692263e-01
 3.31497190e-01
 3.41499697e-01
 3.48176686e-01
 3.50665250e-01
 3.48893847e-01
 3.43575572e-01
 3.36059417e-01
 3.28096949e-01
 3.21528346e-01
 3.17642515e-01
 3.16473650e-01
 2.04910239e-01
 2.06941412e-01
 2.12309056e-01
 2.19921633e-01
 2.28871260e-01
 2.37954026e-01
 2.45807150e-01
 2.51291946e-01
 2.53736406e-01
 2.53050027e-01
 2.49714934e-01
 2.44654418e-01
 2.38994245e-01
 2.33748249e-01
 2.29783482e-01
 2.28221931e-01
 1.29850185e-01
 1.30917062e-01
 1.34315550e-01
 1.39772069e-01
 1.46344070e-01
 1.53045108e-01
 1.58976572e-01
 1.63380612e-01
 1.65773391e-01
 1.66051955e-01
 1.64492430e-01
 1.61640196e-01
 1.58213589e-01
 1.55065937e-01
 1.53045674e-01
 1.52422268e-01
 6.47243858e-02
 6.58480967e-02
 6.87147171e-02
 7.26415877e-02
 7.71701531e-02
 8.18392656e-02
 8.61553524e-02
 8.96577278e-02
 9.20069097e-02
 9.30896542e-02
 9.30426549e-02
 9.21022560e-02
 9.06269343e-02
 8.90043619e-02
 8.76442399e-02
 8.70741341e-02
 1.72580399e-02
 1.79392416e-02
 1.97858604e-02
 2.23042353e-02
 2.51868539e-02
 2.82881158e-02
 3.13824714e-02
 3.42141206e-02
 3.65363643e-02
 3.82114856e-02
 3.93347742e-02
 3.98667997e-02
 3.99460565e-02
 3.96244113e-02
 3.90859595e-02
 3.88185370e-02
 -1.15092278e-02
 -1.11089919e-02
 -1.01858788e-02
 -8.77020059e-03
 -6.99814729e-03
 -4.88442009e-03
 -2.54752948e-03
 -1.26041575e-04
 2.18864860e-03
 4.20976057e-03
 6.08859206e-03
 7.53302873e-03
 8.65917951e-03
 9.37900416e-03
 9.68758151e-03
 9.68726206e-03
 -2.11380000e-02
 -2.09549929e-02
 -2.03562643e-02
 -1.92843381e-02
 -1.78921501e-02
 -1.61113090e-02
 -1.40304381e-02
 -1.17467294e-02
 -9.43105635e-03
 -7.30088413e-03
 -5.15612099e-03
 -3.41038700e-03
 -1.92264493e-03
 -8.55989111e-04
 -2.14281579e-04
 0.00000000e+00
