 1.67900060e+01
 1.53651029e+01
 1.26857199e+01
 1.06646146e+01
 8.57856163e+00
 7.95701501e+00
 7.77132951e+00
 3.55926529e+00
 3.15976889e+00
 1.45586834e+00
 2.77555755e-16
 1.53651023e+01
 9.63421214e+00
 -2.01078898e+03
 -1.89440746e+03
 -2.12203489e+03
 -2.90485523e+03
 -3.09367599e+03
 -2.93229367e+03
 -3.48368138e+03
 -4.63285148e+03
 5.34624763e-10
 1.26857184e+01
 2.01243740e+03
 1.09357865e+00
 1.16139862e+03
 1.72970410e+03
 -1.06213594e+03
 2.19870188e+03
 1.40205903e+03
 -1.45256638e+03
 -3.37578779e+03
 1.37542177e-08
 1.06646157e+01
 1.89562295e+03
 -1.15752322e+03
 1.45695351e+00
 -7.04225624e+02
 5.06426752e+02
 -9.32577041e+02
 -5.25682259e+02
 1.79245770e+03
 -3.05449629e+03
 9.50091832e-09
 8.57856040e+00
 2.12253290e+03
 -1.72927910e+03
 7.05602833e+02
 6.34003675e-01
 3.71924599e+02
 -1.07247063e+03
 -9.76507486e+02
 1.77389779e+03
 -2.95351988e+03
 -4.66517618e-08
 7.95701515e+00
 2.90509515e+03
 1.06223872e+03
 -5.04781955e+02
 -3.70787964e+02
 2.98403299e-01
 4.02896595e+02
 8.72524795e+01
 -1.06916889e+03
 -2.87559797e+03
 2.16347184e-08
 7.77132964e+00
 3.09399122e+03
 -2.19837918e+03
 9.32665595e+02
 1.07254481e+03
 -4.02789753e+02
 1.73799555e-02
 9.12338147e+02
 1.85943350e+03
 -2.43893194e+03
 2.69536291e-08
 3.55926547e+00
 2.93241845e+03
 -1.40195066e+03
 5.25769235e+02
 9.76538437e+02
 -8.72512317e+01
 -9.12371729e+02
 -5.13574939e-02
 1.52670076e+03
 -2.28204617e+03
 1.07184273e-08
 3.15976880e+00
 3.48383192e+03
 1.45259341e+03
 -1.79244390e+03
 -1.77388445e+03
 1.06916410e+03
 -1.85950329e+03
 -1.52676288e+03
 -1.32017703e-01
 -2.52493123e+03
 5.71842023e-10
 1.45586837e+00
 4.63291963e+03
 3.37581149e+03
 3.05450243e+03
 2.95352210e+03
 2.87559181e+03
 2.43891389e+03
 2.28203993e+03
 2.52493704e+03
 1.80748146e-03
 0.00000000e+00
 2.77555755e-16
 -9.15442367e-10
 -5.14728162e-09
 1.94362713e-07
 -5.91741662e-10
 1.45824660e-07
 -4.19127513e-07
 2.60639903e-08
 4.37815909e-09
 0.00000000e+00
 0.00000000e+00
