 4.49671000e-01
 4.58910287e-01
 4.88553222e-01
 5.32373944e-01
 5.69567941e-01
 6.16729040e-01
 6.38183221e-01
 6.63018860e-01
 6.70276080e-01
 6.71325189e-01
 6.71866000e-01
 4.40825930e-01
 4.50146338e-01
 4.78792162e-01
 5.20346712e-01
 5.59375542e-01
 6.03170257e-01
 6.27085615e-01
 6.49286855e-01
 6.57040144e-01
 6.57481408e-01
 6.56883763e-01
 4.12777970e-01
 4.21974758e-01
 4.48520495e-01
 4.86406020e-01
 5.26387369e-01
 5.64802806e-01
 5.91220419e-01
 6.09674160e-01
 6.17644340e-01
 6.18614807e-01
 6.18029620e-01
 3.64901881e-01
 3.73889092e-01
 3.98254852e-01
 4.32378948e-01
 4.69584899e-01
 5.03694011e-01
 5.29245245e-01
 5.45539433e-01
 5.53635622e-01
 5.57168757e-01
 5.58468423e-01
 3.05286066e-01
 3.11945461e-01
 3.31320638e-01
 3.60051783e-01
 3.92202705e-01
 4.21770997e-01
 4.44488350e-01
 4.58915067e-01
 4.65935723e-01
 4.67896658e-01
 4.67910904e-01
 2.28012434e-01
 2.33968262e-01
 2.50513788e-01
 2.74212761e-01
 3.00507204e-01
 3.24847813e-01
 3.43927850e-01
 3.56496607e-01
 3.63244153e-01
 3.66117403e-01
 3.66909735e-01
 1.48021141e-01
 1.52925938e-01
 1.65963258e-01
 1.84046342e-01
 2.04031531e-01
 2.22770587e-01
 2.37902969e-01
 2.48525427e-01
 2.55080332e-01
 2.58455398e-01
 2.59418501e-01
 7.90710311e-02
 8.12740296e-02
 8.85487620e-02
 1.00300496e-01
 1.14111116e-01
 1.27494017e-01
 1.38743250e-01
 1.47199433e-01
 1.53081294e-01
 1.56972579e-01
 1.58540474e-01
 1.76834710e-02
 1.97005652e-02
 2.49297148e-02
 3.24762371e-02
 4.15121626e-02
 5.05310788e-02
 5.85014547e-02
 6.49066534e-02
 6.94063893e-02
 7.16655740e-02
 7.21286119e-02
 -2.10390605e-02
 -1.96241063e-02
 -1.62233314e-02
 -1.14638539e-02
 -5.35870810e-03
 8.11109223e-04
 6.60583012e-03
 1.16657160e-02
 1.54390066e-02
 1.74791181e-02
 1.79718266e-02
 -3.37840000e-02
 -3.28295429e-02
 -3.03456973e-02
 -2.66505012e-02
 -2.15057202e-02
 -1.63399803e-02
 -1.13025935e-02
 -6.69774739e-03
 -3.09149189e-03
 -8.03959828e-04
 0.00000000e+00
