 5.10370000e-01
 4.98803774e-01
 4.64895816e-01
 4.10142351e-01
 3.36683778e-01
 2.54375190e-01
 1.62838606e-01
 9.02441205e-02
 2.97494267e-02
 -1.16604274e-02
 -2.62360000e-02
 5.14257460e-01
 5.02326143e-01
 4.68078015e-01
 4.12889586e-01
 3.39538295e-01
 2.56139388e-01
 1.66003283e-01
 9.13233263e-02
 3.01727598e-02
 -1.11689547e-02
 -2.55609627e-02
 5.22942330e-01
 5.11113388e-01
 4.76444321e-01
 4.20564669e-01
 3.46860420e-01
 2.61778443e-01
 1.73165707e-01
 9.49139072e-02
 3.20686645e-02
 -9.20461302e-03
 -2.34808786e-02
 5.32931316e-01
 5.21510694e-01
 4.87211972e-01
 4.30975266e-01
 3.56426655e-01
 2.70146550e-01
 1.81263124e-01
 1.00450381e-01
 3.58523237e-02
 -5.84489966e-03
 -2.02052889e-02
 5.44942594e-01
 5.33377261e-01
 4.98463686e-01
 4.41316443e-01
 3.65801828e-01
 2.78588100e-01
 1.88772646e-01
 1.06409154e-01
 4.04946994e-02
 -1.97310656e-03
 -1.66194536e-02
 5.56808246e-01
 5.43961492e-01
 5.07034294e-01
 4.48704637e-01
 3.72563917e-01
 2.84919748e-01
 1.94626621e-01
 1.11597013e-01
 4.50471842e-02
 2.17115631e-03
 -1.26092957e-02
 5.54853788e-01
 5.43441912e-01
 5.08510637e-01
 4.51020889e-01
 3.75269961e-01
 2.88071413e-01
 1.98216014e-01
 1.15444888e-01
 4.89704462e-02
 6.08556885e-03
 -8.70453609e-03
 5.55180945e-01
 5.42704400e-01
 5.06546589e-01
 4.49096209e-01
 3.74156927e-01
 2.88211445e-01
 1.99677425e-01
 1.17971487e-01
 5.21610852e-02
 9.50533550e-03
 -5.23369510e-03
 5.49163481e-01
 5.36999241e-01
 5.01237689e-01
 4.44606435e-01
 3.70725863e-01
 2.86504276e-01
 1.99769015e-01
 1.19465805e-01
 5.50290470e-02
 1.23991620e-02
 -2.50855957e-03
 5.43293413e-01
 5.31018206e-01
 4.95541679e-01
 4.40407456e-01
 3.67174814e-01
 2.84558523e-01
 1.99482656e-01
 1.19903999e-01
 5.80768878e-02
 1.51016521e-02
 -6.70245231e-04
 5.41507000e-01
 5.28644181e-01
 4.93080461e-01
 4.38824831e-01
 3.65658284e-01
 2.83727963e-01
 1.99394700e-01
 1.19757544e-01
 5.97363752e-02
 1.66924676e-02
 -2.16840434e-19
