 3.19976000e-01
 3.13219879e-01
 2.93201911e-01
 2.60513436e-01
 2.17564841e-01
 1.70274526e-01
 1.12320257e-01
 7.61364493e-02
 3.22489539e-02
 6.41409092e-03
 -6.83047368e-18
 3.14044551e-01
 3.06889420e-01
 2.86974518e-01
 2.54939354e-01
 2.13196001e-01
 1.65958403e-01
 1.11560595e-01
 7.27117831e-02
 3.22049452e-02
 7.28905597e-03
 -4.19329851e-15
 2.93069188e-01
 2.86575273e-01
 2.68139672e-01
 2.38530859e-01
 1.99697559e-01
 1.54549222e-01
 1.06565966e-01
 6.57847033e-02
 3.05184969e-02
 7.66134788e-03
 2.18065137e-15
 2.57276036e-01
 2.52731231e-01
 2.37792740e-01
 2.12066594e-01
 1.77576639e-01
 1.37338543e-01
 9.56087444e-02
 5.77375863e-02
 2.69246047e-02
 6.89655493e-03
 3.68212427e-16
 2.18646033e-01
 2.13579223e-01
 1.99493584e-01
 1.77493222e-01
 1.48550673e-01
 1.14934747e-01
 8.01515372e-02
 4.81460175e-02
 2.23907267e-02
 5.74408060e-03
 -2.91714589e-17
 1.67239852e-01
 1.64189019e-01
 1.54348924e-01
 1.37560325e-01
 1.15088623e-01
 8.90220156e-02
 6.20744692e-02
 3.72420578e-02
 1.72996974e-02
 4.43596547e-03
 -2.96381044e-16
 1.19471094e-01
 1.16706464e-01
 1.08828825e-01
 9.64824944e-02
 8.04956366e-02
 6.21826069e-02
 4.33336888e-02
 2.59848115e-02
 1.20672237e-02
 3.09469971e-03
 1.00101431e-18
 7.38612067e-02
 7.18448050e-02
 6.63334574e-02
 5.83135328e-02
 4.84411521e-02
 3.73550943e-02
 2.60134560e-02
 1.55945479e-02
 7.24033304e-03
 1.85621553e-03
 3.31396630e-18
 3.46980061e-02
 3.37117315e-02
 3.10466242e-02
 2.71994081e-02
 2.25400211e-02
 1.73626109e-02
 1.20863980e-02
 7.24380814e-03
 3.36350120e-03
 8.62728668e-04
 -6.58956234e-19
 8.89931895e-03
 8.68478820e-03
 7.98826753e-03
 6.98404962e-03
 5.78296710e-03
 4.45354487e-03
 3.09923875e-03
 1.85825199e-03
 8.62028782e-04
 2.20301019e-04
 0.00000000e+00
 0.00000000e+00
 2.11025147e-13
 -7.33451188e-14
 6.89757188e-14
 2.13404940e-15
 7.51453672e-15
 -1.07809611e-15
 -2.25349897e-18
 -2.40420982e-17
 0.00000000e+00
 0.00000000e+00
