 1.01697800e+00
 1.00970969e+00
 9.96992565e-01
 9.69531885e-01
 8.60097291e-01
 7.24774247e-01
 4.98171045e-01
 3.24779612e-01
 1.56678894e-01
 3.90017319e-02
 0.00000000e+00
 1.01782709e+00
 9.95806490e-01
 9.69525504e-01
 9.13895054e-01
 8.09761936e-01
 6.83881016e-01
 4.81725831e-01
 3.04358720e-01
 1.51908177e-01
 3.76949188e-02
 0.00000000e+00
 1.00453831e+00
 9.51142527e-01
 8.74575286e-01
 7.86941347e-01
 6.77560694e-01
 5.88740347e-01
 4.19233651e-01
 2.58671002e-01
 1.31766540e-01
 3.45573954e-02
 0.00000000e+00
 9.60086450e-01
 9.07023564e-01
 7.88561973e-01
 6.64609876e-01
 5.47314933e-01
 4.69456572e-01
 3.31132573e-01
 2.03221880e-01
 1.02946102e-01
 2.64225807e-02
 0.00000000e+00
 8.89318500e-01
 8.32633017e-01
 7.11226669e-01
 5.71885096e-01
 4.47897655e-01
 3.55456034e-01
 2.50718421e-01
 1.52611341e-01
 7.44463206e-02
 1.92554199e-02
 0.00000000e+00
 7.10661124e-01
 6.67214134e-01
 5.54985086e-01
 4.37594918e-01
 3.45063904e-01
 2.63307548e-01
 1.83288020e-01
 1.10745308e-01
 5.22982807e-02
 1.35044241e-02
 0.00000000e+00
 5.20926597e-01
 4.89491588e-01
 4.19949161e-01
 3.37032410e-01
 2.55802830e-01
 1.86286268e-01
 1.26181932e-01
 7.51084525e-02
 3.50151180e-02
 9.00407039e-03
 0.00000000e+00
 3.29771950e-01
 3.14050671e-01
 2.69989756e-01
 2.15461677e-01
 1.61471008e-01
 1.14589844e-01
 7.61289591e-02
 4.47584529e-02
 2.07117682e-02
 5.29690000e-03
 0.00000000e+00
 1.51950378e-01
 1.41261431e-01
 1.20209946e-01
 9.62887652e-02
 7.41582528e-02
 5.34770946e-02
 3.54428616e-02
 2.07496574e-02
 9.57473859e-03
 2.46509977e-03
 0.00000000e+00
 3.76518861e-02
 3.70206129e-02
 3.05298851e-02
 2.50387791e-02
 1.90737172e-02
 1.37109989e-02
 9.08517108e-03
 5.33042040e-03
 2.43935281e-03
 6.26794152e-04
 0.00000000e+00
 0.00000000e+00
 -1.80835385e-13
 -7.17632537e-14
 -6.48536566e-15
 -7.52394093e-15
 -3.16582772e-15
 -7.46790418e-16
 2.80762469e-17
 -1.27530612e-16
 0.00000000e+00
 0.00000000e+00
