 0.00000000e+00
 3.59771474e-02
 1.60554192e-01
 3.58599343e-01
 5.32578542e-01
 7.29384388e-01
 9.14656678e-01
 9.53763975e-01
 1.00999895e+00
 1.02441960e+00
 1.01697800e+00
 1.67378650e-13
 3.71945558e-02
 1.58194138e-01
 3.50251945e-01
 5.42814990e-01
 7.65252007e-01
 9.72255795e-01
 1.06377415e+00
 1.05469450e+00
 1.04164870e+00
 1.01782709e+00
 -2.69174569e-13
 2.95722464e-02
 1.32409054e-01
 3.11989608e-01
 5.31517873e-01
 7.95951793e-01
 1.05141117e+00
 1.14932514e+00
 1.11757070e+00
 1.05193420e+00
 1.00453831e+00
 5.05031778e-13
 1.01614605e-02
 7.16058870e-02
 2.22339720e-01
 4.41515608e-01
 7.34885701e-01
 1.02262103e+00
 1.11463157e+00
 1.12004136e+00
 1.03626630e+00
 9.60086450e-01
 3.79129110e-12
 -8.42430379e-03
 8.68450707e-03
 9.84479475e-02
 2.69560374e-01
 5.58346914e-01
 8.55701534e-01
 1.00494413e+00
 1.01803059e+00
 9.41587421e-01
 8.89318500e-01
 1.09767193e-12
 -3.83071564e-02
 -1.02978914e-01
 -9.53022422e-02
 4.18521309e-02
 2.93087496e-01
 5.52935074e-01
 7.28534546e-01
 7.94528959e-01
 7.56108862e-01
 7.10661124e-01
 1.35646535e-12
 -9.69034592e-02
 -2.88141077e-01
 -3.19125225e-01
 -1.60814487e-01
 3.61404033e-02
 2.63608717e-01
 4.38878286e-01
 5.25688216e-01
 5.33087540e-01
 5.20926597e-01
 7.34629415e-13
 -1.24271058e-01
 -3.25762710e-01
 -3.97277830e-01
 -2.99642544e-01
 -9.54184568e-02
 8.80588879e-02
 2.17756540e-01
 3.00914134e-01
 3.27921733e-01
 3.29771950e-01
 -8.19364564e-14
 -8.12707492e-02
 -2.24748120e-01
 -3.01746078e-01
 -2.57758691e-01
 -1.04401394e-01
 2.14197591e-03
 7.15683381e-02
 1.27498003e-01
 1.49194182e-01
 1.51950378e-01
 2.62933141e-14
 -4.20232559e-02
 -8.19075018e-02
 -1.04993279e-01
 -8.63433700e-02
 -4.38183529e-02
 -9.40594212e-03
 1.12271075e-02
 2.91208904e-02
 3.66503858e-02
 3.76518861e-02
 0.00000000e+00
 1.77019930e-12
 3.25376517e-13
 -1.03217604e-12
 -8.34400118e-13
 -4.43614992e-13
 5.16218789e-14
 -8.03390445e-16
 -4.68545045e-15
 0.00000000e+00
 0.00000000e+00
