 7.12956000e-01
 7.15900164e-01
 7.19023277e-01
 7.12526226e-01
 6.92939900e-01
 6.59814983e-01
 6.22522595e-01
 5.80228654e-01
 5.34288378e-01
 5.06555337e-01
 4.98622000e-01
 7.28280109e-01
 7.30141154e-01
 7.32158118e-01
 7.25714670e-01
 7.06207083e-01
 6.73353711e-01
 6.34702282e-01
 5.90946980e-01
 5.46280320e-01
 5.17656140e-01
 5.07944872e-01
 7.70900930e-01
 7.71119329e-01
 7.70318403e-01
 7.63037297e-01
 7.43472740e-01
 7.10540783e-01
 6.68778586e-01
 6.22136584e-01
 5.78473654e-01
 5.48650620e-01
 5.37914883e-01
 8.28970429e-01
 8.28479332e-01
 8.26053797e-01
 8.17536765e-01
 7.97261025e-01
 7.63056528e-01
 7.17858452e-01
 6.67949080e-01
 6.22999966e-01
 5.93032265e-01
 5.82923232e-01
 8.88013689e-01
 8.88452484e-01
 8.87033324e-01
 8.78187894e-01
 8.56751251e-01
 8.20483024e-01
 7.71959386e-01
 7.18261831e-01
 6.69196029e-01
 6.34442355e-01
 6.21711351e-01
 9.46752244e-01
 9.46438619e-01
 9.43751618e-01
 9.33758861e-01
 9.10865139e-01
 8.72450594e-01
 8.21032380e-01
 7.64126155e-01
 7.12147819e-01
 6.75605980e-01
 6.62433860e-01
 9.89637680e-01
 9.89328910e-01
 9.86369879e-01
 9.75601423e-01
 9.51477687e-01
 9.11361997e-01
 8.57846899e-01
 7.98908093e-01
 7.45585914e-01
 7.08748478e-01
 6.95713450e-01
 1.01516173e+00
 1.01503922e+00
 1.01203762e+00
 1.00068984e+00
 9.75768402e-01
 9.34640476e-01
 8.79778629e-01
 8.19677346e-01
 7.65429838e-01
 7.27288416e-01
 7.13382015e-01
 1.02955662e+00
 1.02843036e+00
 1.02380059e+00
 1.01160385e+00
 9.86326074e-01
 9.44973632e-01
 8.89119422e-01
 8.28447587e-01
 7.74808601e-01
 7.37964685e-01
 7.24962344e-01
 1.03324268e+00
 1.03158767e+00
 1.02634378e+00
 1.01416734e+00
 9.88854941e-01
 9.47980957e-01
 8.91166378e-01
 8.29959902e-01
 7.77304751e-01
 7.40957349e-01
 7.28134505e-01
 1.03286200e+00
 1.03132611e+00
 1.02616380e+00
 1.01425347e+00
 9.88909321e-01
 9.48433201e-01
 8.91130509e-01
 8.29606640e-01
 7.77521347e-01
 7.41074726e-01
 7.27742000e-01
