 0.00000000e+00
 1.69961155e-12
 -8.18234501e-14
 5.39760080e-13
 3.80740077e-13
 -4.94834658e-13
 -5.10483884e-13
 2.05882430e-13
 -2.64676247e-14
 4.41890722e-14
 0.00000000e+00
 1.88714523e-02
 1.91763619e-02
 1.93864541e-02
 1.92374696e-02
 1.87585724e-02
 1.79591949e-02
 1.69003203e-02
 1.57315459e-02
 1.46885626e-02
 1.40834315e-02
 1.39320352e-02
 7.49942160e-02
 7.53439601e-02
 7.56810186e-02
 7.50199848e-02
 7.31335518e-02
 7.00181832e-02
 6.58892802e-02
 6.13229011e-02
 5.71046920e-02
 5.41625464e-02
 5.31883235e-02
 1.64338659e-01
 1.64272979e-01
 1.63564871e-01
 1.61477753e-01
 1.57311504e-01
 1.50610031e-01
 1.41736400e-01
 1.31968720e-01
 1.23048701e-01
 1.16469376e-01
 1.13852016e-01
 2.75260207e-01
 2.74249861e-01
 2.72022458e-01
 2.68391142e-01
 2.61571310e-01
 2.50481218e-01
 2.35716040e-01
 2.19459608e-01
 2.04993924e-01
 1.95733179e-01
 1.92857180e-01
 3.84993556e-01
 3.85808761e-01
 3.86134588e-01
 3.82690341e-01
 3.73451408e-01
 3.57696440e-01
 3.36584062e-01
 3.13161045e-01
 2.91347604e-01
 2.74990424e-01
 2.68586789e-01
 4.98667220e-01
 4.98546566e-01
 4.97271083e-01
 4.92189872e-01
 4.80151781e-01
 4.59771988e-01
 4.32600912e-01
 4.02763164e-01
 3.76186280e-01
 3.58588478e-01
 3.52676955e-01
 5.94555885e-01
 5.93831529e-01
 5.91617055e-01
 5.85379698e-01
 5.70741130e-01
 5.46092986e-01
 5.13738324e-01
 4.78036239e-01
 4.45798888e-01
 4.24077542e-01
 4.16573942e-01
 6.58730103e-01
 6.59878990e-01
 6.60653013e-01
 6.54990173e-01
 6.38139443e-01
 6.09658356e-01
 5.73849833e-01
 5.33672768e-01
 4.95381556e-01
 4.68515726e-01
 4.58587752e-01
 6.98798018e-01
 7.01245673e-01
 7.03949324e-01
 6.97988034e-01
 6.79187904e-01
 6.47476432e-01
 6.10351045e-01
 5.68244754e-01
 5.24947098e-01
 4.97103615e-01
 4.87581809e-01
 7.12956000e-01
 7.15900164e-01
 7.19023277e-01
 7.12526226e-01
 6.92939900e-01
 6.59814983e-01
 6.22522595e-01
 5.80228654e-01
 5.34288378e-01
 5.06555337e-01
 4.98622000e-01
