 7.18860000e-01
 7.34685092e-01
 7.75457757e-01
 8.29777960e-01
 8.92687901e-01
 9.47666315e-01
 9.93196275e-01
 1.01528669e+00
 1.02541537e+00
 1.03092816e+00
 1.03286200e+00
 7.18601469e-01
 7.33909528e-01
 7.74626743e-01
 8.29971505e-01
 8.92401196e-01
 9.47907612e-01
 9.92283477e-01
 1.01527485e+00
 1.02583432e+00
 1.03120826e+00
 1.03298970e+00
 7.17339616e-01
 7.31922575e-01
 7.71955195e-01
 8.28223897e-01
 8.90060585e-01
 9.45920577e-01
 9.88472817e-01
 1.01263163e+00
 1.02353982e+00
 1.02762097e+00
 1.02854690e+00
 7.11683458e-01
 7.25499403e-01
 7.64365519e-01
 8.20062822e-01
 8.81087257e-01
 9.36222833e-01
 9.77434202e-01
 1.00162124e+00
 1.01188893e+00
 1.01389215e+00
 1.01353071e+00
 6.95115737e-01
 7.09025909e-01
 7.47148195e-01
 8.01124143e-01
 8.60251964e-01
 9.13646151e-01
 9.53411070e-01
 9.76900065e-01
 9.86913274e-01
 9.89380057e-01
 9.89584293e-01
 6.72006613e-01
 6.83982225e-01
 7.18393651e-01
 7.68908263e-01
 8.24952115e-01
 8.75660519e-01
 9.13464566e-01
 9.35913921e-01
 9.45460818e-01
 9.47461226e-01
 9.47338458e-01
 6.30784275e-01
 6.42939788e-01
 6.76577832e-01
 7.24632203e-01
 7.77280651e-01
 8.24541045e-01
 8.59848070e-01
 8.81172818e-01
 8.90796229e-01
 8.93527840e-01
 8.93802596e-01
 5.86821119e-01
 5.98180320e-01
 6.30011023e-01
 6.75554261e-01
 7.24661381e-01
 7.67629508e-01
 8.00039397e-01
 8.20169313e-01
 8.29547288e-01
 8.33015512e-01
 8.34101198e-01
 5.46773274e-01
 5.57705068e-01
 5.87805513e-01
 6.31575121e-01
 6.77743208e-01
 7.15183713e-01
 7.44941387e-01
 7.64382133e-01
 7.72815534e-01
 7.72989177e-01
 7.71456813e-01
 5.20847410e-01
 5.30249402e-01
 5.57701549e-01
 6.01513102e-01
 6.46459305e-01
 6.77544998e-01
 7.06020892e-01
 7.25528895e-01
 7.35060608e-01
 7.36194763e-01
 7.34775464e-01
 5.12343000e-01
 5.20306800e-01
 5.46435935e-01
 5.90920933e-01
 6.35812270e-01
 6.63615095e-01
 6.92006231e-01
 7.11563173e-01
 7.21989714e-01
 7.24561553e-01
 7.24594000e-01
