 0.00000000e+00
 2.10052960e-02
 7.92551818e-02
 1.65857541e-01
 2.74939890e-01
 3.87791813e-01
 4.98846108e-01
 6.00390458e-01
 6.62048217e-01
 7.02791500e-01
 7.18860000e-01
 1.40730459e-12
 2.04752100e-02
 7.85165672e-02
 1.65766983e-01
 2.74488960e-01
 3.88194455e-01
 4.99525807e-01
 5.98560906e-01
 6.62964094e-01
 7.03831900e-01
 7.18601469e-01
 -4.76698839e-13
 1.98664788e-02
 7.71744782e-02
 1.64926930e-01
 2.73142470e-01
 3.88173324e-01
 4.99342285e-01
 5.94758992e-01
 6.62547546e-01
 7.03595649e-01
 7.17339616e-01
 6.41886439e-12
 1.94527000e-02
 7.57835076e-02
 1.62729379e-01
 2.70063998e-01
 3.84992229e-01
 4.94917219e-01
 5.88122582e-01
 6.56487018e-01
 6.97803838e-01
 7.11683458e-01
 3.38951810e-12
 1.89277882e-02
 7.37853747e-02
 1.58644183e-01
 2.63671542e-01
 3.76357775e-01
 4.83757285e-01
 5.74723966e-01
 6.41893989e-01
 6.82028774e-01
 6.95115737e-01
 -4.34152232e-12
 1.81466551e-02
 7.07456142e-02
 1.52168336e-01
 2.53061493e-01
 3.61374667e-01
 4.64548224e-01
 5.52114354e-01
 6.17587618e-01
 6.58123695e-01
 6.72006613e-01
 1.30216779e-11
 1.71124885e-02
 6.67217238e-02
 1.43555914e-01
 2.38815367e-01
 3.41064605e-01
 4.38384769e-01
 5.20696981e-01
 5.81727696e-01
 6.18609018e-01
 6.30784276e-01
 -6.87760289e-12
 1.59609490e-02
 6.22109176e-02
 1.33955596e-01
 2.23069412e-01
 3.18450470e-01
 4.09441315e-01
 4.85707176e-01
 5.41623207e-01
 5.75492567e-01
 5.86821119e-01
 -6.59979423e-12
 1.49604050e-02
 5.80049264e-02
 1.24887447e-01
 2.09120109e-01
 2.97449613e-01
 3.83703105e-01
 4.54432590e-01
 5.04892637e-01
 5.36341675e-01
 5.46773274e-01
 3.19471560e-12
 1.46480858e-02
 5.52623751e-02
 1.17645075e-01
 2.00435832e-01
 2.81752713e-01
 3.66656536e-01
 4.33532598e-01
 4.77762942e-01
 5.09205231e-01
 5.20847410e-01
 0.00000000e+00
 1.48668089e-02
 5.45057081e-02
 1.14520259e-01
 1.97886831e-01
 2.75604951e-01
 3.60903103e-01
 4.26467478e-01
 4.67164310e-01
 4.98834222e-01
 5.12343000e-01
