 5.06818000e-01
 5.13068000e-01
 5.40147532e-01
 5.85465392e-01
 6.20080057e-01
 6.74121406e-01
 6.93943296e-01
 7.07330727e-01
 7.16049893e-01
 7.15378673e-01
 7.12956000e-01
 5.19560815e-01
 5.26290528e-01
 5.52443416e-01
 5.95438528e-01
 6.34451799e-01
 6.84602814e-01
 7.07788151e-01
 7.21746031e-01
 7.29769358e-01
 7.29499364e-01
 7.28280109e-01
 5.47403601e-01
 5.56231753e-01
 5.83807253e-01
 6.25874860e-01
 6.71335038e-01
 7.16891135e-01
 7.45525757e-01
 7.61516515e-01
 7.69118143e-01
 7.70742346e-01
 7.70900930e-01
 5.80718550e-01
 5.93257315e-01
 6.26068165e-01
 6.71349537e-01
 7.21034885e-01
 7.66618040e-01
 7.99108983e-01
 8.17651771e-01
 8.25844192e-01
 8.28402395e-01
 8.28970429e-01
 6.31057358e-01
 6.41866754e-01
 6.73866105e-01
 7.21536599e-01
 7.74661843e-01
 8.22808101e-01
 8.58246705e-01
 8.78835942e-01
 8.87252795e-01
 8.88502436e-01
 8.88013689e-01
 6.64325346e-01
 6.77873329e-01
 7.14556585e-01
 7.66225390e-01
 8.22888187e-01
 8.74069355e-01
 9.12064903e-01
 9.34462287e-01
 9.44066548e-01
 9.46518148e-01
 9.46752244e-01
 6.95504945e-01
 7.08463897e-01
 7.45547189e-01
 7.99438265e-01
 8.58829962e-01
 9.12516715e-01
 9.52534470e-01
 9.76311690e-01
 9.86704744e-01
 9.89415051e-01
 9.89637680e-01
 7.09369519e-01
 7.23863705e-01
 7.63367066e-01
 8.19159512e-01
 8.80272263e-01
 9.35569285e-01
 9.76996698e-01
 1.00153204e+00
 1.01238013e+00
 1.01512305e+00
 1.01516173e+00
 7.18404561e-01
 7.32364111e-01
 7.71731004e-01
 8.27841584e-01
 8.89693444e-01
 9.45625799e-01
 9.88295573e-01
 1.01266877e+00
 1.02395066e+00
 1.02845433e+00
 1.02955662e+00
 7.19842530e-01
 7.34608154e-01
 7.74698293e-01
 8.29887147e-01
 8.92307589e-01
 9.47833384e-01
 9.92239353e-01
 1.01528881e+00
 1.02594104e+00
 1.03141122e+00
 1.03324268e+00
 7.18860000e-01
 7.34685092e-01
 7.75457757e-01
 8.29777960e-01
 8.92687901e-01
 9.47666315e-01
 9.93196275e-01
 1.01528669e+00
 1.02541537e+00
 1.03092816e+00
 1.03286200e+00
