 0.00000000e+00
 8.78778040e-14
 -2.48787158e-13
 -3.11995018e-13
 -1.18250271e-13
 -5.00665728e-14
 -1.36750080e-15
 5.05044966e-15
 1.72182024e-15
 9.26191462e-16
 0.00000000e+00
 1.39320352e-02
 1.35537330e-02
 1.26208011e-02
 1.12841598e-02
 9.50270715e-03
 7.39555054e-03
 5.17921122e-03
 3.11468310e-03
 1.44764414e-03
 3.71038831e-04
 0.00000000e+00
 5.31883235e-02
 5.20947746e-02
 4.90437205e-02
 4.39827643e-02
 3.70490283e-02
 2.88322957e-02
 2.01930834e-02
 1.21421863e-02
 5.64498352e-03
 1.44822376e-03
 0.00000000e+00
 1.13852016e-01
 1.12022058e-01
 1.05708807e-01
 9.46686858e-02
 7.96978464e-02
 6.20186579e-02
 4.34361319e-02
 2.61186436e-02
 1.21426414e-02
 3.11418414e-03
 0.00000000e+00
 1.92857180e-01
 1.88336371e-01
 1.76156163e-01
 1.57423073e-01
 1.32531523e-01
 1.03141608e-01
 7.22397979e-02
 4.34397743e-02
 2.01957931e-02
 5.18054314e-03
 0.00000000e+00
 2.68586789e-01
 2.64432874e-01
 2.50182129e-01
 2.24589375e-01
 1.89229553e-01
 1.47273059e-01
 1.03152965e-01
 6.20337865e-02
 2.88416469e-02
 7.39754068e-03
 0.00000000e+00
 3.52676955e-01
 3.45043347e-01
 3.23362553e-01
 2.89024357e-01
 2.43227414e-01
 1.89238793e-01
 1.32562153e-01
 7.97416472e-02
 3.70793396e-02
 9.51122292e-03
 0.00000000e+00
 4.16573942e-01
 4.08088817e-01
 3.83387577e-01
 3.43262891e-01
 2.88805662e-01
 2.24655821e-01
 1.57445384e-01
 9.48016949e-02
 4.40678732e-02
 1.12947257e-02
 0.00000000e+00
 4.58587752e-01
 4.50949336e-01
 4.26663894e-01
 3.83893108e-01
 3.22272794e-01
 2.50777864e-01
 1.75830038e-01
 1.06246997e-01
 4.91320853e-02
 1.25006370e-02
 0.00000000e+00
 4.87581809e-01
 4.79028307e-01
 4.53598859e-01
 4.10181080e-01
 3.41759409e-01
 2.66717473e-01
 1.86661322e-01
 1.13894290e-01
 5.16309151e-02
 1.27198053e-02
 0.00000000e+00
 4.98622000e-01
 4.88654776e-01
 4.62477908e-01
 4.19743714e-01
 3.47790709e-01
 2.72194365e-01
 1.90048100e-01
 1.16858091e-01
 5.20910885e-02
 1.23937661e-02
 -6.93889390e-18
