 0.00000000e+00
 1.43584921e-02
 5.62557472e-02
 1.19508093e-01
 1.93052150e-01
 2.75822597e-01
 3.46337779e-01
 4.15005007e-01
 4.69738856e-01
 4.98720276e-01
 5.06818000e-01
 2.08476950e-12
 1.45394747e-02
 5.68898151e-02
 1.20941431e-01
 1.96923854e-01
 2.80421273e-01
 3.54398852e-01
 4.23709674e-01
 4.78114127e-01
 5.09107948e-01
 5.19560815e-01
 8.57829999e-13
 1.51021649e-02
 5.88740499e-02
 1.25752545e-01
 2.07134639e-01
 2.94295006e-01
 3.75623016e-01
 4.47469789e-01
 5.02253633e-01
 5.35668795e-01
 5.47403601e-01
 3.24382581e-12
 1.59840457e-02
 6.22839497e-02
 1.33631427e-01
 2.21437795e-01
 3.15231044e-01
 4.04351895e-01
 4.80822049e-01
 5.37651880e-01
 5.70618359e-01
 5.80718550e-01
 3.85586133e-12
 1.70542733e-02
 6.64746627e-02
 1.42878106e-01
 2.37328763e-01
 3.38523161e-01
 4.34955802e-01
 5.17130333e-01
 5.78827121e-01
 6.17490038e-01
 6.31057358e-01
 -1.54914377e-13
 1.80754092e-02
 7.04644242e-02
 1.51521205e-01
 2.51869237e-01
 3.59529101e-01
 4.62116813e-01
 5.49166663e-01
 6.13624601e-01
 6.51983659e-01
 6.64325346e-01
 -3.45588520e-12
 1.88732999e-02
 7.35691974e-02
 1.58165918e-01
 2.62840208e-01
 3.75128678e-01
 4.82172810e-01
 5.72909218e-01
 6.40226437e-01
 6.81448470e-01
 6.95504945e-01
 5.62694094e-13
 1.94181591e-02
 7.56504223e-02
 1.62438984e-01
 2.69570107e-01
 3.84279362e-01
 4.94027254e-01
 5.87157972e-01
 6.55457565e-01
 6.96160765e-01
 7.09369519e-01
 -4.38836670e-12
 1.98510622e-02
 7.71123100e-02
 1.64791810e-01
 2.72914570e-01
 3.87848153e-01
 4.98943013e-01
 5.94351855e-01
 6.62309834e-01
 7.04032798e-01
 7.18404561e-01
 9.66301184e-13
 2.04710201e-02
 7.85001579e-02
 1.65732912e-01
 2.74430109e-01
 3.88111941e-01
 4.99424673e-01
 5.98469345e-01
 6.63033184e-01
 7.04531992e-01
 7.19842530e-01
 0.00000000e+00
 2.10052960e-02
 7.92551818e-02
 1.65857541e-01
 2.74939890e-01
 3.87791813e-01
 4.98846108e-01
 6.00390458e-01
 6.62048217e-01
 7.02791500e-01
 7.18860000e-01
