 5.12343000e-01
 5.20306800e-01
 5.46435935e-01
 5.90920933e-01
 6.35812270e-01
 6.63615095e-01
 6.92006231e-01
 7.11563173e-01
 7.21989714e-01
 7.24561553e-01
 7.24594000e-01
 5.04935450e-01
 5.12351112e-01
 5.37061843e-01
 5.78847857e-01
 6.22028616e-01
 6.51591646e-01
 6.78930618e-01
 6.97802206e-01
 7.07317793e-01
 7.09420406e-01
 7.09109877e-01
 4.75750721e-01
 4.83180068e-01
 5.06334990e-01
 5.43068179e-01
 5.82490206e-01
 6.14000127e-01
 6.39328900e-01
 6.56209794e-01
 6.64144038e-01
 6.65861438e-01
 6.65614844e-01
 4.19647636e-01
 4.28495798e-01
 4.51947977e-01
 4.84678055e-01
 5.19746283e-01
 5.50032613e-01
 5.72896171e-01
 5.87225515e-01
 5.93857003e-01
 5.96027167e-01
 5.96550858e-01
 3.53379592e-01
 3.60090008e-01
 3.79275987e-01
 4.06847443e-01
 4.36619783e-01
 4.62905909e-01
 4.82337533e-01
 4.93899176e-01
 4.98802131e-01
 4.99799644e-01
 4.99668064e-01
 2.72364424e-01
 2.78319163e-01
 2.94148148e-01
 3.15895425e-01
 3.39232802e-01
 3.59955808e-01
 3.75164482e-01
 3.83842876e-01
 3.86888468e-01
 3.86978737e-01
 3.86779829e-01
 1.93631299e-01
 1.96875343e-01
 2.06539836e-01
 2.21120793e-01
 2.37373297e-01
 2.51997105e-01
 2.62847207e-01
 2.69219657e-01
 2.71396076e-01
 2.70262930e-01
 2.68921877e-01
 1.15769242e-01
 1.17732888e-01
 1.23745752e-01
 1.32754544e-01
 1.42641566e-01
 1.51530481e-01
 1.58293397e-01
 1.62953036e-01
 1.66812326e-01
 1.71277459e-01
 1.73915652e-01
 4.91290755e-02
 5.15679134e-02
 5.65170142e-02
 6.15240134e-02
 6.62806309e-02
 7.04539973e-02
 7.36823491e-02
 7.61057282e-02
 7.82590060e-02
 7.97865571e-02
 8.01131551e-02
 1.12231872e-02
 1.25469825e-02
 1.43567127e-02
 1.57572821e-02
 1.69985212e-02
 1.80711322e-02
 1.89065819e-02
 1.95354911e-02
 2.00015317e-02
 1.98577140e-02
 1.93769494e-02
 0.00000000e+00
 5.76103820e-12
 -2.97976101e-13
 -8.32561463e-13
 -2.18909123e-13
 1.95027929e-13
 4.82387244e-14
 1.28471483e-14
 2.68694025e-15
 0.00000000e+00
 0.00000000e+00
