 0.00000000e+00
 6.57455396e-13
 -5.00519452e-13
 -3.11818585e-12
 1.34915185e-12
 -9.38250954e-13
 1.72292953e-13
 1.79123461e-13
 -1.55586100e-13
 -1.12698261e-13
 0.00000000e+00
 -2.64149258e-13
 3.73624468e-04
 1.45807249e-03
 3.13617184e-03
 5.21646587e-03
 7.45287953e-03
 9.59202774e-03
 1.14038181e-02
 1.26375548e-02
 1.29392465e-02
 1.26643864e-02
 4.21949703e-13
 1.45794415e-03
 5.68456241e-03
 1.22270398e-02
 2.03368863e-02
 2.90545419e-02
 3.73930435e-02
 4.44919941e-02
 4.95672913e-02
 5.19959381e-02
 5.24666844e-02
 7.47789605e-13
 3.13675925e-03
 1.22285260e-02
 2.63019149e-02
 4.37402108e-02
 6.24783557e-02
 8.03981761e-02
 9.57680369e-02
 1.07476991e-01
 1.14967245e-01
 1.17642167e-01
 -9.90777055e-14
 5.21872828e-03
 2.03450765e-02
 4.37516645e-02
 7.27355899e-02
 1.03841157e-01
 1.33532010e-01
 1.58938507e-01
 1.78316233e-01
 1.90667746e-01
 1.94968508e-01
 7.03722455e-13
 7.46148356e-03
 2.90849634e-02
 6.25248112e-02
 1.03873944e-01
 1.48162940e-01
 1.90303167e-01
 2.26010820e-01
 2.52398630e-01
 2.68255543e-01
 2.73519712e-01
 3.46000884e-12
 9.62109762e-03
 3.74956692e-02
 8.05367821e-02
 1.33616898e-01
 1.90315682e-01
 2.44189720e-01
 2.89848540e-01
 3.23298075e-01
 3.42722910e-01
 3.48836842e-01
 -1.68708149e-12
 1.15145487e-02
 4.48554556e-02
 9.61362190e-02
 1.59045791e-01
 2.26045835e-01
 2.89528091e-01
 3.44162762e-01
 3.85231112e-01
 4.10505381e-01
 4.19197292e-01
 -1.24031856e-12
 1.30233969e-02
 5.07711482e-02
 1.08317869e-01
 1.78122600e-01
 2.52818780e-01
 3.22226689e-01
 3.83923311e-01
 4.30957530e-01
 4.58547260e-01
 4.67539631e-01
 1.89959632e-12
 1.40051039e-02
 5.48116007e-02
 1.16469116e-01
 1.89482278e-01
 2.69781380e-01
 3.40702204e-01
 4.07390313e-01
 4.59600308e-01
 4.88100273e-01
 4.96762115e-01
 0.00000000e+00
 1.43584921e-02
 5.62557472e-02
 1.19508093e-01
 1.93052150e-01
 2.75822597e-01
 3.46337779e-01
 4.15005007e-01
 4.69738856e-01
 4.98720276e-01
 5.06818000e-01
