 7.27742000e-01
 7.09752716e-01
 6.64106521e-01
 5.97189287e-01
 4.96722928e-01
 3.90102307e-01
 2.67284194e-01
 1.59357824e-01
 7.57525849e-02
 2.00041919e-02
 0.00000000e+00
 7.26593075e-01
 7.10113749e-01
 6.65010464e-01
 5.96142269e-01
 4.97735640e-01
 3.89209835e-01
 2.68162542e-01
 1.59961655e-01
 7.54540083e-02
 1.95752569e-02
 0.00000000e+00
 7.21835408e-01
 7.07198817e-01
 6.63867389e-01
 5.93531157e-01
 4.97937887e-01
 3.87281130e-01
 2.69083845e-01
 1.60885295e-01
 7.50280533e-02
 1.92679580e-02
 0.00000000e+00
 7.11008690e-01
 6.97423327e-01
 6.56086495e-01
 5.87029659e-01
 4.93495428e-01
 3.83349687e-01
 2.67533809e-01
 1.60384292e-01
 7.45160626e-02
 1.91119682e-02
 0.00000000e+00
 6.93542944e-01
 6.80297067e-01
 6.40106349e-01
 5.73022234e-01
 4.82085469e-01
 3.74652886e-01
 2.61940531e-01
 1.57278800e-01
 7.30710725e-02
 1.87391995e-02
 0.00000000e+00
 6.66987957e-01
 6.53867076e-01
 6.14613633e-01
 5.49890534e-01
 4.62637591e-01
 3.59700234e-01
 2.51702337e-01
 1.51245589e-01
 7.02881152e-02
 1.80265555e-02
 0.00000000e+00
 6.29531909e-01
 6.17168851e-01
 5.79920300e-01
 5.18578147e-01
 4.36263688e-01
 3.39343346e-01
 2.37636617e-01
 1.42842664e-01
 6.63741169e-02
 1.70219526e-02
 0.00000000e+00
 5.88258924e-01
 5.76146208e-01
 5.40662606e-01
 4.83226585e-01
 4.06751066e-01
 3.16588098e-01
 2.22097261e-01
 1.33451532e-01
 6.18285667e-02
 1.58347760e-02
 0.00000000e+00
 5.45893274e-01
 5.35779325e-01
 5.03914827e-01
 4.50085899e-01
 3.79994594e-01
 2.95476124e-01
 2.08521401e-01
 1.24956303e-01
 5.68926241e-02
 1.44542914e-02
 0.00000000e+00
 5.17909539e-01
 5.09565565e-01
 4.79454208e-01
 4.25420804e-01
 3.62306640e-01
 2.79770768e-01
 2.00120127e-01
 1.19249087e-01
 5.17686972e-02
 1.25811995e-02
 0.00000000e+00
 5.08747000e-01
 5.01424042e-01
 4.71449970e-01
 4.15729681e-01
 3.56580106e-01
 2.73616431e-01
 1.97587047e-01
 1.17320313e-01
 4.91998616e-02
 1.11305495e-02
 -6.93889390e-18
