 1.03286200e+00
 1.03132611e+00
 1.02616380e+00
 1.01425347e+00
 9.88909321e-01
 9.48433201e-01
 8.91130509e-01
 8.29606640e-01
 7.77521347e-01
 7.41074726e-01
 7.27742000e-01
 1.03298970e+00
 1.03138617e+00
 1.02624319e+00
 1.01416574e+00
 9.88912406e-01
 9.48055441e-01
 8.91212203e-01
 8.29892104e-01
 7.76956144e-01
 7.39981461e-01
 7.26593075e-01
 1.02854690e+00
 1.02760397e+00
 1.02341520e+00
 1.01161565e+00
 9.86559956e-01
 9.45275427e-01
 8.89317154e-01
 8.28254770e-01
 7.73761966e-01
 7.35606975e-01
 7.21835408e-01
 1.01353071e+00
 1.01382385e+00
 1.01160700e+00
 1.00089839e+00
 9.76356454e-01
 9.35367510e-01
 8.80360063e-01
 8.19660791e-01
 7.64329543e-01
 7.25211089e-01
 7.11008690e-01
 9.89584293e-01
 9.89325618e-01
 9.86699442e-01
 9.76437676e-01
 9.52705898e-01
 9.12808328e-01
 8.59282201e-01
 7.99934817e-01
 7.45624645e-01
 7.07364465e-01
 6.93542944e-01
 9.47338458e-01
 9.47434371e-01
 9.45354376e-01
 9.35664283e-01
 9.12985621e-01
 8.74873276e-01
 8.23796708e-01
 7.67210353e-01
 7.15681169e-01
 6.79792976e-01
 6.66987957e-01
 8.93802596e-01
 8.93542117e-01
 8.90844157e-01
 8.81210835e-01
 8.59654769e-01
 8.23839607e-01
 7.76097358e-01
 7.23210607e-01
 6.75118684e-01
 6.41590676e-01
 6.29531909e-01
 8.34101198e-01
 8.33079342e-01
 8.29823325e-01
 8.20747790e-01
 8.00377195e-01
 7.66965196e-01
 7.23235001e-01
 6.74229303e-01
 6.29516229e-01
 5.98924994e-01
 5.88258924e-01
 7.71456813e-01
 7.72985135e-01
 7.73144330e-01
 7.65940016e-01
 7.46225998e-01
 7.14371224e-01
 6.75585262e-01
 6.29669024e-01
 5.86826282e-01
 5.56854098e-01
 5.45893274e-01
 7.34775464e-01
 7.35611992e-01
 7.34710152e-01
 7.28496891e-01
 7.08449398e-01
 6.76385154e-01
 6.43390905e-01
 5.98790729e-01
 5.56975622e-01
 5.28408130e-01
 5.17909539e-01
 7.24594000e-01
 7.23307446e-01
 7.20998887e-01
 7.15359558e-01
 6.94975131e-01
 6.62240279e-01
 6.32335715e-01
 5.87734777e-01
 5.46255653e-01
 5.18600198e-01
 5.08747000e-01
