 0.00000000e+00
 -3.40119987e-13
 2.85696192e-12
 1.08217573e-12
 2.53690760e-12
 7.51280215e-14
 4.14692883e-14
 -4.91168534e-14
 -5.90886599e-15
 -1.59580609e-14
 0.00000000e+00
 1.26643864e-02
 1.34692313e-02
 1.47108321e-02
 1.58643517e-02
 1.70054932e-02
 1.80329298e-02
 1.88070667e-02
 1.92657389e-02
 1.93994873e-02
 1.91797259e-02
 1.88714523e-02
 5.24666844e-02
 5.40708285e-02
 5.76535536e-02
 6.18807451e-02
 6.62991594e-02
 7.03035247e-02
 7.33227869e-02
 7.51299545e-02
 7.57316767e-02
 7.53564193e-02
 7.49942160e-02
 1.17642167e-01
 1.19429447e-01
 1.24875423e-01
 1.33183986e-01
 1.42589631e-01
 1.51214861e-01
 1.57714933e-01
 1.61713500e-01
 1.63672397e-01
 1.64300924e-01
 1.64338659e-01
 1.94968508e-01
 1.98097036e-01
 2.07275473e-01
 2.21210112e-01
 2.37024660e-01
 2.51458827e-01
 2.62238250e-01
 2.68776369e-01
 2.72196767e-01
 2.74293735e-01
 2.75260207e-01
 2.73519712e-01
 2.78876190e-01
 2.93806412e-01
 3.15052186e-01
 3.38258476e-01
 3.59097816e-01
 3.74414770e-01
 3.83213963e-01
 3.86357696e-01
 3.85864878e-01
 3.84993556e-01
 3.48836842e-01
 3.56395697e-01
 3.76605558e-01
 4.04508741e-01
 4.34722218e-01
 4.61809451e-01
 4.81464357e-01
 4.92722260e-01
 4.97435328e-01
 4.98581388e-01
 4.98667220e-01
 4.19197292e-01
 4.26703391e-01
 4.48539234e-01
 4.80696995e-01
 5.16468217e-01
 5.49425589e-01
 5.72460781e-01
 5.85423404e-01
 5.91373994e-01
 5.93747034e-01
 5.94555885e-01
 4.67539631e-01
 4.76115732e-01
 5.00836017e-01
 5.37220543e-01
 5.76208584e-01
 6.15892158e-01
 6.40129248e-01
 6.53434431e-01
 6.59437488e-01
 6.59497266e-01
 6.58730103e-01
 4.96762115e-01
 5.04513020e-01
 5.30934268e-01
 5.72679288e-01
 6.10050735e-01
 6.58694790e-01
 6.80752662e-01
 6.94010129e-01
 7.01556856e-01
 7.00602178e-01
 6.98798018e-01
 5.06818000e-01
 5.13068000e-01
 5.40147532e-01
 5.85465392e-01
 6.20080057e-01
 6.74121406e-01
 6.93943296e-01
 7.07330727e-01
 7.16049893e-01
 7.15378673e-01
 7.12956000e-01
