 -1.19040000e-02
 -1.19817245e-02
 -1.21697066e-02
 -1.23635953e-02
 -1.24376981e-02
 -1.23445109e-02
 -1.18705674e-02
 -1.15210779e-02
 -1.11130014e-02
 -1.08702242e-02
 -1.08110000e-02
 -1.15451294e-02
 -1.16390805e-02
 -1.18345033e-02
 -1.20151232e-02
 -1.20849747e-02
 -1.19778698e-02
 -1.15612141e-02
 -1.12033882e-02
 -1.08293474e-02
 -1.05970265e-02
 -1.05304799e-02
 -1.06755047e-02
 -1.07484616e-02
 -1.09020740e-02
 -1.10378975e-02
 -1.10836953e-02
 -1.09662183e-02
 -1.06523249e-02
 -1.03129675e-02
 -9.99562263e-03
 -9.78102454e-03
 -9.70790877e-03
 -9.51207200e-03
 -9.50866910e-03
 -9.53428538e-03
 -9.58688552e-03
 -9.59383756e-03
 -9.48565224e-03
 -9.25404040e-03
 -8.97398325e-03
 -8.71088181e-03
 -8.51972118e-03
 -8.44787971e-03
 -7.78190450e-03
 -7.78900990e-03
 -7.80683352e-03
 -7.82455236e-03
 -7.80839686e-03
 -7.71832517e-03
 -7.54955500e-03
 -7.34124614e-03
 -7.14646278e-03
 -7.01312811e-03
 -6.96736330e-03
 -5.87205544e-03
 -5.88595503e-03
 -5.91171032e-03
 -5.92494493e-03
 -5.90635854e-03
 -5.83910773e-03
 -5.72341478e-03
 -5.58274823e-03
 -5.44903997e-03
 -5.35157329e-03
 -5.31539602e-03
 -4.07365615e-03
 -4.07066140e-03
 -4.07075971e-03
 -4.07149701e-03
 -4.05552233e-03
 -4.01108826e-03
 -3.94060315e-03
 -3.86129604e-03
 -3.79306966e-03
 -3.74504131e-03
 -3.72574186e-03
 -2.39356446e-03
 -2.40599939e-03
 -2.42073353e-03
 -2.42234836e-03
 -2.41162419e-03
 -2.38622279e-03
 -2.34941044e-03
 -2.31548405e-03
 -2.30489662e-03
 -2.32640153e-03
 -2.34582597e-03
 -1.16764054e-03
 -1.15143145e-03
 -1.13040309e-03
 -1.12234758e-03
 -1.11601291e-03
 -1.10445039e-03
 -1.08875620e-03
 -1.07623748e-03
 -1.07408009e-03
 -1.07586296e-03
 -1.07465291e-03
 -3.22250317e-04
 -3.06614512e-04
 -2.91837761e-04
 -2.87819564e-04
 -2.85922630e-04
 -2.82979433e-04
 -2.79039540e-04
 -2.75975088e-04
 -2.74655288e-04
 -2.69685460e-04
 -2.62721343e-04
 0.00000000e+00
 -1.69833011e-13
 2.42391400e-14
 -4.27263097e-16
 -4.65620996e-15
 -3.68415480e-15
 1.44145100e-16
 1.48464767e-16
 -1.37683724e-16
 0.00000000e+00
 0.00000000e+00
