 0.00000000e+00
 7.19071136e-17
 -1.82259007e-16
 -6.45228044e-17
 -5.64724775e-18
 6.32606373e-18
 -1.33897118e-16
 -3.96554997e-17
 6.22446153e-17
 -1.21812415e-16
 1.95842010e-17
 5.55812168e-18
 -2.47914602e-17
 5.51679221e-17
 7.08632235e-17
 3.39680819e-17
 1.29706833e-17
 -2.94444899e-17
 -3.05185779e-18
 1.72846194e-17
 1.53911028e-18
 7.02124070e-17
 1.45401113e-17
 2.30765493e-18
 9.42419808e-18
 1.20543768e-18
 -2.80916377e-18
 1.28795104e-18
 -3.28870843e-18
 -2.39702490e-18
 2.07981781e-18
 -2.73739119e-19
 0.00000000e+00
 -1.03883500e-07
 -1.14710855e-07
 -1.30890586e-07
 -1.37308976e-07
 -1.35994058e-07
 -1.32284829e-07
 -1.28801441e-07
 -1.25888155e-07
 -1.23214638e-07
 -1.20496306e-07
 -1.17593937e-07
 -1.14437404e-07
 -1.10977646e-07
 -1.07158472e-07
 -1.02915971e-07
 -9.81722770e-08
 -9.28509569e-08
 -8.69000461e-08
 -8.03046240e-08
 -7.30984978e-08
 -6.53742841e-08
 -5.72801145e-08
 -4.90122462e-08
 -4.07953908e-08
 -3.28690257e-08
 -2.54575110e-08
 -1.87693144e-08
 -1.29706126e-08
 -8.18360418e-09
 -4.48746493e-09
 -1.91444903e-09
 -4.49436394e-10
 0.00000000e+00
 -4.74151602e-07
 -4.99001873e-07
 -5.38004504e-07
 -5.51816767e-07
 -5.43190000e-07
 -5.27782328e-07
 -5.13879481e-07
 -5.02305218e-07
 -4.91657904e-07
 -4.80818996e-07
 -4.69238926e-07
 -4.56645038e-07
 -4.42841221e-07
 -4.27605539e-07
 -4.10683077e-07
 -3.91765526e-07
 -3.70545426e-07
 -3.46818429e-07
 -3.20523344e-07
 -2.91795501e-07
 -2.61001308e-07
 -2.28731856e-07
 -1.95766736e-07
 -1.63004018e-07
 -1.31393044e-07
 -1.01836930e-07
 -7.51592647e-08
 -5.20254267e-08
 -3.29246437e-08
 -1.81653782e-08
 -7.86411508e-09
 -1.91464254e-09
 0.00000000e+00
 -1.23388814e-06
 -1.24350402e-06
 -1.25766334e-06
 -1.24940252e-06
 -1.21773406e-06
 -1.18139762e-06
 -1.15077362e-06
 -1.12532123e-06
 -1.10165788e-06
 -1.07742796e-06
 -1.05148204e-06
 -1.02325104e-06
 -9.92304867e-07
 -9.58156855e-07
 -9.20235150e-07
 -8.77856130e-07
 -8.30333600e-07
 -7.77213380e-07
 -7.18358254e-07
 -6.54071950e-07
 -5.85168889e-07
 -5.12969598e-07
 -4.39210946e-07
 -3.65901952e-07
 -2.95155276e-07
 -2.29003434e-07
 -1.69273204e-07
 -1.17453801e-07
 -7.46327153e-08
 -4.14696463e-08
 -1.81656818e-08
 -4.48780843e-09
 0.00000000e+00
 -2.41914916e-06
 -2.39300270e-06
 -2.32205913e-06
 -2.23119689e-06
 -2.14727124e-06
 -2.08133389e-06
 -2.03065883e-06
 -1.98787504e-06
 -1.94690368e-06
 -1.90430293e-06
 -1.85843921e-06
 -1.80845692e-06
 -1.75365404e-06
 -1.69319743e-06
 -1.62608080e-06
 -1.55111081e-06
 -1.46710304e-06
 -1.37325728e-06
 -1.26934179e-06
 -1.15589566e-06
 -1.03435206e-06
 -9.07028672e-07
 -7.76972952e-07
 -6.47711348e-07
 -5.22948926e-07
 -4.06263345e-07
 -3.00850423e-07
 -2.09314723e-07
 -1.33540557e-07
 -7.46303119e-08
 -3.29227757e-08
 -8.18305947e-09
 0.00000000e+00
 -3.74850437e-06
 -3.68410535e-06
 -3.53912031e-06
 -3.39406417e-06
 -3.28423131e-06
 -3.20435406e-06
 -3.13972598e-06
 -3.07968761e-06
 -3.01837492e-06
 -2.95285279e-06
 -2.88164648e-06
 -2.80382652e-06
 -2.71845347e-06
 -2.62430563e-06
 -2.51983989e-06
 -2.40324675e-06
 -2.27275694e-06
 -2.12715251e-06
 -1.96610347e-06
 -1.79046336e-06
 -1.60244886e-06
 -1.40562058e-06
 -1.20465073e-06
 -1.00494213e-06
 -8.12168953e-07
 -6.31813280e-07
 -4.68758194e-07
 -3.26972127e-07
 -2.09308284e-07
 -1.17445947e-07
 -5.20196585e-08
 -1.29686278e-08
 0.00000000e+00
 -4.58484643e-06
 -4.59741826e-06
 -4.61545819e-06
 -4.61118709e-06
 -4.57972795e-06
 -4.52848385e-06
 -4.46370854e-06
 -4.38869483e-06
 -4.30473978e-06
 -4.21195969e-06
 -4.10996438e-06
 -3.99808824e-06
 -3.87526589e-06
 -3.73988448e-06
 -3.58980170e-06
 -3.42252214e-06
 -3.23564560e-06
 -3.02751107e-06
 -2.79771748e-06
 -2.54752903e-06
 -2.28010648e-06
 -2.00046847e-06
 -1.71517189e-06
 -1.43178376e-06
 -1.15824477e-06
 -9.02222843e-07
 -6.70541482e-07
 -4.68742753e-07
 -3.00832895e-07
 -1.69259624e-07
 -7.51517937e-08
 -1.87672110e-08
 0.00000000e+00
 -5.94705571e-06
 -5.97272197e-06
 -6.03290052e-06
 -6.08708613e-06
 -6.10081356e-06
 -6.06708733e-06
 -5.99729933e-06
 -5.90374713e-06
 -5.79318792e-06
 -5.66823534e-06
 -5.52959902e-06
 -5.37703893e-06
 -5.20947436e-06
 -5.02493108e-06
 -4.82065078e-06
 -4.59343078e-06
 -4.34024079e-06
 -4.05901401e-06
 -3.74935130e-06
 -3.41304638e-06
 -3.05435763e-06
 -2.67993878e-06
 -2.29842203e-06
 -1.91973682e-06
 -1.55428789e-06
 -1.21211991e-06
 -9.02179422e-07
 -6.31763052e-07
 -4.06222701e-07
 -2.28977667e-07
 -1.01825052e-07
 -2.54545878e-08
 0.00000000e+00
 -8.07929989e-06
 -8.07216645e-06
 -8.04641593e-06
 -7.99780216e-06
 -7.92880160e-06
 -7.84225842e-06
 -7.73769450e-06
 -7.61363967e-06
 -7.46965419e-06
 -7.30628965e-06
 -7.12424644e-06
 -6.92359545e-06
 -6.70329352e-06
 -6.46103950e-06
 -6.19347913e-06
 -5.89673042e-06
 -5.56719091e-06
 -5.20249003e-06
 -4.80235854e-06
 -4.36926268e-06
 -3.90870229e-06
 -3.42909753e-06
 -2.94126918e-06
 -2.45760715e-06
 -1.99107139e-06
 -1.55417785e-06
 -1.15810710e-06
 -8.12048026e-07
 -5.22861227e-07
 -2.95101466e-07
 -1.31367147e-07
 -3.28621245e-08
 0.00000000e+00
 -1.04255529e-05
 -1.03691497e-05
 -1.02322420e-05
 -1.00754538e-05
 -9.93246526e-06
 -9.80012197e-06
 -9.66108032e-06
 -9.50215270e-06
 -9.31816826e-06
 -9.10883698e-06
 -8.87527452e-06
 -8.61798470e-06
 -8.33599146e-06
 -8.02667947e-06
 -7.68613259e-06
 -7.30986057e-06
 -6.89380518e-06
 -6.43545533e-06
 -5.93485111e-06
 -5.39529714e-06
 -4.82366548e-06
 -4.23022562e-06
 -3.62802167e-06
 -3.03190393e-06
 -2.45737405e-06
 -1.91941661e-06
 -1.43147419e-06
 -1.00469495e-06
 -6.47542480e-07
 -3.65804460e-07
 -1.62960195e-07
 -4.07843246e-08
 0.00000000e+00
 -1.18805121e-05
 -1.19112363e-05
 -1.19740531e-05
 -1.20116802e-05
 -1.19872500e-05
 -1.18957762e-05
 -1.17475667e-05
 -1.15536613e-05
 -1.13217441e-05
 -1.10567929e-05
 -1.07618384e-05
 -1.04379934e-05
 -1.00842802e-05
 -9.69772133e-06
 -9.27386499e-06
 -8.80771497e-06
 -8.29492590e-06
 -7.73306157e-06
 -7.12269227e-06
 -6.46814371e-06
 -5.77777600e-06
 -5.06374459e-06
 -4.34128004e-06
 -3.62760396e-06
 -2.94064929e-06
 -2.29776796e-06
 -1.71459506e-06
 -1.20420815e-06
 -7.76677606e-07
 -4.39045370e-07
 -1.95695794e-07
 -4.89953368e-08
 0.00000000e+00
 -1.46084444e-05
 -1.45964146e-05
 -1.45590834e-05
 -1.44904564e-05
 -1.43804486e-05
 -1.42216702e-05
 -1.40132047e-05
 -1.37585338e-05
 -1.34623395e-05
 -1.31287911e-05
 -1.27607509e-05
 -1.23591853e-05
 -1.19227986e-05
 -1.14481319e-05
 -1.09302142e-05
 -1.03636705e-05
 -9.74407900e-06
 -9.06933482e-06
 -8.34078813e-06
 -7.56397746e-06
 -6.74885075e-06
 -5.90944577e-06
 -5.06308195e-06
 -4.22918698e-06
 -3.42792697e-06
 -2.67882341e-06
 -1.99953019e-06
 -1.40491670e-06
 -9.06561898e-07
 -5.12704794e-07
 -2.28614670e-07
 -5.72509722e-08
 0.00000000e+00
 -1.76403794e-05
 -1.75857346e-05
 -1.74376465e-05
 -1.72301878e-05
 -1.69899404e-05
 -1.67238669e-05
 -1.64263815e-05
 -1.60909262e-05
 -1.57150432e-05
 -1.52995735e-05
 -1.48461302e-05
 -1.43550953e-05
 -1.38246481e-05
 -1.32507664e-05
 -1.26279997e-05
 -1.19507506e-05
 -1.12147663e-05
 -1.04185592e-05
 -9.56452597e-06
 -8.65961080e-06
 -7.71543266e-06
 -6.74787429e-06
 -5.77619751e-06
 -4.82180787e-06
 -3.90682961e-06
 -3.05266689e-06
 -2.27872220e-06
 -1.60142337e-06
 -1.03367448e-06
 -5.84783584e-07
 -2.60829876e-07
 -6.53314977e-08
 0.00000000e+00
 -2.00013480e-05
 -1.99824168e-05
 -1.99156433e-05
 -1.97814452e-05
 -1.95685703e-05
 -1.92796494e-05
 -1.89241715e-05
 -1.85113699e-05
 -1.80482556e-05
 -1.75399275e-05
 -1.69895062e-05
 -1.63975968e-05
 -1.57620199e-05
 -1.50782238e-05
 -1.43403665e-05
 -1.35428193e-05
 -1.26817729e-05
 -1.17566622e-05
 -1.07712043e-05
 -9.73393546e-06
 -8.65821121e-06
 -7.56169420e-06
 -6.46540444e-06
 -5.39244825e-06
 -4.36657184e-06
 -3.41070258e-06
 -2.54564351e-06
 -1.78907419e-06
 -1.15497730e-06
 -6.53549642e-07
 -2.91564006e-07
 -7.30410140e-08
 0.00000000e+00
 -2.29436886e-05
 -2.29019871e-05
 -2.27783670e-05
 -2.25751125e-05
 -2.22926914e-05
 -2.19315084e-05
 -2.14954174e-05
 -2.09921214e-05
 -2.04306434e-05
 -1.98186077e-05
 -1.91606041e-05
 -1.84575686e-05
 -1.77069806e-05
 -1.69037810e-05
 -1.60418478e-05
 -1.51157413e-05
 -1.41223945e-05
 -1.30624821e-05
 -1.19413131e-05
 -1.07691903e-05
 -9.56125243e-06
 -8.33685365e-06
 -7.11856090e-06
 -5.93087238e-06
 -4.79878217e-06
 -3.74633709e-06
 -2.79534328e-06
 -1.96437458e-06
 -1.26820349e-06
 -7.17710479e-07
 -3.20235893e-07
 -8.02333290e-08
 0.00000000e+00
 -2.59613015e-05
 -2.59061971e-05
 -2.57425551e-05
 -2.54746712e-05
 -2.51084463e-05
 -2.46511947e-05
 -2.41118755e-05
 -2.35007891e-05
 -2.28281952e-05
 -2.21023659e-05
 -2.13280333e-05
 -2.05057808e-05
 -1.96324558e-05
 -1.87024380e-05
 -1.77094442e-05
 -1.66484725e-05
 -1.55175180e-05
 -1.43188194e-05
 -1.30595422e-05
 -1.17519139e-05
 -1.04128834e-05
 -9.06338857e-06
 -7.72731530e-06
 -6.43023013e-06
 -5.19798817e-06
 -4.05534079e-06
 -3.02469018e-06
 -2.12513842e-06
 -1.37194897e-06
 -7.76472065e-07
 -3.46487240e-07
 -8.68168084e-08
 0.00000000e+00
 -2.89641252e-05
 -2.88988874e-05
 -2.87024537e-05
 -2.83758037e-05
 -2.79263450e-05
 -2.73680709e-05
 -2.67177490e-05
 -2.59910985e-05
 -2.52008127e-05
 -2.43557143e-05
 -2.34601990e-05
 -2.25141102e-05
 -2.15134712e-05
 -2.04520988e-05
 -1.93237153e-05
 -1.81240456e-05
 -1.68524928e-05
 -1.55131912e-05
 -1.41154191e-05
 -1.26734708e-05
 -1.12061148e-05
 -9.73575256e-06
 -8.28735409e-06
 -6.88723304e-06
 -5.56172991e-06
 -4.33590595e-06
 -3.23238041e-06
 -2.27045184e-06
 -1.46561202e-06
 -8.29489213e-07
 -3.70168717e-07
 -9.27566717e-08
 0.00000000e+00
 -3.20216145e-05
 -3.19284881e-05
 -3.16581782e-05
 -3.12326191e-05
 -3.06763922e-05
 -3.00102945e-05
 -2.92508520e-05
 -2.84122247e-05
 -2.75067618e-05
 -2.65436632e-05
 -2.55274001e-05
 -2.44573068e-05
 -2.33286645e-05
 -2.21348451e-05
 -2.08698163e-05
 -1.95303743e-05
 -1.81177116e-05
 -1.66382023e-05
 -1.51034919e-05
 -1.35300739e-05
 -1.19385377e-05
 -1.03526234e-05
 -8.79815671e-06
 -7.30189560e-06
 -5.89032498e-06
 -4.58847094e-06
 -3.41885004e-06
 -2.40068161e-06
 -1.54946096e-06
 -8.76924224e-07
 -3.91350065e-07
 -9.80681843e-08
 0.00000000e+00
 -3.45801248e-05
 -3.44910784e-05
 -3.42274648e-05
 -3.37982920e-05
 -3.32157046e-05
 -3.24951841e-05
 -3.16565209e-05
 -3.07217142e-05
 -2.97104130e-05
 -2.86360976e-05
 -2.75046313e-05
 -2.63150481e-05
 -2.50618672e-05
 -2.37381208e-05
 -2.23383153e-05
 -2.08607304e-05
 -1.93087782e-05
 -1.76914419e-05
 -1.60229969e-05
 -1.43222731e-05
 -1.26116872e-05
 -1.09162022e-05
 -9.26228511e-06
 -7.67686399e-06
 -6.18627246e-06
 -4.81521621e-06
 -3.58585530e-06
 -2.51711943e-06
 -1.62434531e-06
 -9.19258885e-07
 -4.10248330e-07
 -1.02807086e-07
 0.00000000e+00
 -3.69993186e-05
 -3.69220634e-05
 -3.66796602e-05
 -3.62527860e-05
 -3.56366423e-05
 -3.48499624e-05
 -3.39254032e-05
 -3.28957203e-05
 -3.17857720e-05
 -3.06101278e-05
 -2.93736273e-05
 -2.80736308e-05
 -2.67033496e-05
 -2.52555079e-05
 -2.37255280e-05
 -2.21136893e-05
 -2.04261237e-05
 -1.86748272e-05
 -1.68769885e-05
 -1.50539341e-05
 -1.32299402e-05
 -1.14310969e-05
 -9.68431340e-06
 -8.01643697e-06
 -6.45339732e-06
 -5.01935553e-06
 -3.73593130e-06
 -2.62162250e-06
 -1.69150133e-06
 -9.57207262e-07
 -4.27183526e-07
 -1.07052756e-07
 0.00000000e+00
 -3.99647262e-05
 -3.98218652e-05
 -3.94129758e-05
 -3.87854227e-05
 -3.79893732e-05
 -3.70617641e-05
 -3.60274580e-05
 -3.49054810e-05
 -3.37102931e-05
 -3.24497066e-05
 -3.11238873e-05
 -2.97269418e-05
 -2.82503348e-05
 -2.66867332e-05
 -2.50330842e-05
 -2.32923508e-05
 -2.14739678e-05
 -1.95933770e-05
 -1.76709837e-05
 -1.57308123e-05
 -1.37990865e-05
 -1.19029600e-05
 -1.00695835e-05
 -8.32546808e-06
 -6.69591240e-06
 -5.20436230e-06
 -3.87177691e-06
 -2.71614103e-06
 -1.75220981e-06
 -9.91500269e-07
 -4.42484274e-07
 -1.10888390e-07
 0.00000000e+00
 -4.18633956e-05
 -4.17291633e-05
 -4.13403351e-05
 -4.07277656e-05
 -3.99253369e-05
 -3.89677177e-05
 -3.78888652e-05
 -3.67164032e-05
 -3.54673739e-05
 -3.41476005e-05
 -3.27536587e-05
 -3.12765782e-05
 -2.97064325e-05
 -2.80365930e-05
 -2.62665182e-05
 -2.44027466e-05
 -2.24586457e-05
 -2.04535201e-05
 -1.84112863e-05
 -1.63589191e-05
 -1.43247874e-05
 -1.23371066e-05
 -1.04230187e-05
 -8.60837097e-06
 -6.91760097e-06
 -5.37332171e-06
 -3.99577000e-06
 -2.80238402e-06
 -1.80758888e-06
 -1.02277588e-06
 -4.56435668e-07
 -1.14385075e-07
 0.00000000e+00
 -4.32188546e-05
 -4.31261610e-05
 -4.28267078e-05
 -4.22916399e-05
 -4.15307325e-05
 -4.05870353e-05
 -3.95073066e-05
 -3.83251309e-05
 -3.70578134e-05
 -3.57084436e-05
 -3.42699449e-05
 -3.27305484e-05
 -3.10796812e-05
 -2.93126628e-05
 -2.74329009e-05
 -2.54515715e-05
 -2.33865067e-05
 -2.12611982e-05
 -1.91032822e-05
 -1.69429596e-05
 -1.48111717e-05
 -1.27373499e-05
 -1.07482275e-05
 -8.86842373e-06
 -7.12125753e-06
 -5.52849974e-06
 -4.10967104e-06
 -2.88164157e-06
 -1.85850295e-06
 -1.05153592e-06
 -4.69265932e-07
 -1.17600936e-07
 0.00000000e+00
 -4.51374627e-05
 -4.49539134e-05
 -4.44598265e-05
 -4.37612520e-05
 -4.29247775e-05
 -4.19714613e-05
 -4.09101440e-05
 -3.97503382e-05
 -3.84971599e-05
 -3.71463984e-05
 -3.56856480e-05
 -3.41000654e-05
 -3.23792183e-05
 -3.05220142e-05
 -2.85378496e-05
 -2.64436562e-05
 -2.42617753e-05
 -2.20201418e-05
 -1.97500890e-05
 -1.74851646e-05
 -1.52597965e-05
 -1.31052512e-05
 -1.10471055e-05
 -9.10751762e-06
 -7.30842245e-06
 -5.67110344e-06
 -4.21448259e-06
 -2.95473310e-06
 -1.90554422e-06
 -1.07813651e-06
 -4.81136248e-07
 -1.20575740e-07
 0.00000000e+00
 -4.53022208e-05
 -4.52501879e-05
 -4.50462853e-05
 -4.46174258e-05
 -4.39556175e-05
 -4.31067905e-05
 -4.21184168e-05
 -4.10165198e-05
 -3.98065993e-05
 -3.84788136e-05
 -3.70143521e-05
 -3.53949578e-05
 -3.36112498e-05
 -3.16675984e-05
 -2.95825509e-05
 -2.73798710e-05
 -2.50848140e-05
 -2.27306908e-05
 -2.03519354e-05
 -1.79848085e-05
 -1.56691210e-05
 -1.34398582e-05
 -1.13201096e-05
 -9.32644950e-06
 -7.47932288e-06
 -5.80110120e-06
 -4.31046617e-06
 -3.02224303e-06
 -1.94933135e-06
 -1.10301115e-06
 -4.92258288e-07
 -1.23364829e-07
 0.00000000e+00
 -4.66159587e-05
 -4.64753358e-05
 -4.60955566e-05
 -4.55502825e-05
 -4.48777212e-05
 -4.40850428e-05
 -4.31753454e-05
 -4.21508450e-05
 -4.10053159e-05
 -3.97194882e-05
 -3.82645748e-05
 -3.66189209e-05
 -3.47755012e-05
 -3.27452711e-05
 -3.05614694e-05
 -2.82563303e-05
 -2.58510156e-05
 -2.33893937e-05
 -2.09064696e-05
 -1.84385932e-05
 -1.60345742e-05
 -1.37377761e-05
 -1.15673299e-05
 -9.52578550e-06
 -7.63278197e-06
 -5.91679115e-06
 -4.39718864e-06
 -3.08508990e-06
 -1.99115889e-06
 -1.12712336e-06
 -5.03100894e-07
 -1.26085540e-07
 0.00000000e+00
 -4.70054043e-05
 -4.69101397e-05
 -4.66332471e-05
 -4.61957207e-05
 -4.56193649e-05
 -4.49195158e-05
 -4.41044954e-05
 -4.31702035e-05
 -4.21025161e-05
 -4.08734913e-05
 -3.94349048e-05
 -3.77657949e-05
 -3.58633205e-05
 -3.37425775e-05
 -3.14609967e-05
 -2.90658331e-05
 -2.65500251e-05
 -2.39895613e-05
 -2.14097497e-05
 -1.88418254e-05
 -1.63494740e-05
 -1.39930886e-05
 -1.17903836e-05
 -9.70704284e-06
 -7.76593117e-06
 -6.01384669e-06
 -4.47354159e-06
 -3.14568400e-06
 -2.03418759e-06
 -1.15268614e-06
 -5.14721162e-07
 -1.29006752e-07
 0.00000000e+00
 -4.71002220e-05
 -4.70730298e-05
 -4.69524142e-05
 -4.66746514e-05
 -4.62246615e-05
 -4.56289980e-05
 -4.49178772e-05
 -4.40787080e-05
 -4.30915447e-05
 -4.19359425e-05
 -4.05104664e-05
 -3.88180494e-05
 -3.68576706e-05
 -3.46405352e-05
 -3.22586643e-05
 -2.98019787e-05
 -2.71645837e-05
 -2.45231846e-05
 -2.18569401e-05
 -1.91898921e-05
 -1.66075122e-05
 -1.41965606e-05
 -1.19948525e-05
 -9.87296637e-06
 -7.87439798e-06
 -6.08412773e-06
 -4.53762041e-06
 -3.20977815e-06
 -2.08445344e-06
 -1.18308588e-06
 -5.28524220e-07
 -1.32456781e-07
 0.00000000e+00
 -4.77994130e-05
 -4.77258920e-05
 -4.75193193e-05
 -4.71973395e-05
 -4.67637304e-05
 -4.62238348e-05
 -4.56179454e-05
 -4.48721003e-05
 -4.39445762e-05
 -4.28963029e-05
 -4.14601053e-05
 -3.97492663e-05
 -3.77334783e-05
 -3.54190966e-05
 -3.29233128e-05
 -3.04637615e-05
 -2.76696784e-05
 -2.49842704e-05
 -2.22414773e-05
 -1.94791602e-05
 -1.68072017e-05
 -1.43349342e-05
 -1.21918649e-05
 -1.00243382e-05
 -7.95517192e-06
 -6.11592791e-06
 -4.58614539e-06
 -3.28856832e-06
 -2.14945778e-06
 -1.21905855e-06
 -5.43744208e-07
 -1.36142211e-07
 0.00000000e+00
 -4.82715408e-05
 -4.81728664e-05
 -4.79361201e-05
 -4.76196681e-05
 -4.71980919e-05
 -4.66735715e-05
 -4.61954490e-05
 -4.55459068e-05
 -4.46116091e-05
 -4.37435322e-05
 -4.22364018e-05
 -4.05309493e-05
 -3.84573430e-05
 -3.60631458e-05
 -3.34209930e-05
 -3.10525931e-05
 -2.80375683e-05
 -2.53704919e-05
 -2.25533950e-05
 -1.97068121e-05
 -1.69554618e-05
 -1.43952432e-05
 -1.23940854e-05
 -1.01533747e-05
 -8.01256384e-06
 -6.09929783e-06
 -4.61361447e-06
 -3.39761877e-06
 -2.23197694e-06
 -1.25059755e-06
 -5.52125015e-07
 -1.37579535e-07
 0.00000000e+00
 -4.82977861e-05
 -4.82390053e-05
 -4.81305861e-05
 -4.79349641e-05
 -4.75201305e-05
 -4.69511970e-05
 -4.66337949e-05
 -4.60928287e-05
 -4.50438636e-05
 -4.44542557e-05
 -4.27899266e-05
 -4.11358908e-05
 -3.89922808e-05
 -3.65596860e-05
 -3.37340864e-05
 -3.15528232e-05
 -2.82561144e-05
 -2.56767301e-05
 -2.27808523e-05
 -1.98704493e-05
 -1.70635598e-05
 -1.43807414e-05
 -1.25990688e-05
 -1.02440338e-05
 -8.05822269e-06
 -6.03949342e-06
 -4.61518648e-06
 -3.54196024e-06
 -2.32139700e-06
 -1.25910022e-06
 -5.37971338e-07
 -1.31722485e-07
 0.00000000e+00
 -4.81067142e-05
 -4.81406883e-05
 -4.82409856e-05
 -4.81729790e-05
 -4.77266584e-05
 -4.70725695e-05
 -4.69104290e-05
 -4.64748050e-05
 -4.52481752e-05
 -4.49589651e-05
 -4.31025764e-05
 -4.15294792e-05
 -3.93135828e-05
 -3.68839850e-05
 -3.38846494e-05
 -3.19088057e-05
 -2.83503906e-05
 -2.58829741e-05
 -2.29165555e-05
 -1.99686054e-05
 -1.71349465e-05
 -1.43294557e-05
 -1.27678023e-05
 -1.02888601e-05
 -8.09602907e-06
 -5.96966987e-06
 -4.59824164e-06
 -3.68502380e-06
 -2.39215629e-06
 -1.24467957e-06
 -4.99114644e-07
 -1.15925368e-07
 0.00000000e+00
 -4.80000000e-05
 -4.81066934e-05
 -4.82977305e-05
 -4.82714945e-05
 -4.77994402e-05
 -4.71002623e-05
 -4.70052164e-05
 -4.66166167e-05
 -4.52997211e-05
 -4.51469742e-05
 -4.31996515e-05
 -4.16681625e-05
 -3.94191816e-05
 -3.69987064e-05
 -3.39251353e-05
 -3.20407611e-05
 -2.83724444e-05
 -2.59572943e-05
 -2.29611000e-05
 -2.00012238e-05
 -1.71609541e-05
 -1.43019817e-05
 -1.28353747e-05
 -1.03002203e-05
 -8.11223775e-06
 -5.93838549e-06
 -4.58732300e-06
 -3.74797264e-06
 -2.41879041e-06
 -1.23449781e-06
 -4.74885313e-07
 -1.04157588e-07
 0.00000000e+00
