 0.00000000e+00
 1.62767566e-17
 -1.14978295e-16
 -1.38538374e-16
 -5.26255276e-17
 -5.24315149e-16
 2.81799787e-16
 -9.77675668e-17
 2.35550125e-18
 -5.49421425e-16
 -3.24061884e-16
 1.97650584e-17
 1.95278505e-16
 -1.64335369e-16
 -9.96346974e-16
 -1.68044736e-16
 1.39573922e-15
 2.16894770e-15
 4.83334657e-16
 -1.55305470e-16
 1.84852447e-15
 2.89149558e-16
 -9.08611254e-15
 -2.49035498e-16
 5.54584014e-16
 2.01995340e-16
 -6.36686145e-16
 1.31058955e-16
 -3.82326966e-16
 1.73192739e-16
 -5.00943786e-16
 -4.76622340e-16
 0.00000000e+00
 -1.21341690e-16
 -4.63814124e-10
 -1.85445211e-09
 -4.15583460e-09
 -7.34658550e-09
 -1.13959987e-08
 -1.62649257e-08
 -2.19054597e-08
 -2.82611006e-08
 -3.52648049e-08
 -4.28377024e-08
 -5.08853489e-08
 -5.92950606e-08
 -6.79320658e-08
 -7.66388724e-08
 -8.52361224e-08
 -9.35295397e-08
 -1.01319950e-07
 -1.08419772e-07
 -1.14669785e-07
 -1.19958562e-07
 -1.24235693e-07
 -1.27524256e-07
 -1.29924692e-07
 -1.31628867e-07
 -1.32943294e-07
 -1.34333985e-07
 -1.36300709e-07
 -1.38636967e-07
 -1.38819510e-07
 -1.31567271e-07
 -1.14879606e-07
 -1.03883500e-07
 8.28406913e-16
 -1.85443901e-09
 -7.40009827e-09
 -1.65830456e-08
 -2.93156379e-08
 -4.54742955e-08
 -6.49030836e-08
 -8.74111073e-08
 -1.12772544e-07
 -1.40720377e-07
 -1.70939479e-07
 -2.03053520e-07
 -2.36612445e-07
 -2.71078992e-07
 -3.05824234e-07
 -3.40132987e-07
 -3.73229361e-07
 -4.04319105e-07
 -4.32652765e-07
 -4.57595664e-07
 -4.78701822e-07
 -4.95771026e-07
 -5.08893079e-07
 -5.18469668e-07
 -5.25259548e-07
 -5.30480183e-07
 -5.35974580e-07
 -5.43820981e-07
 -5.53745987e-07
 -5.57850552e-07
 -5.40708000e-07
 -4.99680330e-07
 -4.74151602e-07
 4.01277420e-17
 -4.15580916e-09
 -1.65830560e-08
 -3.71625297e-08
 -6.56953519e-08
 -1.01907053e-07
 -1.45446552e-07
 -1.95887684e-07
 -2.52723637e-07
 -3.15357536e-07
 -3.83082880e-07
 -4.55057866e-07
 -5.30273683e-07
 -6.07527720e-07
 -6.85409848e-07
 -7.62318190e-07
 -8.36512236e-07
 -9.06212127e-07
 -9.69735242e-07
 -1.02565877e-06
 -1.07297866e-06
 -1.11124520e-06
 -1.14065088e-06
 -1.16208719e-06
 -1.17721444e-06
 -1.18867941e-06
 -1.20046481e-06
 -1.21747288e-06
 -1.24148055e-06
 -1.26297768e-06
 -1.26374635e-06
 -1.24502987e-06
 -1.23388814e-06
 1.86828953e-16
 -7.34660275e-09
 -2.93155842e-08
 -6.56952953e-08
 -1.16135888e-07
 -1.80151083e-07
 -2.57122004e-07
 -3.46295762e-07
 -4.46778815e-07
 -5.57517876e-07
 -6.77267323e-07
 -8.04541664e-07
 -9.37560919e-07
 -1.07420095e-06
 -1.21197043e-06
 -1.34803626e-06
 -1.47931903e-06
 -1.60266614e-06
 -1.71509581e-06
 -1.81408183e-06
 -1.89783792e-06
 -1.96555192e-06
 -2.01754024e-06
 -2.05532118e-06
 -2.08168305e-06
 -2.10091010e-06
 -2.11933325e-06
 -2.14573183e-06
 -2.18967639e-06
 -2.25544718e-06
 -2.33292905e-06
 -2.39573031e-06
 -2.41914916e-06
 1.52004903e-16
 -1.13959348e-08
 -4.54741673e-08
 -1.01906761e-07
 -1.80150744e-07
 -2.79453787e-07
 -3.98857749e-07
 -5.37199020e-07
 -6.93097013e-07
 -8.64925703e-07
 -1.05076181e-06
 -1.24831113e-06
 -1.45482178e-06
 -1.66700630e-06
 -1.88100323e-06
 -2.09241546e-06
 -2.29645612e-06
 -2.48821733e-06
 -2.66304801e-06
 -2.81699766e-06
 -2.94725616e-06
 -3.05251526e-06
 -3.13319050e-06
 -3.19148565e-06
 -3.23133346e-06
 -3.25833534e-06
 -3.27994196e-06
 -3.30624893e-06
 -3.35137486e-06
 -3.43248734e-06
 -3.55635252e-06
 -3.68843079e-06
 -3.74850437e-06
 -1.48020301e-17
 -1.62648436e-08
 -6.49026470e-08
 -1.45445662e-07
 -2.57120650e-07
 -3.98856410e-07
 -5.69291730e-07
 -7.66775540e-07
 -9.89352074e-07
 -1.23471966e-06
 -1.50015649e-06
 -1.78241309e-06
 -2.07758581e-06
 -2.38100102e-06
 -2.68715598e-06
 -2.98976845e-06
 -3.28198177e-06
 -3.55674637e-06
 -3.80736042e-06
 -4.02810514e-06
 -4.21487493e-06
 -4.36568693e-06
 -4.48097327e-06
 -4.56359048e-06
 -4.61849876e-06
 -4.65201871e-06
 -4.67055792e-06
 -4.67896478e-06
 -4.67900498e-06
 -4.66806271e-06
 -4.64098919e-06
 -4.60383063e-06
 -4.58484643e-06
 -1.95908869e-15
 -2.19051761e-08
 -8.74100836e-08
 -1.95885419e-07
 -3.46292088e-07
 -5.37194325e-07
 -7.66771415e-07
 -1.03282100e-06
 -1.33274002e-06
 -1.66346976e-06
 -2.02139385e-06
 -2.40218963e-06
 -2.80065085e-06
 -3.21052310e-06
 -3.62441358e-06
 -4.03384829e-06
 -4.42954024e-06
 -4.80190033e-06
 -5.14176738e-06
 -5.44127089e-06
 -5.69468597e-06
 -5.89911824e-06
 -6.05487214e-06
 -6.16539946e-06
 -6.23673806e-06
 -6.27625322e-06
 -6.29028337e-06
 -6.28057528e-06
 -6.24190779e-06
 -6.16805783e-06
 -6.06930111e-06
 -5.98187326e-06
 -5.94705571e-06
 3.87079317e-17
 -2.82605612e-08
 -1.12770299e-07
 -2.52718726e-07
 -4.46770519e-07
 -6.93085447e-07
 -9.89338853e-07
 -1.33272935e-06
 -1.71995745e-06
 -2.14715479e-06
 -2.60974950e-06
 -3.10226663e-06
 -3.61808703e-06
 -4.14921806e-06
 -4.68615798e-06
 -5.21795050e-06
 -5.73251656e-06
 -6.21730723e-06
 -6.66025094e-06
 -7.05088166e-06
 -7.38146192e-06
 -7.64787954e-06
 -7.85011949e-06
 -7.99219222e-06
 -8.08152858e-06
 -8.12801157e-06
 -8.14295146e-06
 -8.13819176e-06
 -8.12483748e-06
 -8.11055327e-06
 -8.09719691e-06
 -8.08494911e-06
 -8.07929989e-06
 -2.34379144e-16
 -3.52636938e-08
 -1.40716055e-07
 -3.15347920e-07
 -5.57501385e-07
 -8.64901689e-07
 -1.23468942e-06
 -1.66343779e-06
 -2.14713056e-06
 -2.68107465e-06
 -3.25972666e-06
 -3.87643083e-06
 -4.52309683e-06
 -5.18988487e-06
 -5.86500297e-06
 -6.53474234e-06
 -7.18386615e-06
 -7.79641441e-06
 -8.35689607e-06
 -8.85172791e-06
 -9.27068098e-06
 -9.60804608e-06
 -9.86325598e-06
 -1.00408164e-05
 -1.01496138e-05
 -1.02020211e-05
 -1.02136682e-05
 -1.02047041e-05
 -1.02012156e-05
 -1.02304213e-05
 -1.03021767e-05
 -1.03867758e-05
 -1.04255529e-05
 1.24210672e-17
 -4.28357824e-08
 -1.70931732e-07
 -3.83065674e-07
 -6.77237451e-07
 -1.05071730e-06
 -1.50009763e-06
 -2.02132482e-06
 -2.60968050e-06
 -3.25967669e-06
 -3.96483682e-06
 -4.71735714e-06
 -5.50768175e-06
 -6.32407453e-06
 -7.15231960e-06
 -7.97571185e-06
 -8.77548878e-06
 -9.53179221e-06
 -1.02251345e-05
 -1.08382012e-05
 -1.13576939e-05
 -1.17758479e-05
 -1.20912835e-05
 -1.23089679e-05
 -1.24392255e-05
 -1.24958521e-05
 -1.24933631e-05
 -1.24434740e-05
 -1.23522295e-05
 -1.22227717e-05
 -1.20695564e-05
 -1.19353476e-05
 -1.18805121e-05
 2.53020730e-16
 -5.08821041e-08
 -2.03040688e-07
 -4.55029202e-07
 -8.04491614e-07
 -1.24823543e-06
 -1.78231009e-06
 -2.40206206e-06
 -3.10212427e-06
 -3.87629401e-06
 -4.71726115e-06
 -5.61617653e-06
 -6.56209809e-06
 -7.54141490e-06
 -8.53741227e-06
 -9.53018152e-06
 -1.04970716e-05
 -1.14138066e-05
 -1.22562551e-05
 -1.30026569e-05
 -1.36359521e-05
 -1.41457595e-05
 -1.45295844e-05
 -1.47929753e-05
 -1.49485614e-05
 -1.50140997e-05
 -1.50098451e-05
 -1.49559622e-05
 -1.48714002e-05
 -1.47752715e-05
 -1.46882561e-05
 -1.46290776e-05
 -1.46084444e-05
 1.27817162e-16
 -5.92900752e-08
 -2.36592458e-07
 -5.30229048e-07
 -9.37482555e-07
 -1.45470207e-06
 -2.07741974e-06
 -2.80043808e-06
 -3.61783479e-06
 -4.52282444e-06
 -5.50742654e-06
 -6.56192273e-06
 -7.67414386e-06
 -8.82870530e-06
 -1.00063889e-05
 -1.11839260e-05
 -1.23344347e-05
 -1.34286843e-05
 -1.44371930e-05
 -1.53329438e-05
 -1.60942957e-05
 -1.67075427e-05
 -1.71685998e-05
 -1.74834880e-05
 -1.76676128e-05
 -1.77442178e-05
 -1.77426719e-05
 -1.76969212e-05
 -1.76427076e-05
 -1.76100137e-05
 -1.76103162e-05
 -1.76294619e-05
 -1.76403794e-05
 1.96765455e-16
 -6.79247338e-08
 -2.71049857e-07
 -6.07462469e-07
 -1.07408600e-06
 -1.66682924e-06
 -2.38075177e-06
 -3.21019569e-06
 -4.14881392e-06
 -5.18941813e-06
 -6.32357999e-06
 -7.54095853e-06
 -8.82839597e-06
 -1.01689188e-05
 -1.15408819e-05
 -1.29175682e-05
 -1.42675680e-05
 -1.55561708e-05
 -1.67478097e-05
 -1.78093273e-05
 -1.87135666e-05
 -1.94426227e-05
 -1.99900908e-05
 -2.03618415e-05
 -2.05751662e-05
 -2.06564213e-05
 -2.06373729e-05
 -2.05504426e-05
 -2.04239347e-05
 -2.02806528e-05
 -2.01431288e-05
 -2.00401157e-05
 -2.00013480e-05
 7.54104574e-16
 -7.66289280e-08
 -3.05784432e-07
 -6.85320684e-07
 -1.21181273e-06
 -1.88075852e-06
 -2.68680687e-06
 -3.62394510e-06
 -4.68556067e-06
 -5.86427912e-06
 -7.15149359e-06
 -8.53654536e-06
 -1.00055967e-05
 -1.15403511e-05
 -1.31169002e-05
 -1.47050786e-05
 -1.62687298e-05
 -1.77671964e-05
 -1.91581177e-05
 -2.04012969e-05
 -2.14630663e-05
 -2.23203475e-05
 -2.29635764e-05
 -2.33978472e-05
 -2.36419926e-05
 -2.37257723e-05
 -2.36858668e-05
 -2.35619036e-05
 -2.33937226e-05
 -2.32195300e-05
 -2.30726591e-05
 -2.29767299e-05
 -2.29436886e-05
 -4.62166365e-17
 -8.52235041e-08
 -3.40082753e-07
 -7.62205373e-07
 -1.34783595e-06
 -2.09210198e-06
 -2.98931472e-06
 -4.03322572e-06
 -5.21713141e-06
 -6.53370689e-06
 -7.97446159e-06
 -9.52875990e-06
 -1.11824437e-05
 -1.29162278e-05
 -1.47041932e-05
 -1.65128306e-05
 -1.83011352e-05
 -2.00221531e-05
 -2.16261257e-05
 -2.30649937e-05
 -2.42976134e-05
 -2.52947497e-05
 -2.60428401e-05
 -2.65457373e-05
 -2.68240625e-05
 -2.69123483e-05
 -2.68546781e-05
 -2.66998173e-05
 -2.64965780e-05
 -2.62895875e-05
 -2.61156202e-05
 -2.60010982e-05
 -2.59613015e-05
 -5.16560884e-16
 -9.35152474e-08
 -3.73172113e-07
 -8.36383481e-07
 -1.47908901e-06
 -2.29609187e-06
 -3.28144401e-06
 -4.42878081e-06
 -5.73147902e-06
 -7.18249330e-06
 -8.77374045e-06
 -1.04949537e-05
 -1.23320357e-05
 -1.42650939e-05
 -1.62665290e-05
 -1.82997094e-05
 -2.03188335e-05
 -2.22704875e-05
 -2.40971121e-05
 -2.57421515e-05
 -2.71561687e-05
 -2.83028561e-05
 -2.91637663e-05
 -2.97408214e-05
 -3.00561324e-05
 -3.01491847e-05
 -3.00717994e-05
 -2.98815198e-05
 -2.96346859e-05
 -2.93813638e-05
 -2.91637386e-05
 -2.90163828e-05
 -2.89641252e-05
 3.37695905e-15
 -1.01306156e-07
 -4.04264141e-07
 -9.06087851e-07
 -1.60244164e-06
 -2.48785381e-06
 -3.55619035e-06
 -4.80107643e-06
 -6.21611532e-06
 -7.79473722e-06
 -9.52951979e-06
 -1.14108790e-05
 -1.34251448e-05
 -1.55522141e-05
 -1.77631973e-05
 -2.00186753e-05
 -2.22682825e-05
 -2.44522295e-05
 -2.65050563e-05
 -2.83613994e-05
 -2.99630038e-05
 -3.12657707e-05
 -3.22454891e-05
 -3.29011273e-05
 -3.32551164e-05
 -3.33507713e-05
 -3.32475442e-05
 -3.30148147e-05
 -3.27242866e-05
 -3.24408226e-05
 -3.22133368e-05
 -3.20700305e-05
 -3.20216145e-05
 1.51669693e-16
 -1.08411213e-07
 -4.32618195e-07
 -9.69655982e-07
 -1.71494697e-06
 -2.66278969e-06
 -3.80692407e-06
 -5.14104101e-06
 -6.65906945e-06
 -8.35504810e-06
 -1.02223974e-05
 -1.22524621e-05
 -1.44323154e-05
 -1.67420223e-05
 -1.91518197e-05
 -2.16199308e-05
 -2.40918427e-05
 -2.65017657e-05
 -2.87766278e-05
 -3.08424004e-05
 -3.26319415e-05
 -3.40930417e-05
 -3.51951421e-05
 -3.59333742e-05
 -3.63291147e-05
 -3.64270202e-05
 -3.62893672e-05
 -3.59892702e-05
 -3.56043885e-05
 -3.52111854e-05
 -3.48779983e-05
 -3.46571579e-05
 -3.45801248e-05
 -6.07780770e-15
 -1.14673987e-07
 -4.57612375e-07
 -1.02569310e-06
 -1.81412840e-06
 -2.81702485e-06
 -4.02803177e-06
 -5.44093796e-06
 -7.05002962e-06
 -8.84999878e-06
 -1.08351910e-05
 -1.29980294e-05
 -1.53265712e-05
 -1.78013788e-05
 -2.03922232e-05
 -2.30554503e-05
 -2.57329692e-05
 -2.83536579e-05
 -3.08375626e-05
 -3.31026815e-05
 -3.50735037e-05
 -3.66899448e-05
 -3.79150397e-05
 -3.87398767e-05
 -3.91847711e-05
 -3.92963886e-05
 -3.91412412e-05
 -3.87967778e-05
 -3.83427434e-05
 -3.78572814e-05
 -3.74197196e-05
 -3.71112011e-05
 -3.69993186e-05
 7.42799420e-15
 -1.19987292e-07
 -4.78815665e-07
 -1.07322949e-06
 -1.89826054e-06
 -2.94784514e-06
 -4.21554643e-06
 -5.69522763e-06
 -7.38148213e-06
 -9.26959274e-06
 -1.13547922e-05
 -1.36306246e-05
 -1.60862935e-05
 -1.87031325e-05
 -2.14508015e-05
 -2.42842279e-05
 -2.71423870e-05
 -2.99497341e-05
 -3.26206044e-05
 -3.50663117e-05
 -3.72041397e-05
 -3.89669435e-05
 -4.03117077e-05
 -4.12254615e-05
 -4.17275321e-05
 -4.18679547e-05
 -4.17226840e-05
 -4.13865737e-05
 -4.09638467e-05
 -4.05534986e-05
 -4.02299912e-05
 -4.00309032e-05
 -3.99647262e-05
 -1.56674299e-14
 -1.24303537e-07
 -4.96041609e-07
 -1.11184597e-06
 -1.96658830e-06
 -3.05403841e-06
 -4.36763908e-06
 -5.90124652e-06
 -7.64962559e-06
 -9.60846659e-06
 -1.17737111e-05
 -1.41399652e-05
 -1.66977123e-05
 -1.94293066e-05
 -2.23045566e-05
 -2.52772994e-05
 -2.82841645e-05
 -3.12462226e-05
 -3.40736555e-05
 -3.66729812e-05
 -3.89560948e-05
 -4.08501604e-05
 -4.23067687e-05
 -4.33085649e-05
 -4.38722167e-05
 -4.40472950e-05
 -4.39109603e-05
 -4.35588830e-05
 -4.30941331e-05
 -4.26169197e-05
 -4.22152810e-05
 -4.19533473e-05
 -4.18633956e-05
 8.62763324e-16
 -1.27646873e-07
 -5.09381275e-07
 -1.14174046e-06
 -2.01944362e-06
 -3.13606498e-06
 -4.48485322e-06
 -6.05953489e-06
 -7.85485207e-06
 -9.86658332e-06
 -1.20909982e-05
 -1.45236177e-05
 -1.71564630e-05
 -1.99732411e-05
 -2.29440009e-05
 -2.60215356e-05
 -2.91404945e-05
 -3.22195499e-05
 -3.51665663e-05
 -3.78857523e-05
 -4.02860536e-05
 -4.22908187e-05
 -4.38473738e-05
 -4.49339842e-05
 -4.55630829e-05
 -4.57807349e-05
 -4.56618121e-05
 -4.53004549e-05
 -4.47968189e-05
 -4.42450460e-05
 -4.37335114e-05
 -4.33588290e-05
 -4.32188546e-05
 2.62384026e-15
 -1.30110598e-07
 -5.19212453e-07
 -1.16375140e-06
 -2.05826165e-06
 -3.19603212e-06
 -4.56999521e-06
 -6.17366610e-06
 -8.00163786e-06
 -1.00492879e-05
 -1.23123843e-05
 -1.47871118e-05
 -1.74678351e-05
 -2.03402365e-05
 -2.33743162e-05
 -2.65214077e-05
 -2.97142008e-05
 -3.28696428e-05
 -3.58952078e-05
 -3.86959593e-05
 -4.11808817e-05
 -4.32715898e-05
 -4.49128378e-05
 -4.60795544e-05
 -4.67793626e-05
 -4.70531948e-05
 -4.69736245e-05
 -4.66404819e-05
 -4.61756833e-05
 -4.57132729e-05
 -4.53686497e-05
 -4.51875222e-05
 -4.51374627e-05
 1.74822429e-15
 -1.31873238e-07
 -5.26234261e-07
 -1.17940865e-06
 -2.08560502e-06
 -3.23754802e-06
 -4.62764960e-06
 -6.24943962e-06
 -8.09774107e-06
 -1.01667771e-05
 -1.24497142e-05
 -1.49429089e-05
 -1.76456242e-05
 -2.05466438e-05
 -2.36145692e-05
 -2.67983269e-05
 -3.00284469e-05
 -3.32201253e-05
 -3.62820460e-05
 -3.91243521e-05
 -4.16595857e-05
 -4.38090051e-05
 -4.55166855e-05
 -4.67570320e-05
 -4.75331092e-05
 -4.78777744e-05
 -4.78553139e-05
 -4.75539698e-05
 -4.70709103e-05
 -4.64975790e-05
 -4.59249884e-05
 -4.54765804e-05
 -4.53022208e-05
 1.31373484e-15
 -1.33220196e-07
 -5.31587787e-07
 -1.19118301e-06
 -2.10543610e-06
 -3.26568947e-06
 -4.66336048e-06
 -6.29329843e-06
 -8.15265466e-06
 -1.02332128e-05
 -1.25199952e-05
 -1.50082616e-05
 -1.77098611e-05
 -2.06177997e-05
 -2.36952119e-05
 -2.68876418e-05
 -3.01236637e-05
 -3.33154862e-05
 -3.63731772e-05
 -3.92183526e-05
 -4.17714526e-05
 -4.39522285e-05
 -4.57048739e-05
 -4.70097423e-05
 -4.78672298e-05
 -4.82977134e-05
 -4.83576967e-05
 -4.81348221e-05
 -4.77365010e-05
 -4.72874071e-05
 -4.69117876e-05
 -4.66863653e-05
 -4.66159587e-05
 6.93484437e-15
 -1.34612754e-07
 -5.37062249e-07
 -1.20293998e-06
 -2.12383171e-06
 -3.28743376e-06
 -4.68260020e-06
 -6.30997163e-06
 -8.17548617e-06
 -1.02656487e-05
 -1.25445364e-05
 -1.50019841e-05
 -1.76841789e-05
 -2.05854822e-05
 -2.36543649e-05
 -2.68338715e-05
 -3.00521827e-05
 -3.32158926e-05
 -3.62324912e-05
 -3.90460706e-05
 -4.15907743e-05
 -4.37788900e-05
 -4.55509588e-05
 -4.69073125e-05
 -4.78519143e-05
 -4.83783902e-05
 -4.85339365e-05
 -4.84118024e-05
 -4.81079389e-05
 -4.77213989e-05
 -4.73552086e-05
 -4.70976515e-05
 -4.70054043e-05
 -9.50621260e-15
 -1.36577073e-07
 -5.44747245e-07
 -1.21963068e-06
 -2.14953766e-06
 -3.31283735e-06
 -4.68963762e-06
 -6.29996323e-06
 -8.17334714e-06
 -1.02820785e-05
 -1.25485188e-05
 -1.49402477e-05
 -1.75942009e-05
 -2.04851988e-05
 -2.35334598e-05
 -2.66852523e-05
 -2.98714275e-05
 -3.29905419e-05
 -3.59341133e-05
 -3.86885665e-05
 -4.12086479e-05
 -4.33883403e-05
 -4.51492273e-05
 -4.65375892e-05
 -4.75812861e-05
 -4.82080820e-05
 -4.84476026e-05
 -4.84341470e-05
 -4.82467808e-05
 -4.79299666e-05
 -4.75527523e-05
 -4.72301394e-05
 -4.71002220e-05
 1.26646367e-15
 -1.39055389e-07
 -5.54407264e-07
 -1.24330761e-06
 -2.19219578e-06
 -3.35666491e-06
 -4.68621528e-06
 -6.25881573e-06
 -8.15287615e-06
 -1.02964691e-05
 -1.25603017e-05
 -1.48328329e-05
 -1.74682615e-05
 -2.03526082e-05
 -2.33729783e-05
 -2.64889003e-05
 -2.96369862e-05
 -3.27100785e-05
 -3.55545318e-05
 -3.82324178e-05
 -4.07226525e-05
 -4.28915626e-05
 -4.46072000e-05
 -4.59972846e-05
 -4.71663509e-05
 -4.78985998e-05
 -4.81705802e-05
 -4.82618485e-05
 -4.82543070e-05
 -4.81392669e-05
 -4.79771962e-05
 -4.78475659e-05
 -4.77994130e-05
 6.82718699e-15
 -1.39810212e-07
 -5.58075655e-07
 -1.26491163e-06
 -2.25604827e-06
 -3.43701280e-06
 -4.67048363e-06
 -6.18179415e-06
 -8.12569255e-06
 -1.03109531e-05
 -1.26063313e-05
 -1.46851214e-05
 -1.73386850e-05
 -2.02185079e-05
 -2.32092016e-05
 -2.62873052e-05
 -2.93975316e-05
 -3.24379866e-05
 -3.51659998e-05
 -3.77637389e-05
 -4.02264732e-05
 -4.23965231e-05
 -4.40375000e-05
 -4.53873232e-05
 -4.67192269e-05
 -4.75748992e-05
 -4.77765643e-05
 -4.79439148e-05
 -4.81448788e-05
 -4.82291464e-05
 -4.82385533e-05
 -4.82560549e-05
 -4.82715408e-05
 -1.40531651e-14
 -1.33994816e-07
 -5.40185000e-07
 -1.26614842e-06
 -2.33165783e-06
 -3.56013366e-06
 -4.64021760e-06
 -6.07708182e-06
 -8.10862950e-06
 -1.03157488e-05
 -1.26943699e-05
 -1.45130791e-05
 -1.72366550e-05
 -2.01052313e-05
 -2.30719860e-05
 -2.61159394e-05
 -2.91931405e-05
 -3.22216343e-05
 -3.48324817e-05
 -3.73622261e-05
 -3.98024206e-05
 -4.19910538e-05
 -4.35461604e-05
 -4.48172953e-05
 -4.63328697e-05
 -4.73413627e-05
 -4.73517997e-05
 -4.75646771e-05
 -4.79876634e-05
 -4.82301479e-05
 -4.82764124e-05
 -4.82831809e-05
 -4.82977861e-05
 -9.43370893e-16
 -1.17779944e-07
 -4.99267286e-07
 -1.24675671e-06
 -2.39450003e-06
 -3.68977863e-06
 -4.60435434e-06
 -5.97928592e-06
 -8.10854690e-06
 -1.03071185e-05
 -1.27916491e-05
 -1.43631582e-05
 -1.71785862e-05
 -2.00286203e-05
 -2.29824385e-05
 -2.60016678e-05
 -2.90556339e-05
 -3.20869076e-05
 -3.46071075e-05
 -3.70930904e-05
 -3.95171566e-05
 -4.17311746e-05
 -4.32172898e-05
 -4.44058996e-05
 -4.60724227e-05
 -4.72319513e-05
 -4.70101291e-05
 -4.72505620e-05
 -4.78634722e-05
 -4.82312339e-05
 -4.82562560e-05
 -4.81478180e-05
 -4.81067142e-05
 0.00000000e+00
 -1.04157578e-07
 -4.74885318e-07
 -1.23449781e-06
 -2.41879041e-06
 -3.74797263e-06
 -4.58732297e-06
 -5.93838557e-06
 -8.11223748e-06
 -1.03002213e-05
 -1.28353726e-05
 -1.43019613e-05
 -1.71611537e-05
 -2.00012265e-05
 -2.29515886e-05
 -2.59615884e-05
 -2.90070779e-05
 -3.20417808e-05
 -3.45273417e-05
 -3.69985679e-05
 -3.94164746e-05
 -4.16424509e-05
 -4.31021103e-05
 -4.42550148e-05
 -4.59801480e-05
 -4.72065638e-05
 -4.68764845e-05
 -4.71279014e-05
 -4.78180878e-05
 -4.82398039e-05
 -4.82595922e-05
 -4.80924463e-05
 -4.80000000e-05
