 0.00000000e+00
 -7.06360802e-38
 9.86738541e-39
 -1.79543307e-38
 -4.91702568e-38
 -1.17884919e-38
 5.15824576e-39
 4.21401643e-39
 1.94736630e-39
 -1.01255522e-39
 -1.60511671e-39
 1.97967850e-39
 -7.15394992e-40
 9.89583821e-40
 7.20330407e-40
 0.00000000e+00
 1.00526512e-39
 -1.02927190e-28
 -4.04592932e-28
 -8.51086457e-28
 -1.27691131e-27
 -1.47438894e-27
 -1.37646499e-27
 -1.09284170e-27
 -7.76298576e-28
 -5.15259659e-28
 -3.27520109e-28
 -1.98165507e-28
 -1.08886180e-28
 -4.83105043e-29
 -1.21522259e-29
 0.00000000e+00
 2.06730037e-38
 -4.04572929e-28
 -1.59505095e-27
 -3.36657261e-27
 -5.05677860e-27
 -5.83552936e-27
 -5.44118328e-27
 -4.31421103e-27
 -3.06109857e-27
 -2.03016193e-27
 -1.28986718e-27
 -7.80262587e-28
 -4.28694520e-28
 -1.90196444e-28
 -4.78438054e-29
 0.00000000e+00
 -3.58687253e-38
 -8.50872739e-28
 -3.36589835e-27
 -7.16406422e-27
 -1.08519776e-26
 -1.25918125e-26
 -1.17728770e-26
 -9.34266789e-27
 -6.62878103e-27
 -4.39522803e-27
 -2.79197485e-27
 -1.68878060e-27
 -9.27837355e-28
 -4.11648376e-28
 -1.03549395e-28
 0.00000000e+00
 1.99369389e-38
 -1.27645433e-27
 -5.05512957e-27
 -1.08500444e-26
 -1.67055521e-26
 -1.97376864e-26
 -1.87446080e-26
 -1.50525256e-26
 -1.07693610e-26
 -7.18028605e-27
 -4.57654209e-27
 -2.77341376e-27
 -1.52512623e-27
 -6.76887805e-28
 -1.70272409e-28
 0.00000000e+00
 -2.16901112e-38
 -1.47414305e-27
 -5.83458527e-27
 -1.25902467e-26
 -1.97366982e-26
 -2.39650240e-26
 -2.34436105e-26
 -1.93419608e-26
 -1.41478992e-26
 -9.58893458e-27
 -6.17847678e-27
 -3.76792462e-27
 -2.07851250e-27
 -9.23615216e-28
 -2.32400250e-28
 0.00000000e+00
 -1.15279129e-38
 -1.37643881e-27
 -5.44108320e-27
 -1.17726346e-26
 -1.87443056e-26
 -2.34435387e-26
 -2.38116179e-26
 -2.04206364e-26
 -1.54652445e-26
 -1.07762424e-26
 -7.07983626e-27
 -4.36900531e-27
 -2.42469006e-27
 -1.08000222e-27
 -2.71906462e-28
 0.00000000e+00
 -8.56865430e-38
 -1.09283584e-27
 -4.31418303e-27
 -9.34261104e-27
 -1.50525694e-26
 -1.93422300e-26
 -2.04209283e-26
 -1.82910719e-26
 -1.44420794e-26
 -1.04211156e-26
 -7.02375499e-27
 -4.40461604e-27
 -2.46504283e-27
 -1.10164181e-27
 -2.77578196e-28
 0.00000000e+00
 -5.05000703e-39
 -7.76291848e-28
 -3.06108496e-27
 -6.62888115e-27
 -1.07697852e-26
 -1.41486032e-26
 -1.54659048e-26
 -1.44424206e-26
 -1.18904683e-26
 -8.89683589e-27
 -6.16203482e-27
 -3.93242496e-27
 -2.22125549e-27
 -9.96379307e-28
 -2.51280748e-28
 0.00000000e+00
 2.45934673e-39
 -5.15325742e-28
 -2.03042440e-27
 -4.39577817e-27
 -7.18110261e-27
 -9.58985559e-27
 -1.07770275e-26
 -1.04216005e-26
 -8.89702248e-27
 -6.87470157e-27
 -4.87993194e-27
 -3.16435613e-27
 -1.80270237e-27
 -8.11405929e-28
 -2.04801470e-28
 0.00000000e+00
 1.24371557e-38
 -3.27574401e-28
 -1.29008065e-27
 -2.79242232e-27
 -4.57720095e-27
 -6.17921080e-27
 -7.08047313e-27
 -7.02418415e-27
 -6.16225141e-27
 -4.88000237e-27
 -3.53034083e-27
 -2.31781551e-27
 -1.32924941e-27
 -5.99908187e-28
 -1.51517193e-28
 0.00000000e+00
 -2.03974444e-38
 -1.98195562e-28
 -7.80380730e-28
 -1.68903227e-27
 -2.77380095e-27
 -3.76837816e-27
 -4.36941880e-27
 -4.40491325e-27
 -3.93259296e-27
 -3.16442827e-27
 -2.31783562e-27
 -1.53421978e-27
 -8.83727325e-28
 -3.99543790e-28
 -1.00954970e-28
 0.00000000e+00
 3.76559623e-38
 -1.08902577e-28
 -4.28758450e-28
 -9.27971098e-28
 -1.52533090e-27
 -2.07875671e-27
 -2.42491960e-27
 -2.46521428e-27
 -2.22135783e-27
 -1.80275079e-27
 -1.32926676e-27
 -8.83731266e-28
 -5.10240066e-28
 -2.30905280e-28
 -5.83576074e-29
 0.00000000e+00
 2.12300872e-38
 -4.83171343e-29
 -1.90222563e-28
 -4.11704676e-28
 -6.76976161e-28
 -9.23722136e-28
 -1.08010404e-27
 -1.10171904e-27
 -9.96426387e-28
 -8.11428975e-28
 -5.99917040e-28
 -3.99546274e-28
 -2.30905688e-28
 -1.04534778e-28
 -2.64219463e-29
 0.00000000e+00
 5.64812441e-39
 -1.21544419e-29
 -4.78522054e-29
 -1.03565334e-28
 -1.70295099e-28
 -2.32427027e-28
 -2.71931967e-28
 -2.77597683e-28
 -2.51292704e-28
 -2.04807357e-28
 -1.51519490e-28
 -1.00955641e-28
 -5.83577352e-29
 -2.64219576e-29
 -6.67850788e-30
 0.00000000e+00
 0.00000000e+00
 -1.08143616e-38
 9.26379517e-40
 -2.76649269e-39
 -9.79702186e-39
 -7.04988818e-40
 1.71840613e-40
 -3.92837448e-42
 8.25509276e-40
 -4.55024423e-40
 -1.54684383e-40
 -5.43617575e-41
 -5.84023171e-42
 7.10050160e-43
 0.00000000e+00
 0.00000000e+00
