 1.01697800e+00
 1.00970969e+00
 9.96992565e-01
 9.69531885e-01
 8.60097291e-01
 7.24774247e-01
 4.98171045e-01
 3.24779612e-01
 1.56678894e-01
 3.90017319e-02
 0.00000000e+00
 1.01782709e+00
 1.00355013e+00
 9.76413657e-01
 9.30857928e-01
 8.27393354e-01
 6.91182341e-01
 4.85180885e-01
 3.08895785e-01
 1.49520431e-01
 3.79292557e-02
 0.00000000e+00
 1.00453831e+00
 9.76237354e-01
 9.14345143e-01
 8.36181748e-01
 7.32832764e-01
 6.05001905e-01
 4.35031116e-01
 2.70119220e-01
 1.29865204e-01
 3.36475403e-02
 0.00000000e+00
 9.60086450e-01
 9.26214506e-01
 8.36432096e-01
 7.26234284e-01
 6.12857083e-01
 4.95310385e-01
 3.56177146e-01
 2.19683861e-01
 1.04579564e-01
 2.68859092e-02
 0.00000000e+00
 8.89318500e-01
 8.47899719e-01
 7.44366567e-01
 6.18732044e-01
 4.99708191e-01
 3.89030337e-01
 2.75936663e-01
 1.68618512e-01
 7.95208577e-02
 2.04446811e-02
 0.00000000e+00
 7.10661124e-01
 6.82604300e-01
 6.00546314e-01
 4.92025442e-01
 3.88153968e-01
 2.93242696e-01
 2.04108860e-01
 1.23259332e-01
 5.76053788e-02
 1.48005393e-02
 0.00000000e+00
 5.20926597e-01
 4.99611354e-01
 4.40132824e-01
 3.58867189e-01
 2.77556904e-01
 2.04795319e-01
 1.40033373e-01
 8.36618744e-02
 3.88791879e-02
 9.97564747e-03
 0.00000000e+00
 3.29771950e-01
 3.14670675e-01
 2.74658237e-01
 2.22597908e-01
 1.70402690e-01
 1.24035865e-01
 8.38645423e-02
 4.97396369e-02
 2.30355870e-02
 5.90150706e-03
 0.00000000e+00
 1.51950378e-01
 1.45426911e-01
 1.27989013e-01
 1.04136101e-01
 7.98149453e-02
 5.79178167e-02
 3.89951460e-02
 2.30533418e-02
 1.06610200e-02
 2.73181129e-03
 0.00000000e+00
 3.76518861e-02
 3.76326909e-02
 3.31877304e-02
 2.68136075e-02
 2.05277664e-02
 1.48761548e-02
 1.00020699e-02
 5.91084330e-03
 2.72992318e-03
 6.98530086e-04
 0.00000000e+00
 0.00000000e+00
 -5.95537891e-14
 -6.42059258e-14
 3.39132791e-14
 -5.82187455e-15
 -1.35082560e-15
 -2.59953893e-17
 2.81075255e-16
 -9.76620864e-17
 0.00000000e+00
 0.00000000e+00
