 0.00000000e+00
 3.59771474e-02
 1.60554192e-01
 3.58599343e-01
 5.32578542e-01
 7.29384388e-01
 9.14656678e-01
 9.53763975e-01
 1.00999895e+00
 1.02441960e+00
 1.01697800e+00
 -3.82532348e-13
 3.83608573e-02
 1.56110746e-01
 3.41690765e-01
 5.22821704e-01
 7.19539394e-01
 8.99493764e-01
 9.62979119e-01
 1.00656091e+00
 1.02040346e+00
 1.01782709e+00
 -1.50869293e-13
 3.42969730e-02
 1.36661005e-01
 2.98399945e-01
 4.82021216e-01
 6.77067097e-01
 8.51689776e-01
 9.41170241e-01
 9.86561169e-01
 1.00290835e+00
 1.00453831e+00
 -1.99103371e-12
 2.41127644e-02
 1.02223494e-01
 2.35407944e-01
 4.03717371e-01
 5.90403475e-01
 7.60872499e-01
 8.67831342e-01
 9.35233312e-01
 9.60418943e-01
 9.60086450e-01
 -1.74147277e-12
 1.45362539e-02
 6.38104495e-02
 1.57889846e-01
 2.95583465e-01
 4.62451060e-01
 6.25312106e-01
 7.53064688e-01
 8.36760615e-01
 8.77844570e-01
 8.89318500e-01
 -7.24049004e-13
 2.28832269e-03
 1.83588163e-02
 6.97589024e-02
 1.67457307e-01
 3.05383495e-01
 4.57832105e-01
 5.80420529e-01
 6.64359286e-01
 7.03925889e-01
 7.10661124e-01
 -2.76851682e-12
 -1.23288819e-02
 -2.86729955e-02
 -1.12369840e-02
 5.54788279e-02
 1.64813443e-01
 2.89970364e-01
 3.95219251e-01
 4.69840381e-01
 5.09767905e-01
 5.20926597e-01
 7.67716482e-13
 -1.77391194e-02
 -5.04851000e-02
 -5.53930028e-02
 -1.08646257e-02
 6.80119884e-02
 1.52725849e-01
 2.28179316e-01
 2.85072410e-01
 3.18716460e-01
 3.29771950e-01
 6.89492110e-15
 -1.49529218e-02
 -4.09950377e-02
 -4.98575671e-02
 -2.58150811e-02
 1.70556426e-02
 6.03303605e-02
 9.92315964e-02
 1.30362513e-01
 1.47412361e-01
 1.51950378e-01
 -6.06854335e-13
 -8.08786986e-03
 -1.66677145e-02
 -1.75224435e-02
 -1.07884405e-02
 1.60671513e-03
 1.33446174e-02
 2.37932201e-02
 3.28737325e-02
 3.73211097e-02
 3.76518861e-02
 0.00000000e+00
 -9.65067305e-13
 -9.59472351e-15
 -9.68401643e-13
 -1.59971990e-13
 1.61120770e-13
 -1.63964817e-14
 -7.84413971e-15
 3.90922266e-15
 0.00000000e+00
 0.00000000e+00
