 -1.41400000e-02
 -1.37599613e-02
 -1.27202415e-02
 -1.12007485e-02
 -9.29918983e-03
 -7.26058275e-03
 -5.02501004e-03
 -3.04948139e-03
 -1.52146340e-03
 -4.20219660e-04
 0.00000000e+00
 -1.40617583e-02
 -1.37030861e-02
 -1.26751920e-02
 -1.11379676e-02
 -9.23682865e-03
 -7.17893352e-03
 -4.97909514e-03
 -3.01622831e-03
 -1.47242125e-03
 -3.92563422e-04
 0.00000000e+00
 -1.39318294e-02
 -1.35710581e-02
 -1.25264041e-02
 -1.09536374e-02
 -9.04410968e-03
 -6.96687757e-03
 -4.83914260e-03
 -2.91594081e-03
 -1.37739263e-03
 -3.56330391e-04
 0.00000000e+00
 -1.37243254e-02
 -1.33196008e-02
 -1.22229386e-02
 -1.06300234e-02
 -8.72232271e-03
 -6.66630216e-03
 -4.61758027e-03
 -2.76633298e-03
 -1.28778745e-03
 -3.30675875e-04
 0.00000000e+00
 -1.30475219e-02
 -1.27023150e-02
 -1.16842400e-02
 -1.01357422e-02
 -8.27522278e-03
 -6.28922326e-03
 -4.33911430e-03
 -2.58948866e-03
 -1.20061201e-03
 -3.07740548e-04
 0.00000000e+00
 -1.24027676e-02
 -1.20091136e-02
 -1.09601142e-02
 -9.46873962e-03
 -7.70950187e-03
 -5.84342506e-03
 -4.02208851e-03
 -2.39570116e-03
 -1.10937897e-03
 -2.84289858e-04
 0.00000000e+00
 -1.10899322e-02
 -1.08122902e-02
 -9.97315059e-03
 -8.66255660e-03
 -7.06484178e-03
 -5.35858320e-03
 -3.68931915e-03
 -2.19594960e-03
 -1.01611813e-03
 -2.60289588e-04
 0.00000000e+00
 -1.01210716e-02
 -9.83826446e-03
 -9.04965469e-03
 -7.86725201e-03
 -6.42468143e-03
 -4.89312806e-03
 -3.38017420e-03
 -2.00768160e-03
 -9.26616650e-04
 -2.37213517e-04
 0.00000000e+00
 -9.25343788e-03
 -8.98887541e-03
 -8.27131740e-03
 -7.21130035e-03
 -5.86906719e-03
 -4.51698104e-03
 -3.14396776e-03
 -1.84624823e-03
 -8.45838055e-04
 -2.16124263e-04
 0.00000000e+00
 -8.58073389e-03
 -8.33504449e-03
 -7.72227180e-03
 -6.81004595e-03
 -5.46078504e-03
 -4.28744029e-03
 -3.01270855e-03
 -1.72401752e-03
 -7.83705272e-04
 -2.01942341e-04
 0.00000000e+00
 -8.32700000e-03
 -8.08680681e-03
 -7.52306962e-03
 -6.69070432e-03
 -5.29871261e-03
 -4.21591655e-03
 -2.97495381e-03
 -1.67405573e-03
 -7.59295727e-04
 -1.99907819e-04
 -1.08420217e-19
