 0.00000000e+00
 5.28603280e-02
 1.74188329e-01
 3.18124738e-01
 5.19540602e-01
 7.32992203e-01
 8.87282152e-01
 9.65631419e-01
 1.01626025e+00
 1.02287791e+00
 1.01697800e+00
 1.05720656e-01
 1.36917482e-01
 2.36212895e-01
 3.70258951e-01
 5.48118155e-01
 7.32453937e-01
 8.64581345e-01
 9.37980226e-01
 9.82601783e-01
 9.98856898e-01
 1.00970969e+00
 3.48376658e-01
 3.62717651e-01
 4.23531461e-01
 5.25671514e-01
 6.44692961e-01
 7.53038231e-01
 8.26425370e-01
 8.75960971e-01
 9.17674546e-01
 9.65438574e-01
 9.96992565e-01
 6.36249476e-01
 6.61935822e-01
 7.14237295e-01
 7.71872845e-01
 8.16613363e-01
 8.30981867e-01
 8.25444003e-01
 8.29917975e-01
 8.66789002e-01
 9.33859732e-01
 9.69531885e-01
 1.03908120e+00
 1.05413759e+00
 1.07824749e+00
 1.08337692e+00
 1.05035653e+00
 9.70584634e-01
 8.79557899e-01
 8.20539789e-01
 8.13708581e-01
 8.41969853e-01
 8.60097291e-01
 1.46598441e+00
 1.46599228e+00
 1.45519934e+00
 1.41019711e+00
 1.30755416e+00
 1.14289865e+00
 9.64574934e-01
 8.20415058e-01
 7.38456208e-01
 7.20453376e-01
 7.24774247e-01
 1.77456430e+00
 1.77181291e+00
 1.74977944e+00
 1.67594686e+00
 1.52506017e+00
 1.30095878e+00
 1.04065401e+00
 8.04640763e-01
 6.30535862e-01
 5.30079176e-01
 4.98171045e-01
 1.93126284e+00
 1.93438444e+00
 1.91767610e+00
 1.83901010e+00
 1.66475531e+00
 1.39773546e+00
 1.07127846e+00
 7.59963333e-01
 5.16215877e-01
 3.70556024e-01
 3.24779612e-01
 2.03252050e+00
 2.02720056e+00
 2.00018552e+00
 1.91669589e+00
 1.72895877e+00
 1.44070459e+00
 1.06136110e+00
 7.04896357e-01
 4.10123346e-01
 2.19396837e-01
 1.56678894e-01
 2.04575582e+00
 2.03608029e+00
 2.00881415e+00
 1.93698868e+00
 1.73257343e+00
 1.45018043e+00
 1.02245454e+00
 6.63187795e-01
 3.39011399e-01
 1.15218910e-01
 3.90017319e-02
 2.03395600e+00
 2.01941938e+00
 1.99398513e+00
 1.93906377e+00
 1.72019458e+00
 1.44954849e+00
 9.96342090e-01
 6.49559224e-01
 3.13357788e-01
 7.80034638e-02
 0.00000000e+00
