 5.14123000e-01
 5.17326207e-01
 5.26435339e-01
 5.39400076e-01
 5.51756517e-01
 5.62613598e-01
 5.57608827e-01
 5.55210687e-01
 5.46658206e-01
 5.40805021e-01
 5.39504000e-01
 5.02854398e-01
 5.06070374e-01
 5.15128735e-01
 5.27537905e-01
 5.39768316e-01
 5.49328892e-01
 5.46148377e-01
 5.42966292e-01
 5.35445016e-01
 5.29432896e-01
 5.27296768e-01
 4.70517488e-01
 4.73442525e-01
 4.81363954e-01
 4.92440927e-01
 5.03761401e-01
 5.11402379e-01
 5.11019990e-01
 5.07492335e-01
 5.01893837e-01
 4.97052346e-01
 4.95002403e-01
 4.17103209e-01
 4.18953424e-01
 4.25335182e-01
 4.35233590e-01
 4.45301597e-01
 4.51952434e-01
 4.53120958e-01
 4.50441199e-01
 4.46435213e-01
 4.44114675e-01
 4.43866141e-01
 3.37800241e-01
 3.41271338e-01
 3.49443013e-01
 3.59309042e-01
 3.68535068e-01
 3.74748341e-01
 3.76667151e-01
 3.74877923e-01
 3.70870425e-01
 3.66206239e-01
 3.63798795e-01
 2.55783554e-01
 2.57589082e-01
 2.63471525e-01
 2.72015417e-01
 2.80313651e-01
 2.86185272e-01
 2.88629282e-01
 2.87982287e-01
 2.85760019e-01
 2.84206073e-01
 2.83991125e-01
 1.64782100e-01
 1.67962356e-01
 1.74855375e-01
 1.82581269e-01
 1.89790178e-01
 1.95220205e-01
 1.98123459e-01
 1.98567602e-01
 1.97183349e-01
 1.94667235e-01
 1.93094320e-01
 9.38175241e-02
 9.37553827e-02
 9.59921965e-02
 1.01106246e-01
 1.06895825e-01
 1.11809376e-01
 1.15121727e-01
 1.16764250e-01
 1.17458421e-01
 1.18741582e-01
 1.19933815e-01
 2.42844227e-02
 2.67032377e-02
 3.12159987e-02
 3.58270029e-02
 4.06322581e-02
 4.50935570e-02
 4.87499564e-02
 5.12551832e-02
 5.23457802e-02
 5.12150248e-02
 4.98500047e-02
 -1.56894299e-02
 -1.34035074e-02
 -9.78477564e-03
 -6.15545671e-03
 -1.98426491e-03
 2.14428468e-03
 6.06679037e-03
 9.15580637e-03
 1.14268204e-02
 1.14574537e-02
 1.04052600e-02
 -2.62690000e-02
 -2.55622085e-02
 -2.36032276e-02
 -2.06100726e-02
 -1.66576882e-02
 -1.26669022e-02
 -8.62739022e-03
 -5.35184677e-03
 -2.31995517e-03
 -5.23519623e-04
 0.00000000e+00
