 0.00000000e+00
 -4.83510134e-04
 -1.96772386e-03
 -4.40001093e-03
 -7.40257901e-03
 -1.06967330e-02
 -1.42572832e-02
 -1.71094032e-02
 -1.93355772e-02
 -2.09512125e-02
 -2.15650000e-02
 1.17785694e-02
 1.15897884e-02
 9.91637326e-03
 6.46159447e-03
 1.86051915e-03
 -3.38521228e-03
 -8.91750949e-03
 -1.37153546e-02
 -1.75364071e-02
 -2.01517757e-02
 -2.10920179e-02
 4.88452601e-02
 4.80578482e-02
 4.46721354e-02
 3.79782271e-02
 2.87057217e-02
 1.78441503e-02
 6.50871141e-03
 -3.87210702e-03
 -1.22397535e-02
 -1.77299539e-02
 -1.96442183e-02
 1.09960238e-01
 1.07185610e-01
 9.93562514e-02
 8.69001572e-02
 7.02708791e-02
 5.07422936e-02
 3.03252061e-02
 1.13942774e-02
 -3.87348988e-03
 -1.37714662e-02
 -1.72000708e-02
 1.82280996e-01
 1.78341858e-01
 1.66629321e-01
 1.47463086e-01
 1.21747446e-01
 9.14919807e-02
 5.98021409e-02
 3.03495590e-02
 6.63022306e-03
 -8.64963579e-03
 -1.39051388e-02
 2.59183041e-01
 2.54140890e-01
 2.38524776e-01
 2.12282760e-01
 1.76855971e-01
 1.35135259e-01
 9.13970619e-02
 5.06967152e-02
 1.78805838e-02
 -3.30380306e-03
 -1.06103735e-02
 3.35433655e-01
 3.28129855e-01
 3.07138401e-01
 2.73657727e-01
 2.29005047e-01
 1.76484041e-01
 1.21411703e-01
 7.00836842e-02
 2.86461401e-02
 1.87494698e-03
 -7.36342365e-03
 3.93383522e-01
 3.85885157e-01
 3.63191483e-01
 3.24994138e-01
 2.72726468e-01
 2.11227682e-01
 1.46826556e-01
 8.65732247e-02
 3.78788950e-02
 6.46901834e-03
 -4.35931093e-03
 4.35400902e-01
 4.28287552e-01
 4.05067280e-01
 3.63320562e-01
 3.04614825e-01
 2.36666481e-01
 1.65848299e-01
 9.88923338e-02
 4.46783444e-02
 9.94416322e-03
 -1.98538420e-03
 4.64482445e-01
 4.56869727e-01
 4.32004627e-01
 3.87285619e-01
 3.23227786e-01
 2.51818644e-01
 1.77686758e-01
 1.06442563e-01
 4.85048623e-02
 1.18821195e-02
 -4.97010066e-04
 4.75359000e-01
 4.67139024e-01
 4.41305621e-01
 3.95541329e-01
 3.29135218e-01
 2.56811466e-01
 1.81748897e-01
 1.08995122e-01
 4.96325383e-02
 1.23504449e-02
 0.00000000e+00
