 0.00000000e+00
 7.19542948e-02
 3.21108384e-01
 7.17198686e-01
 1.06515708e+00
 1.45876878e+00
 1.82931336e+00
 1.90752795e+00
 2.01999790e+00
 2.04883920e+00
 2.03395600e+00
 3.59771474e-02
 1.14839357e-01
 3.52616283e-01
 7.22323561e-01
 1.08004236e+00
 1.46758757e+00
 1.81630254e+00
 1.93051909e+00
 2.01766771e+00
 2.04180571e+00
 2.03565418e+00
 1.60554192e-01
 2.29867074e-01
 4.33133760e-01
 7.48553536e-01
 1.10230464e+00
 1.46874727e+00
 1.77952216e+00
 1.92805654e+00
 1.99591884e+00
 2.01127903e+00
 2.00907662e+00
 3.58599343e-01
 4.00416435e-01
 5.43742072e-01
 7.93009391e-01
 1.10333778e+00
 1.42745668e+00
 1.69810934e+00
 1.84938510e+00
 1.92047770e+00
 1.93036140e+00
 1.92017290e+00
 5.32578542e-01
 5.63770438e-01
 6.62945426e-01
 8.35801799e-01
 1.06844931e+00
 1.32454676e+00
 1.54400391e+00
 1.68478943e+00
 1.75233417e+00
 1.77404684e+00
 1.77863700e+00
 7.29384388e-01
 7.36422112e-01
 7.67227832e-01
 8.47778641e-01
 9.85980449e-01
 1.15790053e+00
 1.31541265e+00
 1.40830785e+00
 1.44209200e+00
 1.43446473e+00
 1.42132225e+00
 9.14656678e-01
 8.81595321e-01
 8.31106965e-01
 8.31752857e-01
 8.89848050e-01
 9.78914431e-01
 1.05423435e+00
 1.08348473e+00
 1.07660331e+00
 1.05401204e+00
 1.04185319e+00
 9.53763975e-01
 9.22848496e-01
 8.66890815e-01
 8.33029261e-01
 8.28524454e-01
 8.36488601e-01
 8.17654304e-01
 7.71734404e-01
 7.17653985e-01
 6.75031943e-01
 6.59543900e-01
 1.00999895e+00
 9.79763287e-01
 9.21380688e-01
 8.68967148e-01
 8.24021834e-01
 7.49024591e-01
 6.44294992e-01
 5.23696751e-01
 4.12936701e-01
 3.33541829e-01
 3.03900756e-01
 1.02441960e+00
 1.00564566e+00
 9.75233307e-01
 9.28862772e-01
 8.63487765e-01
 7.15691573e-01
 5.49220892e-01
 3.76212569e-01
 2.18214017e-01
 1.12876253e-01
 7.53037722e-02
 1.01697800e+00
 1.01782709e+00
 1.00453831e+00
 9.60086450e-01
 8.89318500e-01
 7.10661124e-01
 5.20926597e-01
 3.29771950e-01
 1.51950378e-01
 3.76518861e-02
 0.00000000e+00
