 3.18118000e-01
 3.24351652e-01
 3.46690126e-01
 3.82463864e-01
 4.14437501e-01
 4.57914724e-01
 4.93634633e-01
 5.15866825e-01
 5.32769252e-01
 5.39800383e-01
 5.40721000e-01
 3.11507719e-01
 3.18087794e-01
 3.39471721e-01
 3.72987468e-01
 4.06256906e-01
 4.47498342e-01
 4.82170433e-01
 5.04822034e-01
 5.20918796e-01
 5.28017784e-01
 5.29625099e-01
 2.91484895e-01
 2.97925688e-01
 3.17070989e-01
 3.46613169e-01
 3.80353871e-01
 4.17137031e-01
 4.49012820e-01
 4.71695847e-01
 4.87002389e-01
 4.95264235e-01
 4.97760645e-01
 2.56157250e-01
 2.61867037e-01
 2.78978547e-01
 3.05324695e-01
 3.36568057e-01
 3.68689221e-01
 3.96794521e-01
 4.17915818e-01
 4.32396794e-01
 4.41508948e-01
 4.44988156e-01
 2.05285775e-01
 2.11463770e-01
 2.27858048e-01
 2.51149480e-01
 2.78180165e-01
 3.05353712e-01
 3.29123850e-01
 3.47231041e-01
 3.59089802e-01
 3.64887009e-01
 3.66232823e-01
 1.54975409e-01
 1.58747408e-01
 1.70537572e-01
 1.88984240e-01
 2.10782242e-01
 2.32618487e-01
 2.51703899e-01
 2.66306297e-01
 2.76156902e-01
 2.82237364e-01
 2.84601548e-01
 9.58839492e-02
 1.00136303e-01
 1.10685119e-01
 1.25014411e-01
 1.41460192e-01
 1.57910248e-01
 1.72345554e-01
 1.83386776e-01
 1.90317523e-01
 1.92877981e-01
 1.92946777e-01
 5.14403357e-02
 5.23931361e-02
 5.72997614e-02
 6.65190504e-02
 7.78606294e-02
 8.93989358e-02
 9.96756988e-02
 1.07809892e-01
 1.13887897e-01
 1.18935373e-01
 1.21543005e-01
 4.82343857e-03
 7.52711207e-03
 1.30699215e-02
 1.95377476e-02
 2.69672850e-02
 3.45898451e-02
 4.15738402e-02
 4.71938315e-02
 5.09267138e-02
 5.17750067e-02
 5.11955291e-02
 -2.05739913e-02
 -1.84075535e-02
 -1.47138432e-02
 -1.07047347e-02
 -5.77381041e-03
 -6.97861970e-04
 4.21053698e-03
 8.19089759e-03
 1.10861191e-02
 1.15956650e-02
 1.06994893e-02
 -2.65980000e-02
 -2.58955411e-02
 -2.40063293e-02
 -2.11299654e-02
 -1.70445398e-02
 -1.28676241e-02
 -8.65017024e-03
 -5.24148160e-03
 -2.31867141e-03
 -5.47317777e-04
 0.00000000e+00
