 0.00000000e+00
 -1.55044338e-12
 7.72688436e-14
 -1.79106728e-12
 1.69053856e-12
 1.20011015e-12
 -1.09251255e-12
 8.00550605e-13
 -3.19119460e-14
 -6.99061489e-14
 0.00000000e+00
 -5.43923264e-13
 3.06487822e-03
 1.19200764e-02
 2.55900781e-02
 4.22781014e-02
 6.00944988e-02
 7.75351819e-02
 9.44792849e-02
 1.11417772e-01
 1.29734415e-01
 1.41697803e-01
 2.17663745e-14
 1.19558341e-02
 4.64861622e-02
 9.96291055e-02
 1.64605200e-01
 2.33760557e-01
 3.01057705e-01
 3.64802714e-01
 4.26417211e-01
 4.82278224e-01
 5.08930850e-01
 -4.65845922e-13
 2.56116713e-02
 9.97340495e-02
 2.13630491e-01
 3.52570060e-01
 4.99778869e-01
 6.41442255e-01
 7.70330726e-01
 8.85300455e-01
 9.67206370e-01
 9.94848819e-01
 -5.50482750e-13
 4.24623796e-02
 1.65237390e-01
 3.53507394e-01
 5.81843144e-01
 8.21626501e-01
 1.05116086e+00
 1.25842164e+00
 1.43000379e+00
 1.53795182e+00
 1.57165974e+00
 2.30426966e-12
 6.05162793e-02
 2.35532392e-01
 5.03035726e-01
 8.23805715e-01
 1.15400889e+00
 1.46354254e+00
 1.74060425e+00
 1.97512458e+00
 2.13772339e+00
 2.19536879e+00
 -6.63691213e-14
 7.82822561e-02
 3.04804790e-01
 6.50039408e-01
 1.05628873e+00
 1.46346045e+00
 1.82917386e+00
 2.13665820e+00
 2.39882099e+00
 2.60505474e+00
 2.68922098e+00
 -2.17363718e-14
 9.47892797e-02
 3.69871123e-01
 7.87618721e-01
 1.26627421e+00
 1.73904957e+00
 2.14644016e+00
 2.44720422e+00
 2.67336201e+00
 2.82826717e+00
 2.88502681e+00
 -1.37156658e-12
 1.10260085e-01
 4.29731693e-01
 9.06506766e-01
 1.43780748e+00
 1.97254588e+00
 2.41913238e+00
 2.68634742e+00
 2.86630303e+00
 2.99197768e+00
 3.04251945e+00
 1.11370367e-12
 1.22108333e-01
 4.77438056e-01
 9.97431038e-01
 1.54799111e+00
 2.13470391e+00
 2.63013384e+00
 2.83409652e+00
 2.98717090e+00
 3.05192864e+00
 3.07017542e+00
 0.00000000e+00
 1.24814623e-01
 4.95296713e-01
 1.03532342e+00
 1.58469768e+00
 2.19176098e+00
 2.71659551e+00
 2.87315937e+00
 3.03625815e+00
 3.07171711e+00
 3.05093400e+00
