 3.05093400e+00
 3.03724647e+00
 2.99852343e+00
 2.89915023e+00
 2.60951308e+00
 2.16020962e+00
 1.51726869e+00
 9.79331174e-01
 4.65308166e-01
 1.15655350e-01
 0.00000000e+00
 3.04536387e+00
 3.02066543e+00
 2.96073156e+00
 2.83182613e+00
 2.54418180e+00
 2.09824095e+00
 1.49211790e+00
 9.46172708e-01
 4.51228352e-01
 1.13986623e-01
 8.39202601e-14
 3.00606918e+00
 2.95776224e+00
 2.84251273e+00
 2.65863183e+00
 2.36049769e+00
 1.93720404e+00
 1.39734562e+00
 8.66209477e-01
 4.11982959e-01
 1.06089563e-01
 6.86806302e-14
 2.88970479e+00
 2.82668115e+00
 2.65765567e+00
 2.41854598e+00
 2.10457917e+00
 1.71066457e+00
 1.23489756e+00
 7.58638825e-01
 3.58211176e-01
 9.21953920e-02
 3.11104901e-14
 2.63873429e+00
 2.56418249e+00
 2.37306746e+00
 2.11221494e+00
 1.80066509e+00
 1.43974661e+00
 1.03337122e+00
 6.31864930e-01
 2.96704500e-01
 7.62973686e-02
 2.49450879e-14
 2.14609649e+00
 2.08878096e+00
 1.92864142e+00
 1.70267856e+00
 1.43693740e+00
 1.13484111e+00
 8.08452585e-01
 4.92275194e-01
 2.30378914e-01
 5.92118717e-02
 -1.10185870e-14
 1.54002424e+00
 1.50420304e+00
 1.39866571e+00
 1.23528395e+00
 1.03408973e+00
 8.08919324e-01
 5.72429290e-01
 3.47287469e-01
 1.62230259e-01
 4.16792225e-02
 1.04271346e-15
 9.84323512e-01
 9.51887456e-01
 8.69708873e-01
 7.60363218e-01
 6.33083803e-01
 4.92865312e-01
 3.47449735e-01
 2.10304212e-01
 9.81377920e-02
 2.52015577e-02
 1.28127660e-18
 4.60579650e-01
 4.46272017e-01
 4.08541290e-01
 3.56386592e-01
 2.96387881e-01
 2.30528873e-01
 1.62312881e-01
 9.81496678e-02
 4.57808973e-02
 1.17577757e-02
 5.87235814e-17
 1.14305504e-01
 1.14182187e-01
 1.05459854e-01
 9.17873279e-02
 7.62207717e-02
 5.92406996e-02
 4.16936073e-02
 2.52104372e-02
 1.17547925e-02
 3.01597765e-03
 0.00000000e+00
 0.00000000e+00
 -3.45069806e-14
 -1.34841470e-13
 7.34240137e-14
 1.46939905e-14
 -1.37065746e-14
 4.47372665e-15
 3.86487371e-16
 -5.59601132e-16
 0.00000000e+00
 0.00000000e+00
