 3.15278000e-01
 3.06551572e-01
 2.85147738e-01
 2.54915241e-01
 2.06166657e-01
 1.52527370e-01
 9.83360033e-02
 4.79920091e-02
 6.72586770e-03
 -1.81302548e-02
 -2.59900000e-02
 3.24115121e-01
 3.15343123e-01
 2.92913015e-01
 2.60235302e-01
 2.11599268e-01
 1.56892197e-01
 1.01515885e-01
 5.01725193e-02
 8.62735035e-03
 -1.68854043e-02
 -2.53098265e-02
 3.45779495e-01
 3.37260847e-01
 3.13442994e-01
 2.76593966e-01
 2.26671633e-01
 1.69224361e-01
 1.10581973e-01
 5.65443328e-02
 1.33562114e-02
 -1.40085609e-02
 -2.33597257e-02
 3.74601404e-01
 3.66660249e-01
 3.42277324e-01
 3.02140676e-01
 2.48888704e-01
 1.87389867e-01
 1.24168180e-01
 6.60955935e-02
 1.96939307e-02
 -1.00899164e-02
 -2.03483568e-02
 4.13802322e-01
 4.04219393e-01
 3.76491686e-01
 3.32517451e-01
 2.74960335e-01
 2.08569948e-01
 1.40149655e-01
 7.72793342e-02
 2.69671818e-02
 -5.40011685e-03
 -1.65476865e-02
 4.47850523e-01
 4.38148537e-01
 4.09423731e-01
 3.62801133e-01
 3.01147160e-01
 2.29816726e-01
 1.56222972e-01
 8.85831217e-02
 3.44155800e-02
 -4.90111552e-04
 -1.25376734e-02
 4.77614806e-01
 4.68245405e-01
 4.38934173e-01
 3.89816861e-01
 3.24393892e-01
 2.48599017e-01
 1.70418663e-01
 9.86967241e-02
 4.13171356e-02
 4.40733665e-03
 -8.29011589e-03
 5.10363579e-01
 4.98126620e-01
 4.64148921e-01
 4.11460943e-01
 3.42732970e-01
 2.63304387e-01
 1.81316191e-01
 1.06709661e-01
 4.69684059e-02
 8.29765330e-03
 -5.05806140e-03
 5.22368659e-01
 5.11938616e-01
 4.79633780e-01
 4.26091173e-01
 3.55334652e-01
 2.73579497e-01
 1.88018672e-01
 1.12433345e-01
 5.15542317e-02
 1.14495571e-02
 -2.43144590e-03
 5.31429829e-01
 5.21047266e-01
 4.88546291e-01
 4.34474698e-01
 3.62291247e-01
 2.80067282e-01
 1.90407867e-01
 1.16181389e-01
 5.51445303e-02
 1.37630221e-02
 -6.35049142e-04
 5.36360000e-01
 5.24991584e-01
 4.91531822e-01
 4.37283746e-01
 3.64359536e-01
 2.82526725e-01
 1.90527434e-01
 1.17658864e-01
 5.66253237e-02
 1.47361312e-02
 -2.16840434e-19
