 7.47395000e-01
 7.41894307e-01
 7.26165511e-01
 7.01055580e-01
 6.63933183e-01
 6.09370986e-01
 5.46162792e-01
 4.71570733e-01
 3.93149770e-01
 3.04562320e-01
 2.23915363e-01
 1.47320448e-01
 8.72426552e-02
 3.95996626e-02
 9.95309986e-03
 4.23516474e-22
 7.43106167e-01
 7.37542094e-01
 7.21644484e-01
 6.96346784e-01
 6.59049846e-01
 6.05587270e-01
 5.42484454e-01
 4.68643140e-01
 3.90012948e-01
 3.02894863e-01
 2.22198355e-01
 1.46746565e-01
 8.63157787e-02
 3.92916909e-02
 9.85018420e-03
 9.58440039e-15
 7.27881096e-01
 7.22572086e-01
 7.07111687e-01
 6.81799249e-01
 6.44660011e-01
 5.93543832e-01
 5.31356641e-01
 4.59305748e-01
 3.81024455e-01
 2.97231091e-01
 2.17363345e-01
 1.44346664e-01
 8.40677056e-02
 3.82725914e-02
 9.64686804e-03
 1.32689370e-14
 6.98549559e-01
 6.94324192e-01
 6.80742640e-01
 6.56553590e-01
 6.20617965e-01
 5.72111487e-01
 5.12160046e-01
 4.42673474e-01
 3.66472107e-01
 2.86666391e-01
 2.09448580e-01
 1.39398257e-01
 8.08307793e-02
 3.66955390e-02
 9.27644034e-03
 5.97577532e-15
 6.60448103e-01
 6.56181986e-01
 6.43044667e-01
 6.20058192e-01
 5.86088760e-01
 5.40536854e-01
 4.83977490e-01
 4.18182904e-01
 3.45902933e-01
 2.70858080e-01
 1.97954816e-01
 1.31805299e-01
 7.63449683e-02
 3.46148217e-02
 8.75211666e-03
 -5.53867198e-15
 6.09851470e-01
 6.05796737e-01
 5.93389054e-01
 5.71918653e-01
 5.40468583e-01
 4.98488495e-01
 4.46349174e-01
 3.85585988e-01
 3.18843183e-01
 2.49744971e-01
 1.82582677e-01
 1.21585746e-01
 7.04134509e-02
 3.19174129e-02
 8.07012424e-03
 4.80132477e-15
 5.46533749e-01
 5.42893872e-01
 5.31691224e-01
 5.12293875e-01
 4.83997777e-01
 4.46351283e-01
 3.99636951e-01
 3.45185940e-01
 2.85400044e-01
 2.23564987e-01
 1.63467257e-01
 1.08865660e-01
 6.30471809e-02
 2.85779052e-02
 7.22566716e-03
 -7.22904478e-16
 4.72424110e-01
 4.69172686e-01
 4.59373512e-01
 4.42606211e-01
 4.18153336e-01
 3.85593701e-01
 3.45199825e-01
 2.98132471e-01
 2.46476205e-01
 1.93073632e-01
 1.41178969e-01
 9.40259947e-02
 5.44542337e-02
 2.46829756e-02
 6.24090926e-03
 -8.01176092e-16
 3.89474059e-01
 3.87206958e-01
 3.79761287e-01
 3.66153497e-01
 3.45905145e-01
 3.18903278e-01
 2.85447478e-01
 2.46498821e-01
 2.03774401e-01
 1.59619453e-01
 1.16717040e-01
 7.77351757e-02
 4.50199039e-02
 2.04067156e-02
 5.15967888e-03
 1.34093853e-15
 3.09310679e-01
 3.06634542e-01
 2.99178708e-01
 2.87475903e-01
 2.71199792e-01
 2.49909342e-01
 2.23649918e-01
 1.93115070e-01
 1.59634528e-01
 1.25040509e-01
 9.14313476e-02
 6.08944887e-02
 3.52667899e-02
 1.59857791e-02
 4.04188416e-03
 4.57543582e-16
 2.23036882e-01
 2.21865239e-01
 2.17743064e-01
 2.09932358e-01
 1.98267480e-01
 1.82752344e-01
 1.63556681e-01
 1.41224247e-01
 1.16737265e-01
 9.14377812e-02
 6.68599466e-02
 4.45294639e-02
 2.57890019e-02
 1.16896992e-02
 2.95565658e-03
 -1.39630197e-16
 1.49069139e-01
 1.47929254e-01
 1.44759649e-01
 1.39563116e-01
 1.31939162e-01
 1.21688619e-01
 1.08930594e-01
 9.40618806e-02
 7.77526218e-02
 6.09015555e-02
 4.45314060e-02
 2.96583170e-02
 1.71764536e-02
 7.78575735e-03
 1.96856328e-03
 -1.02843178e-17
 8.50904933e-02
 8.47496889e-02
 8.34054904e-02
 8.06592205e-02
 7.63517100e-02
 7.04582980e-02
 6.30840150e-02
 5.44763147e-02
 4.50312224e-02
 3.52717133e-02
 2.57907264e-02
 1.71768401e-02
 9.94784836e-03
 4.50919065e-03
 1.14011968e-03
 1.15443946e-17
 3.79117079e-02
 3.78857353e-02
 3.75564484e-02
 3.64886156e-02
 3.45910573e-02
 3.19331720e-02
 2.85940559e-02
 2.46932099e-02
 2.04120273e-02
 1.59881831e-02
 1.16905763e-02
 7.78600709e-03
 4.50922973e-03
 2.04393479e-03
 5.16792184e-04
 -1.21349308e-17
 9.45754987e-03
 9.54717018e-03
 9.49760660e-03
 9.22439941e-03
 8.74544469e-03
 8.07376927e-03
 7.22976534e-03
 6.24348237e-03
 5.16104623e-03
 4.04249986e-03
 2.95587608e-03
 1.96865096e-03
 1.14010263e-03
 5.16822902e-04
 1.30684833e-04
 0.00000000e+00
 2.16840434e-19
 -4.33389855e-13
 -1.56437042e-12
 -4.27276266e-13
 -3.14114350e-13
 6.65170146e-14
 8.69473069e-14
 -2.45791565e-14
 2.68566403e-14
 3.68278651e-14
 -5.09008515e-15
 2.54863953e-16
 5.71485291e-16
 1.67665740e-15
 0.00000000e+00
 0.00000000e+00
