 -1.16620000e-02
 -1.13519445e-02
 -1.04767039e-02
 -9.15526417e-03
 -7.50572796e-03
 -5.75116608e-03
 -3.87321025e-03
 -2.39859892e-03
 -1.15923343e-03
 -3.02975733e-04
 0.00000000e+00
 -1.17598856e-02
 -1.14312897e-02
 -1.05304784e-02
 -9.18451187e-03
 -7.52738045e-03
 -5.74821330e-03
 -3.89962908e-03
 -2.38743160e-03
 -1.14279721e-03
 -2.95587502e-04
 0.00000000e+00
 -1.19567959e-02
 -1.16133979e-02
 -1.06634858e-02
 -9.26484725e-03
 -7.57639537e-03
 -5.75640402e-03
 -3.94299983e-03
 -2.37252197e-03
 -1.11443050e-03
 -2.86474852e-04
 0.00000000e+00
 -1.20959233e-02
 -1.17531689e-02
 -1.07880615e-02
 -9.35224165e-03
 -7.62500756e-03
 -5.77590831e-03
 -3.96706768e-03
 -2.36644918e-03
 -1.09923123e-03
 -2.81941550e-04
 0.00000000e+00
 -1.21326018e-02
 -1.17978345e-02
 -1.08350000e-02
 -9.38385970e-03
 -7.63686425e-03
 -5.77607332e-03
 -3.96589677e-03
 -2.35935155e-03
 -1.09237137e-03
 -2.79902144e-04
 0.00000000e+00
 -1.21102626e-02
 -1.17517412e-02
 -1.07624245e-02
 -9.31209845e-03
 -7.57727048e-03
 -5.73116290e-03
 -3.93561277e-03
 -2.34068709e-03
 -1.08324549e-03
 -2.77540272e-04
 0.00000000e+00
 -1.17152658e-02
 -1.14076102e-02
 -1.05071582e-02
 -9.12479451e-03
 -7.44132959e-03
 -5.63839947e-03
 -3.87820949e-03
 -2.30949424e-03
 -1.06956938e-03
 -2.74075369e-04
 0.00000000e+00
 -1.14142286e-02
 -1.11024231e-02
 -1.02186011e-02
 -8.88372967e-03
 -7.26270987e-03
 -5.51957272e-03
 -3.80856082e-03
 -2.27539305e-03
 -1.05639236e-03
 -2.70980198e-04
 0.00000000e+00
 -1.11003607e-02
 -1.08039983e-02
 -9.94653545e-03
 -8.64389534e-03
 -7.09019672e-03
 -5.40702348e-03
 -3.74674496e-03
 -2.25109229e-03
 -1.05313218e-03
 -2.71396134e-04
 0.00000000e+00
 -1.08802679e-02
 -1.05985554e-02
 -9.75549832e-03
 -8.45314080e-03
 -6.97204882e-03
 -5.32726491e-03
 -3.70717539e-03
 -2.23937995e-03
 -1.06526445e-03
 -2.79578165e-04
 0.00000000e+00
 -1.08130000e-02
 -1.05360916e-02
 -9.69153374e-03
 -8.37512170e-03
 -6.93302779e-03
 -5.29767875e-03
 -3.69450313e-03
 -2.23543487e-03
 -1.07566747e-03
 -2.88052903e-04
 0.00000000e+00
