 -4.00000000e-05
 -3.52720770e-05
 -2.61934402e-05
 -2.26705028e-05
 -2.61158549e-05
 -2.94544908e-05
 -3.35223914e-05
 -3.79090086e-05
 -4.48872330e-05
 -4.83989154e-05
 -5.21779502e-05
 -5.41142023e-05
 -5.69176718e-05
 -5.13777129e-05
 -3.92157581e-05
 -3.30000000e-05
 -4.09235074e-05
 -3.72528072e-05
 -2.92585701e-05
 -2.52691059e-05
 -2.75677046e-05
 -3.06932976e-05
 -3.45619011e-05
 -3.89562315e-05
 -4.53564860e-05
 -4.89146348e-05
 -5.22563522e-05
 -5.39407741e-05
 -5.51800090e-05
 -4.90252618e-05
 -3.84092378e-05
 -3.37284351e-05
 -4.29132003e-05
 -4.08104802e-05
 -3.56067119e-05
 -3.16242438e-05
 -3.18624427e-05
 -3.42294278e-05
 -3.76096171e-05
 -4.17841388e-05
 -4.69109278e-05
 -5.02605968e-05
 -5.25811175e-05
 -5.32203699e-05
 -5.15505790e-05
 -4.52450104e-05
 -3.82510338e-05
 -3.56122830e-05
 -4.46698941e-05
 -4.37907345e-05
 -4.13628119e-05
 -3.87937197e-05
 -3.81248567e-05
 -3.95462055e-05
 -4.22686545e-05
 -4.58042059e-05
 -4.95863734e-05
 -5.21697148e-05
 -5.32490495e-05
 -5.23608471e-05
 -4.90169709e-05
 -4.38403208e-05
 -3.95796826e-05
 -3.80576461e-05
 -4.68998618e-05
 -4.66914539e-05
 -4.59944439e-05
 -4.50529398e-05
 -4.47380601e-05
 -4.56831923e-05
 -4.77444919e-05
 -5.04263398e-05
 -5.29999471e-05
 -5.45168871e-05
 -5.44203021e-05
 -5.24482321e-05
 -4.88660470e-05
 -4.48740158e-05
 -4.19667920e-05
 -4.09394390e-05
 -5.01112500e-05
 -5.01080351e-05
 -5.01138834e-05
 -5.01788606e-05
 -5.05185964e-05
 -5.14523564e-05
 -5.30374411e-05
 -5.49388896e-05
 -5.65281250e-05
 -5.70963236e-05
 -5.61956678e-05
 -5.38360873e-05
 -5.05990830e-05
 -4.74579908e-05
 -4.52624307e-05
 -4.44818042e-05
 -5.26470043e-05
 -5.28673418e-05
 -5.34088124e-05
 -5.40856335e-05
 -5.48694317e-05
 -5.58769141e-05
 -5.71589911e-05
 -5.85035524e-05
 -5.94381589e-05
 -5.94383316e-05
 -5.82216644e-05
 -5.59466540e-05
 -5.32010757e-05
 -5.07375832e-05
 -4.91196444e-05
 -4.85710621e-05
 -5.53320425e-05
 -5.55016911e-05
 -5.59712552e-05
 -5.66320972e-05
 -5.73945969e-05
 -5.82734406e-05
 -5.92963433e-05
 -6.03185396e-05
 -6.09775225e-05
 -6.08656772e-05
 -5.97853821e-05
 -5.78928951e-05
 -5.56320099e-05
 -5.35325135e-05
 -5.20547934e-05
 -5.15219270e-05
 -5.68047029e-05
 -5.68951972e-05
 -5.71223869e-05
 -5.74005766e-05
 -5.77165282e-05
 -5.81854859e-05
 -5.89203194e-05
 -5.98264527e-05
 -6.05723590e-05
 -6.07735026e-05
 -6.02235214e-05
 -5.90101500e-05
 -5.74548029e-05
 -5.59479617e-05
 -5.48396379e-05
 -5.44247514e-05
 -5.70109611e-05
 -5.69410044e-05
 -5.66708931e-05
 -5.61591764e-05
 -5.56075033e-05
 -5.54275894e-05
 -5.58965124e-05
 -5.69070772e-05
 -5.80609866e-05
 -5.89192222e-05
 -5.92040763e-05
 -5.88991194e-05
 -5.82407367e-05
 -5.75915238e-05
 -5.72191745e-05
 -5.71222981e-05
 -5.65657369e-05
 -5.61237734e-05
 -5.48127942e-05
 -5.28686585e-05
 -5.10261638e-05
 -5.01627383e-05
 -5.05869814e-05
 -5.19838120e-05
 -5.38033208e-05
 -5.55459141e-05
 -5.68534363e-05
 -5.75463966e-05
 -5.76805787e-05
 -5.74567622e-05
 -5.71109721e-05
 -5.69376528e-05
 -5.53771705e-05
 -5.43320415e-05
 -5.13242104e-05
 -4.72632819e-05
 -4.40651243e-05
 -4.30068901e-05
 -4.38834798e-05
 -4.59642766e-05
 -4.85817509e-05
 -5.12779950e-05
 -5.36984712e-05
 -5.54514405e-05
 -5.64228003e-05
 -5.68527415e-05
 -5.70287520e-05
 -5.70851183e-05
 -5.37599496e-05
 -5.16210570e-05
 -4.57065782e-05
 -3.88901765e-05
 -3.53140456e-05
 -3.52033290e-05
 -3.70662262e-05
 -3.99879187e-05
 -4.33504033e-05
 -4.68714102e-05
 -5.04100061e-05
 -5.32466571e-05
 -5.49284684e-05
 -5.58363138e-05
 -5.62815502e-05
 -5.64138028e-05
 -5.21141093e-05
 -4.79578163e-05
 -3.71160251e-05
 -2.79195549e-05
 -2.66278239e-05
 -2.84355020e-05
 -3.14025622e-05
 -3.50761613e-05
 -3.89897986e-05
 -4.30238827e-05
 -4.75856826e-05
 -5.15169197e-05
 -5.35965135e-05
 -5.47776359e-05
 -5.53667268e-05
 -5.55193008e-05
 -5.12368290e-05
 -4.36005774e-05
 -2.65647718e-05
 -1.74116343e-05
 -2.06984330e-05
 -2.40008745e-05
 -2.77561612e-05
 -3.19025564e-05
 -3.61500114e-05
 -4.03553430e-05
 -4.56672381e-05
 -5.05875763e-05
 -5.26740369e-05
 -5.40554723e-05
 -5.48631841e-05
 -5.50913049e-05
 -5.10000000e-05
 -4.08072936e-05
 -2.11257580e-05
 -1.29659442e-05
 -1.87568982e-05
 -2.24670461e-05
 -2.65138753e-05
 -3.08088592e-05
 -3.51738087e-05
 -3.93906842e-05
 -4.49787391e-05
 -5.03402506e-05
 -5.23247077e-05
 -5.37914086e-05
 -5.46953271e-05
 -5.50000000e-05
