 1.00000000e+00
 9.97135609e-01
 9.90693212e-01
 9.86096062e-01
 9.89330553e-01
 9.97795428e-01
 1.01066769e+00
 1.04091318e+00
 1.07625947e+00
 1.10077204e+00
 1.12458759e+00
 1.14832183e+00
 1.15873509e+00
 1.16751106e+00
 1.17044749e+00
 1.17041321e+00
 1.17005100e+00
 1.00000000e+00
 9.97315727e-01
 9.91103110e-01
 9.86469858e-01
 9.89054024e-01
 9.97452827e-01
 1.01135305e+00
 1.04092701e+00
 1.07548673e+00
 1.10089553e+00
 1.12498934e+00
 1.14782128e+00
 1.15901187e+00
 1.16729768e+00
 1.17048975e+00
 1.17101494e+00
 1.17120627e+00
 1.00000000e+00
 9.97572056e-01
 9.91828095e-01
 9.87109616e-01
 9.88413639e-01
 9.96688173e-01
 1.01252965e+00
 1.04065214e+00
 1.07345409e+00
 1.10068672e+00
 1.12530961e+00
 1.14645113e+00
 1.15883927e+00
 1.16650443e+00
 1.17028946e+00
 1.17206693e+00
 1.17273684e+00
 1.00000000e+00
 9.97686023e-01
 9.92169980e-01
 9.87271935e-01
 9.87544991e-01
 9.95604323e-01
 1.01258015e+00
 1.03923351e+00
 1.07027229e+00
 1.09876767e+00
 1.12369755e+00
 1.14357845e+00
 1.15636305e+00
 1.16371071e+00
 1.16748312e+00
 1.16943135e+00
 1.17015100e+00
 1.00000000e+00
 9.97648596e-01
 9.91989695e-01
 9.86672535e-01
 9.86112292e-01
 9.93587633e-01
 1.01036960e+00
 1.03557224e+00
 1.06504345e+00
 1.09359467e+00
 1.11831094e+00
 1.13733030e+00
 1.14979329e+00
 1.15665995e+00
 1.15952431e+00
 1.15998545e+00
 1.15979988e+00
 1.00000000e+00
 9.97494340e-01
 9.91372671e-01
 9.85266170e-01
 9.83596903e-01
 9.89839726e-01
 1.00529563e+00
 1.02868191e+00
 1.05635594e+00
 1.08383917e+00
 1.10765541e+00
 1.12574185e+00
 1.13752791e+00
 1.14387682e+00
 1.14654383e+00
 1.14746810e+00
 1.14773029e+00
 1.00000000e+00
 9.97241615e-01
 9.90370762e-01
 9.83043145e-01
 9.79727589e-01
 9.83987238e-01
 9.97187633e-01
 1.01808160e+00
 1.04332925e+00
 1.06879976e+00
 1.09098892e+00
 1.10780144e+00
 1.11873549e+00
 1.12458491e+00
 1.12676628e+00
 1.12685402e+00
 1.12657113e+00
 1.00000000e+00
 9.96912745e-01
 9.89067587e-01
 9.80155502e-01
 9.74700753e-01
 9.76343294e-01
 9.86549477e-01
 1.00422908e+00
 1.02631400e+00
 1.04896969e+00
 1.06886125e+00
 1.08396899e+00
 1.09382983e+00
 1.09933802e+00
 1.10220199e+00
 1.10388854e+00
 1.10456608e+00
 1.00000000e+00
 9.96558540e-01
 9.87663521e-01
 9.77038494e-01
 9.69249273e-01
 9.67985572e-01
 9.74799453e-01
 9.88774152e-01
 1.00712990e+00
 1.02637212e+00
 1.04344341e+00
 1.05645896e+00
 1.06486559e+00
 1.06910739e+00
 1.07014729e+00
 1.06940273e+00
 1.06879589e+00
 1.00000000e+00
 9.96261543e-01
 9.86484305e-01
 9.74404976e-01
 9.64578800e-01
 9.60658870e-01
 9.64196080e-01
 9.74406293e-01
 9.88816405e-01
 1.00433941e+00
 1.01829284e+00
 1.02904001e+00
 1.03614845e+00
 1.04015412e+00
 1.04212248e+00
 1.04307242e+00
 1.04339904e+00
 1.00000000e+00
 9.96122924e-01
 9.85929537e-01
 9.73124746e-01
 9.62141490e-01
 9.56422892e-01
 9.57356340e-01
 9.64216659e-01
 9.74859933e-01
 9.86679201e-01
 9.97441160e-01
 1.00580156e+00
 1.01144966e+00
 1.01490714e+00
 1.01699944e+00
 1.01822536e+00
 1.01864377e+00
 1.00000000e+00
 9.96240057e-01
 9.86380825e-01
 9.74013488e-01
 9.63248973e-01
 9.57046926e-01
 9.56430578e-01
 9.60683741e-01
 9.68041790e-01
 9.76450602e-01
 9.84172898e-01
 9.90138412e-01
 9.94017781e-01
 9.96074397e-01
 9.96899013e-01
 9.97128401e-01
 9.97170304e-01
 1.00000000e+00
 9.96677499e-01
 9.88087534e-01
 9.77562206e-01
 9.68567503e-01
 9.63251161e-01
 9.62149567e-01
 9.64598941e-01
 9.69289910e-01
 9.74769801e-01
 9.79820630e-01
 9.83659211e-01
 9.85952720e-01
 9.86734184e-01
 9.86364344e-01
 9.85541794e-01
 9.85123399e-01
 1.00000000e+00
 9.97440148e-01
 9.91045522e-01
 9.83624061e-01
 9.77562630e-01
 9.74015388e-01
 9.73130260e-01
 9.74417578e-01
 9.77062480e-01
 9.80192715e-01
 9.83080482e-01
 9.85241929e-01
 9.86427780e-01
 9.86575363e-01
 9.85865584e-01
 9.84882969e-01
 9.84430525e-01
 1.00000000e+00
 9.98442446e-01
 9.94852245e-01
 9.91045565e-01
 9.88087800e-01
 9.86381796e-01
 9.85932180e-01
 9.86490167e-01
 9.87674412e-01
 9.89083735e-01
 9.90384036e-01
 9.91349749e-01
 9.91855817e-01
 9.91856914e-01
 9.91426996e-01
 9.90843727e-01
 9.90557119e-01
 1.00000000e+00
 9.99469633e-01
 9.98442441e-01
 9.97440167e-01
 9.96677567e-01
 9.96240315e-01
 9.96123594e-01
 9.96263038e-01
 9.96561284e-01
 9.96916787e-01
 9.97244709e-01
 9.97487808e-01
 9.97613101e-01
 9.97606035e-01
 9.97475490e-01
 9.97301012e-01
 9.97235600e-01
 1.00000000e+00
 1.00000000e+00
 1.00000000e+00
 1.00000000e+00
 1.00000000e+00
 1.00000000e+00
 1.00000000e+00
 1.00000000e+00
 1.00000000e+00
 1.00000000e+00
 1.00000000e+00
 1.00000000e+00
 1.00000000e+00
 1.00000000e+00
 1.00000000e+00
 1.00000000e+00
 1.00000000e+00
