 0.00000000e+00
 -3.32225015e-04
 -1.18219537e-03
 -2.32318918e-03
 -3.80494635e-03
 -5.40033359e-03
 -6.95569162e-03
 -8.38374963e-03
 -9.41854423e-03
 -1.02439985e-02
 -1.05880000e-02
 -2.11081393e-14
 -3.02251498e-04
 -1.12008799e-03
 -2.26038485e-03
 -3.70291020e-03
 -5.26237438e-03
 -6.78837402e-03
 -8.17350287e-03
 -9.22355329e-03
 -1.00084441e-02
 -1.03077292e-02
 -8.12576383e-14
 -2.56544810e-04
 -9.87247920e-04
 -2.07387560e-03
 -3.41359525e-03
 -4.86791004e-03
 -6.29849725e-03
 -7.58249071e-03
 -8.59550839e-03
 -9.27020809e-03
 -9.50517222e-03
 -5.02218076e-14
 -2.15762417e-04
 -8.39061515e-04
 -1.79517810e-03
 -2.97709806e-03
 -4.26472452e-03
 -5.53659694e-03
 -6.67691422e-03
 -7.57457160e-03
 -8.13535646e-03
 -8.31991783e-03
 -1.37660156e-14
 -1.74797486e-04
 -6.81436668e-04
 -1.46600235e-03
 -2.44413081e-03
 -3.51658243e-03
 -4.58223340e-03
 -5.54393215e-03
 -6.31382377e-03
 -6.82049595e-03
 -7.00094470e-03
 -6.54015227e-14
 -1.32685129e-04
 -5.17528862e-04
 -1.11552325e-03
 -1.86561714e-03
 -2.69410949e-03
 -3.52464426e-03
 -4.28156324e-03
 -4.88910804e-03
 -5.27951494e-03
 -5.41286085e-03
 1.03246289e-14
 -9.15167613e-05
 -3.57093464e-04
 -7.70466314e-04
 -1.29107979e-03
 -1.87021332e-03
 -2.45798171e-03
 -3.00532009e-03
 -3.45786989e-03
 -3.75483137e-03
 -3.85622627e-03
 -4.25442441e-14
 -5.46107947e-05
 -2.13070483e-04
 -4.59959487e-04
 -7.71713085e-04
 -1.12049687e-03
 -1.47923368e-03
 -1.82528164e-03
 -2.13797852e-03
 -2.38129989e-03
 -2.48016941e-03
 -7.73794722e-14
 -2.52957079e-05
 -9.87465763e-05
 -2.13221568e-04
 -3.57950557e-04
 -5.20359118e-04
 -6.88773174e-04
 -8.54662996e-04
 -1.00939373e-03
 -1.12808661e-03
 -1.17275043e-03
 1.40408858e-14
 -6.49733294e-06
 -2.53137267e-05
 -5.46468565e-05
 -9.17634789e-05
 -1.33440830e-04
 -1.76756426e-04
 -2.19637286e-04
 -2.59460752e-04
 -2.88333324e-04
 -2.98118756e-04
 0.00000000e+00
 7.70857701e-14
 -1.06769782e-14
 5.66173981e-15
 6.84354996e-15
 2.28069934e-15
 -4.04956356e-16
 -4.05738845e-17
 9.88217736e-17
 0.00000000e+00
 0.00000000e+00
