 -5.50000000e-05
 -5.48754280e-05
 -5.47972775e-05
 -5.52998154e-05
 -5.62991124e-05
 -5.76557188e-05
 -5.72154858e-05
 -5.57350832e-05
 -5.43181821e-05
 -5.15259387e-05
 -4.78030882e-05
 -4.17447884e-05
 -3.83368097e-05
 -3.74356391e-05
 -3.58831792e-05
 -3.50000000e-05
 -5.51574220e-05
 -5.49747178e-05
 -5.47733841e-05
 -5.51289576e-05
 -5.59798000e-05
 -5.70652209e-05
 -5.65806654e-05
 -5.50736069e-05
 -5.34119252e-05
 -5.04718713e-05
 -4.64067535e-05
 -4.03648228e-05
 -3.59175347e-05
 -3.17614753e-05
 -1.81863355e-05
 0.00000000e+00
 -5.48855411e-05
 -5.46808874e-05
 -5.43953290e-05
 -5.44657054e-05
 -5.49258971e-05
 -5.53730439e-05
 -5.47025274e-05
 -5.30329213e-05
 -5.08010648e-05
 -4.73696717e-05
 -4.25672106e-05
 -3.61306194e-05
 -2.92081862e-05
 -1.93163670e-05
 -5.90270858e-06
 0.00000000e+00
 -5.29870266e-05
 -5.29884125e-05
 -5.29612492e-05
 -5.29416203e-05
 -5.29463408e-05
 -5.27050093e-05
 -5.16412555e-05
 -4.96204022e-05
 -4.67142489e-05
 -4.25935208e-05
 -3.69948104e-05
 -2.98070056e-05
 -2.11103107e-05
 -1.11043459e-05
 -2.98644312e-06
 0.00000000e+00
 -5.03153895e-05
 -5.03870526e-05
 -5.04657634e-05
 -5.03508702e-05
 -4.99518286e-05
 -4.91105778e-05
 -4.75377861e-05
 -4.50463636e-05
 -4.15384531e-05
 -3.68143541e-05
 -3.07041624e-05
 -2.32492796e-05
 -1.49442948e-05
 -7.17404138e-06
 -1.82788695e-06
 0.00000000e+00
 -4.76327105e-05
 -4.75331843e-05
 -4.72759981e-05
 -4.68329363e-05
 -4.60316336e-05
 -4.46875089e-05
 -4.26274391e-05
 -3.97048190e-05
 -3.58018704e-05
 -3.08091836e-05
 -2.47224037e-05
 -1.78312876e-05
 -1.09004221e-05
 -5.06671235e-06
 -1.29734535e-06
 0.00000000e+00
 -4.34018395e-05
 -4.33903509e-05
 -4.32031835e-05
 -4.25894248e-05
 -4.14268034e-05
 -3.96588887e-05
 -3.72207125e-05
 -3.40330238e-05
 -3.00227436e-05
 -2.51672039e-05
 -1.95949878e-05
 -1.37063402e-05
 -8.18070540e-06
 -3.75747088e-06
 -9.48427120e-07
 0.00000000e+00
 -4.02734474e-05
 -4.00087104e-05
 -3.92561036e-05
 -3.80714309e-05
 -3.64327199e-05
 -3.42929025e-05
 -3.16184038e-05
 -2.83770651e-05
 -2.45413414e-05
 -2.01423873e-05
 -1.53548702e-05
 -1.05472811e-05
 -6.21954078e-06
 -2.84059209e-06
 -7.22761244e-07
 0.00000000e+00
 -3.59165314e-05
 -3.55727527e-05
 -3.46153224e-05
 -3.31329960e-05
 -3.11711643e-05
 -2.87824755e-05
 -2.60289428e-05
 -2.29340413e-05
 -1.94920089e-05
 -1.57393768e-05
 -1.18271675e-05
 -8.03548765e-06
 -4.70734601e-06
 -2.14406134e-06
 -5.40362580e-07
 0.00000000e+00
 -3.05623811e-05
 -3.03521220e-05
 -2.95493066e-05
 -2.79891005e-05
 -2.57945926e-05
 -2.32507572e-05
 -2.05651521e-05
 -1.77886626e-05
 -1.48919175e-05
 -1.18759496e-05
 -8.83663954e-06
 -5.96259232e-06
 -3.47919493e-06
 -1.58194249e-06
 -4.02264683e-07
 0.00000000e+00
 -2.76280514e-05
 -2.70405037e-05
 -2.54419757e-05
 -2.31116371e-05
 -2.04234262e-05
 -1.77630893e-05
 -1.53048498e-05
 -1.30016660e-05
 -1.07473787e-05
 -8.49197956e-06
 -6.27683407e-06
 -4.21691534e-06
 -2.45490249e-06
 -1.11524867e-06
 -2.80314769e-07
 0.00000000e+00
 -2.39242052e-05
 -2.32047326e-05
 -2.10637873e-05
 -1.79957109e-05
 -1.49147525e-05
 -1.23895689e-05
 -1.03899584e-05
 -8.69108370e-06
 -7.11681798e-06
 -5.58857049e-06
 -4.11362564e-06
 -2.75650119e-06
 -1.60234875e-06
 -7.27406900e-07
 -1.85867990e-07
 0.00000000e+00
 -2.10198820e-05
 -1.97437189e-05
 -1.63322362e-05
 -1.23348897e-05
 -9.35486637e-06
 -7.42797838e-06
 -6.10035532e-06
 -5.05090040e-06
 -4.11292150e-06
 -3.21851466e-06
 -2.36391302e-06
 -1.58181763e-06
 -9.19043999e-07
 -4.17258757e-07
 -1.03290869e-07
 0.00000000e+00
 -1.88051187e-05
 -1.61712874e-05
 -1.02806458e-05
 -6.33328151e-06
 -4.43456340e-06
 -3.42384406e-06
 -2.78306432e-06
 -2.29336804e-06
 -1.86312840e-06
 -1.45579581e-06
 -1.06836321e-06
 -7.14456522e-07
 -4.15027064e-07
 -1.87785333e-07
 -5.11221591e-08
 0.00000000e+00
 -1.74514338e-05
 -8.94807270e-06
 -3.07854602e-06
 -1.68667151e-06
 -1.12799964e-06
 -8.73328543e-07
 -7.02531508e-07
 -5.81666693e-07
 -4.69854242e-07
 -3.68865032e-07
 -2.69050784e-07
 -1.81387388e-07
 -1.03773229e-07
 -5.01438789e-08
 8.36076334e-10
 0.00000000e+00
 0.00000000e+00
 6.22948870e-17
 1.11214683e-16
 4.48272828e-17
 -4.88773317e-18
 1.81877506e-17
 -1.18452280e-17
 -1.09452133e-18
 8.48023966e-18
 -1.16300085e-18
 -8.49315553e-19
 2.87580993e-19
 1.20006751e-20
 2.05664330e-19
 0.00000000e+00
 0.00000000e+00
