 0.00000000e+00
 -1.26053714e-36
 9.57928616e-37
 -4.18664222e-37
 8.91740825e-37
 5.18671195e-37
 1.11858327e-36
 3.90027452e-37
 -1.71267485e-37
 -7.61819334e-38
 -2.12646272e-37
 -1.41993192e-37
 3.42644575e-38
 1.03724399e-37
 6.29620776e-38
 0.00000000e+00
 -7.02476695e-38
 -2.79516392e-27
 -1.09948284e-26
 -2.35843763e-26
 -3.75755386e-26
 -4.80792541e-26
 -5.11859918e-26
 -4.67978210e-26
 -3.79952778e-26
 -2.82107259e-26
 -1.94678414e-26
 -1.24054331e-26
 -7.00364554e-27
 -3.14111821e-27
 -7.92136883e-28
 0.00000000e+00
 -1.36614300e-36
 -1.11015308e-26
 -4.37001254e-26
 -9.38258408e-26
 -1.49505216e-25
 -1.91134955e-25
 -2.03195289e-25
 -1.85483596e-25
 -1.50380273e-25
 -1.11529476e-25
 -7.69057610e-26
 -4.89838234e-26
 -2.76480280e-26
 -1.23989551e-26
 -3.12674919e-27
 0.00000000e+00
 -8.78721492e-37
 -2.47509479e-26
 -9.75613223e-26
 -2.09972215e-25
 -3.34915895e-25
 -4.27463936e-25
 -4.52745497e-25
 -4.11390069e-25
 -3.32043646e-25
 -2.45350273e-25
 -1.68736569e-25
 -1.07299607e-25
 -6.05130079e-26
 -2.71286437e-26
 -6.84075996e-27
 0.00000000e+00
 5.92386661e-36
 -4.30831403e-26
 -1.70046447e-25
 -3.67065902e-25
 -5.86781316e-25
 -7.48115489e-25
 -7.88749515e-25
 -7.11910950e-25
 -5.70436672e-25
 -4.18778556e-25
 -2.86608888e-25
 -1.81689024e-25
 -1.02299075e-25
 -4.58321492e-26
 -1.15552592e-26
 0.00000000e+00
 1.21032190e-36
 -6.37646572e-26
 -2.51913089e-25
 -5.45122022e-25
 -8.73628948e-25
 -1.11406242e-24
 -1.17078841e-24
 -1.05029255e-24
 -8.35218484e-25
 -6.08645199e-25
 -4.14084257e-25
 -2.61462151e-25
 -1.46901446e-25
 -6.57584879e-26
 -1.65756889e-26
 0.00000000e+00
 1.69475376e-36
 -8.21499217e-26
 -3.24722295e-25
 -7.03762592e-25
 -1.13013247e-24
 -1.44260805e-24
 -1.51426522e-24
 -1.35353635e-24
 -1.07066319e-24
 -7.75733889e-25
 -5.25138792e-25
 -3.30432368e-25
 -1.85294136e-25
 -8.28790279e-26
 -2.08872512e-26
 0.00000000e+00
 -3.97140329e-36
 -9.26249253e-26
 -3.66204175e-25
 -7.94218470e-25
 -1.27689012e-24
 -1.63180486e-24
 -1.71356040e-24
 -1.53052137e-24
 -1.20841182e-24
 -8.73391259e-25
 -5.89851605e-25
 -3.70496481e-25
 -2.07549085e-25
 -9.27938036e-26
 -2.33835410e-26
 0.00000000e+00
 3.82326557e-36
 -9.15500725e-26
 -3.61933213e-25
 -7.84946009e-25
 -1.26242336e-24
 -1.61480949e-24
 -1.69816290e-24
 -1.51936395e-24
 -1.20159543e-24
 -8.69642731e-25
 -5.87872120e-25
 -3.69457117e-25
 -2.07022541e-25
 -9.25677030e-26
 -2.33271054e-26
 0.00000000e+00
 -2.53510425e-36
 -7.94908888e-26
 -3.14162257e-25
 -6.80870451e-25
 -1.09449181e-24
 -1.40081607e-24
 -1.47642251e-24
 -1.32607046e-24
 -1.05381284e-24
 -7.66406645e-25
 -5.20177014e-25
 -3.27811250e-25
 -1.83961509e-25
 -8.23059651e-26
 -2.07441682e-26
 0.00000000e+00
 8.51224670e-37
 -6.07332027e-26
 -2.39887540e-25
 -5.19137516e-25
 -8.33358133e-25
 -1.06699374e-24
 -1.12815588e-24
 -1.01920928e-24
 -8.15973483e-25
 -5.97854715e-25
 -4.08266701e-25
 -2.58356742e-25
 -1.45313251e-25
 -6.50739420e-26
 -1.64046894e-26
 0.00000000e+00
 1.52643504e-37
 -4.06550619e-26
 -1.60434727e-25
 -3.46415873e-25
 -5.54989081e-25
 -7.11055508e-25
 -7.55067160e-25
 -6.87138153e-25
 -5.54886965e-25
 -4.09911082e-25
 -2.81751680e-25
 -1.79066595e-25
 -1.00949795e-25
 -4.52492791e-26
 -1.14096056e-26
 0.00000000e+00
 -2.42816385e-36
 -2.32651452e-26
 -9.16968104e-26
 -1.97457557e-25
 -3.15763402e-25
 -4.05130441e-25
 -4.32300665e-25
 -3.96184012e-25
 -3.22359809e-25
 -2.39740369e-25
 -1.65623171e-25
 -1.05604124e-25
 -5.96370008e-26
 -2.67496795e-26
 -6.74605213e-27
 0.00000000e+00
 3.57428887e-36
 -1.04249363e-26
 -4.10376824e-26
 -8.81755556e-26
 -1.40883005e-25
 -1.81054114e-25
 -1.93901860e-25
 -1.78511246e-25
 -1.45896898e-25
 -1.08907896e-25
 -7.54405261e-26
 -4.81824477e-26
 -2.72332014e-26
 -1.22194000e-26
 -3.08188006e-27
 0.00000000e+00
 1.53531662e-37
 -2.62452390e-27
 -1.03245304e-26
 -2.21650543e-26
 -3.54105655e-26
 -4.55439015e-26
 -4.88420082e-26
 -4.50335129e-26
 -3.68571080e-26
 -2.75433221e-26
 -1.90940608e-26
 -1.22007639e-26
 -6.89765166e-27
 -3.09523486e-27
 -7.80671666e-28
 0.00000000e+00
 0.00000000e+00
 3.74707190e-36
 -1.85520952e-37
 -6.97513836e-37
 1.29167689e-36
 -6.13592695e-37
 2.53125271e-37
 -8.20894232e-38
 7.20230469e-38
 -7.84944105e-38
 3.61227729e-38
 -5.05906868e-39
 -2.86883097e-39
 -3.01488264e-40
 0.00000000e+00
 0.00000000e+00
