 1.18204600e+00
 1.18538971e+00
 1.19346282e+00
 1.20155040e+00
 1.20551151e+00
 1.20685550e+00
 1.21488996e+00
 1.21526274e+00
 1.22007818e+00
 1.22415843e+00
 1.23738014e+00
 1.24189379e+00
 1.24474496e+00
 1.26108333e+00
 1.25561145e+00
 1.26901529e+00
 1.27716476e+00
 1.27774333e+00
 1.29653492e+00
 1.30296349e+00
 1.30741491e+00
 1.30669195e+00
 1.32139144e+00
 1.32412365e+00
 1.32649254e+00
 1.32826573e+00
 1.33120978e+00
 1.33178395e+00
 1.32896641e+00
 1.33189514e+00
 1.34054943e+00
 1.34952096e+00
 1.35326100e+00
 1.18099761e+00
 1.18396106e+00
 1.19144459e+00
 1.19953296e+00
 1.20406917e+00
 1.20634849e+00
 1.21367736e+00
 1.21484088e+00
 1.21949338e+00
 1.22397407e+00
 1.23645238e+00
 1.24122478e+00
 1.24461354e+00
 1.25976465e+00
 1.25566162e+00
 1.26828865e+00
 1.27635966e+00
 1.27773983e+00
 1.29543985e+00
 1.30216773e+00
 1.30651977e+00
 1.30657829e+00
 1.32016518e+00
 1.32330252e+00
 1.32564453e+00
 1.32753137e+00
 1.33024998e+00
 1.33080157e+00
 1.32872131e+00
 1.33168792e+00
 1.33932755e+00
 1.34658314e+00
 1.34920318e+00
 1.17817468e+00
 1.18046848e+00
 1.18667030e+00
 1.19439998e+00
 1.20018421e+00
 1.20437744e+00
 1.21053394e+00
 1.21334305e+00
 1.21785111e+00
 1.22315181e+00
 1.23389587e+00
 1.23928436e+00
 1.24389420e+00
 1.25629089e+00
 1.25541648e+00
 1.26622569e+00
 1.27409349e+00
 1.27736923e+00
 1.29242710e+00
 1.29973156e+00
 1.30400781e+00
 1.30583082e+00
 1.31682885e+00
 1.32077001e+00
 1.32315458e+00
 1.32524673e+00
 1.32747828e+00
 1.32807292e+00
 1.32744825e+00
 1.33001436e+00
 1.33465140e+00
 1.33789463e+00
 1.33873091e+00
 1.17448605e+00
 1.17630058e+00
 1.18133426e+00
 1.18824326e+00
 1.19485723e+00
 1.20054788e+00
 1.20624262e+00
 1.21048760e+00
 1.21525822e+00
 1.22120258e+00
 1.23016414e+00
 1.23620033e+00
 1.24196769e+00
 1.25161886e+00
 1.25408563e+00
 1.26304803e+00
 1.27066180e+00
 1.27588990e+00
 1.28803207e+00
 1.29564855e+00
 1.30016520e+00
 1.30366851e+00
 1.31201863e+00
 1.31648711e+00
 1.31909481e+00
 1.32130590e+00
 1.32312635e+00
 1.32387123e+00
 1.32413348e+00
 1.32538661e+00
 1.32648480e+00
 1.32644166e+00
 1.32614836e+00
 1.17125911e+00
 1.17270949e+00
 1.17679980e+00
 1.18270550e+00
 1.18918512e+00
 1.19539456e+00
 1.20119052e+00
 1.20634895e+00
 1.21163468e+00
 1.21787240e+00
 1.22557392e+00
 1.23205097e+00
 1.23849512e+00
 1.24636631e+00
 1.25115000e+00
 1.25887267e+00
 1.26624773e+00
 1.27276433e+00
 1.28260551e+00
 1.29009469e+00
 1.29508520e+00
 1.29961968e+00
 1.30609131e+00
 1.31060770e+00
 1.31349328e+00
 1.31574742e+00
 1.31738066e+00
 1.31823967e+00
 1.31857595e+00
 1.31855953e+00
 1.31780772e+00
 1.31664073e+00
 1.31606418e+00
 1.16998066e+00
 1.17105611e+00
 1.17406759e+00
 1.17855560e+00
 1.18398349e+00
 1.18979494e+00
 1.19558399e+00
 1.20119110e+00
 1.20689931e+00
 1.21320359e+00
 1.22020072e+00
 1.22685794e+00
 1.23354255e+00
 1.24058646e+00
 1.24656274e+00
 1.25366844e+00
 1.26084025e+00
 1.26787864e+00
 1.27620841e+00
 1.28331042e+00
 1.28870795e+00
 1.29367409e+00
 1.29906173e+00
 1.30335579e+00
 1.30641467e+00
 1.30871786e+00
 1.31035062e+00
 1.31130476e+00
 1.31161482e+00
 1.31132765e+00
 1.31066364e+00
 1.31008779e+00
 1.30988338e+00
 1.17109371e+00
 1.17141582e+00
 1.17265638e+00
 1.17524212e+00
 1.17920134e+00
 1.18414460e+00
 1.18959161e+00
 1.19524845e+00
 1.20111566e+00
 1.20736764e+00
 1.21399857e+00
 1.22064409e+00
 1.22733437e+00
 1.23407383e+00
 1.24051591e+00
 1.24735475e+00
 1.25433710e+00
 1.26138201e+00
 1.26877473e+00
 1.27543699e+00
 1.28100124e+00
 1.28604399e+00
 1.29084798e+00
 1.29487601e+00
 1.29798507e+00
 1.30036972e+00
 1.30214340e+00
 1.30336215e+00
 1.30405128e+00
 1.30422692e+00
 1.30398146e+00
 1.30357351e+00
 1.30337267e+00
 1.16598146e+00
 1.16646989e+00
 1.16794513e+00
 1.17043060e+00
 1.17390700e+00
 1.17824562e+00
 1.18323036e+00
 1.18865815e+00
 1.19443008e+00
 1.20053780e+00
 1.20693046e+00
 1.21345695e+00
 1.22005194e+00
 1.22665819e+00
 1.23320489e+00
 1.23988861e+00
 1.24666580e+00
 1.25347552e+00
 1.26025202e+00
 1.26650828e+00
 1.27201558e+00
 1.27695998e+00
 1.28142410e+00
 1.28523206e+00
 1.28832287e+00
 1.29079658e+00
 1.29278506e+00
 1.29443430e+00
 1.29590062e+00
 1.29728933e+00
 1.29855162e+00
 1.29947275e+00
 1.29981336e+00
 1.15981863e+00
 1.16048254e+00
 1.16228228e+00
 1.16487108e+00
 1.16808049e+00
 1.17192351e+00
 1.17640703e+00
 1.18145561e+00
 1.18696386e+00
 1.19284419e+00
 1.19900997e+00
 1.20535737e+00
 1.21180289e+00
 1.21828222e+00
 1.22476371e+00
 1.23128613e+00
 1.23782817e+00
 1.24432229e+00
 1.25063922e+00
 1.25652855e+00
 1.26184390e+00
 1.26660743e+00
 1.27083075e+00
 1.27446233e+00
 1.27749739e+00
 1.28001045e+00
 1.28211982e+00
 1.28396992e+00
 1.28572638e+00
 1.28754270e+00
 1.28942056e+00
 1.29099899e+00
 1.29163913e+00
 1.15833911e+00
 1.15837520e+00
 1.15871848e+00
 1.15981536e+00
 1.16192114e+00
 1.16501843e+00
 1.16896296e+00
 1.17359488e+00
 1.17877137e+00
 1.18437038e+00
 1.19028351e+00
 1.19640956e+00
 1.20266085e+00
 1.20896897e+00
 1.21529178e+00
 1.22161029e+00
 1.22788698e+00
 1.23404890e+00
 1.23997872e+00
 1.24552589e+00
 1.25058695e+00
 1.25513087e+00
 1.25914513e+00
 1.26261638e+00
 1.26555905e+00
 1.26802466e+00
 1.27007833e+00
 1.27175163e+00
 1.27297575e+00
 1.27356718e+00
 1.27341837e+00
 1.27283867e+00
 1.27251662e+00
 1.14809894e+00
 1.14851500e+00
 1.14969220e+00
 1.15151004e+00
 1.15392768e+00
 1.15697686e+00
 1.16067907e+00
 1.16500185e+00
 1.16986624e+00
 1.17517070e+00
 1.18080934e+00
 1.18668143e+00
 1.19269763e+00
 1.19878432e+00
 1.20488532e+00
 1.21095513e+00
 1.21694101e+00
 1.22276973e+00
 1.22834515e+00
 1.23356373e+00
 1.23834690e+00
 1.24265308e+00
 1.24646325e+00
 1.24977235e+00
 1.25259232e+00
 1.25495145e+00
 1.25689175e+00
 1.25848110e+00
 1.25984408e+00
 1.26115845e+00
 1.26251384e+00
 1.26368159e+00
 1.26416312e+00
 1.13948704e+00
 1.13988444e+00
 1.14102466e+00
 1.14280528e+00
 1.14516225e+00
 1.14809128e+00
 1.15160418e+00
 1.15568470e+00
 1.16027740e+00
 1.16529911e+00
 1.17065493e+00
 1.17625004e+00
 1.18199692e+00
 1.18781909e+00
 1.19365137e+00
 1.19943516e+00
 1.20510944e+00
 1.21060370e+00
 1.21583837e+00
 1.22073520e+00
 1.22523238e+00
 1.22929162e+00
 1.23289490e+00
 1.23603887e+00
 1.23872902e+00
 1.24097047e+00
 1.24275751e+00
 1.24407021e+00
 1.24488702e+00
 1.24521967e+00
 1.24516715e+00
 1.24494968e+00
 1.24483504e+00
 1.13212276e+00
 1.13226013e+00
 1.13279380e+00
 1.13395500e+00
 1.13587349e+00
 1.13853125e+00
 1.14184263e+00
 1.14571813e+00
 1.15007554e+00
 1.15483287e+00
 1.15990534e+00
 1.16520786e+00
 1.17065872e+00
 1.17618255e+00
 1.18171084e+00
 1.18717959e+00
 1.19252508e+00
 1.19768082e+00
 1.20257883e+00
 1.20715615e+00
 1.21136312e+00
 1.21516834e+00
 1.21855894e+00
 1.22153743e+00
 1.22411598e+00
 1.22630756e+00
 1.22811476e+00
 1.22951679e+00
 1.23046164e+00
 1.23089327e+00
 1.23085066e+00
 1.23057356e+00
 1.23042108e+00
 1.11921253e+00
 1.11970314e+00
 1.12104123e+00
 1.12297531e+00
 1.12536118e+00
 1.12818901e+00
 1.13148053e+00
 1.13522499e+00
 1.13937926e+00
 1.14388354e+00
 1.14866998e+00
 1.15366651e+00
 1.15880009e+00
 1.16399963e+00
 1.16919749e+00
 1.17432916e+00
 1.17933177e+00
 1.18414325e+00
 1.18870394e+00
 1.19296077e+00
 1.19687257e+00
 1.20041420e+00
 1.20357854e+00
 1.20637668e+00
 1.20883655e+00
 1.21100105e+00
 1.21293010e+00
 1.21471380e+00
 1.21648791e+00
 1.21839024e+00
 1.22038008e+00
 1.22203587e+00
 1.22269934e+00
 1.11089176e+00
 1.11105817e+00
 1.11168130e+00
 1.11297362e+00
 1.11500122e+00
 1.11766765e+00
 1.12083935e+00
 1.12442198e+00
 1.12835663e+00
 1.13259412e+00
 1.13708063e+00
 1.14175533e+00
 1.14655314e+00
 1.15140814e+00
 1.15625583e+00
 1.16103395e+00
 1.16568252e+00
 1.17014407e+00
 1.17436512e+00
 1.17829910e+00
 1.18190991e+00
 1.18517526e+00
 1.18808937e+00
 1.19066510e+00
 1.19293474e+00
 1.19494547e+00
 1.19674018e+00
 1.19831225e+00
 1.19954736e+00
 1.20023553e+00
 1.20026512e+00
 1.19989249e+00
 1.19966790e+00
 1.09775984e+00
 1.09833619e+00
 1.09987640e+00
 1.10200313e+00
 1.10445666e+00
 1.10717582e+00
 1.11019203e+00
 1.11353081e+00
 1.11718396e+00
 1.12111688e+00
 1.12527975e+00
 1.12961473e+00
 1.13406051e+00
 1.13855520e+00
 1.14303814e+00
 1.14745083e+00
 1.15173730e+00
 1.15584474e+00
 1.15972465e+00
 1.16333478e+00
 1.16664124e+00
 1.16962052e+00
 1.17226122e+00
 1.17456581e+00
 1.17655317e+00
 1.17826265e+00
 1.17976089e+00
 1.18115236e+00
 1.18258435e+00
 1.18419763e+00
 1.18595675e+00
 1.18745880e+00
 1.18806787e+00
 1.09307020e+00
 1.09309321e+00
 1.09330419e+00
 1.09397980e+00
 1.09529090e+00
 1.09723858e+00
 1.09973488e+00
 1.10268005e+00
 1.10598817e+00
 1.10958594e+00
 1.11340700e+00
 1.11738854e+00
 1.12147001e+00
 1.12559294e+00
 1.12970106e+00
 1.13374047e+00
 1.13766001e+00
 1.14141167e+00
 1.14495152e+00
 1.14824072e+00
 1.15124644e+00
 1.15394230e+00
 1.15630786e+00
 1.15832736e+00
 1.15998830e+00
 1.16128166e+00
 1.16220508e+00
 1.16276430e+00
 1.16296308e+00
 1.16279752e+00
 1.16232058e+00
 1.16176759e+00
 1.16151693e+00
 1.08174607e+00
 1.08196628e+00
 1.08260015e+00
 1.08361625e+00
 1.08503111e+00
 1.08687850e+00
 1.08915921e+00
 1.09183388e+00
 1.09484200e+00
 1.09811780e+00
 1.10159731e+00
 1.10522035e+00
 1.10893053e+00
 1.11267459e+00
 1.11640179e+00
 1.12006378e+00
 1.12361476e+00
 1.12701190e+00
 1.13021598e+00
 1.13319194e+00
 1.13590907e+00
 1.13834052e+00
 1.14046168e+00
 1.14224715e+00
 1.14366585e+00
 1.14467531e+00
 1.14522089e+00
 1.14525650e+00
 1.14480648e+00
 1.14404384e+00
 1.14327466e+00
 1.14276474e+00
 1.14259767e+00
 1.07037655e+00
 1.07065871e+00
 1.07148077e+00
 1.07276682e+00
 1.07441761e+00
 1.07636730e+00
 1.07859776e+00
 1.08110432e+00
 1.08386618e+00
 1.08684390e+00
 1.08998937e+00
 1.09325353e+00
 1.09658909e+00
 1.09995065e+00
 1.10329440e+00
 1.10657822e+00
 1.10976207e+00
 1.11280861e+00
 1.11568383e+00
 1.11835743e+00
 1.12080300e+00
 1.12299765e+00
 1.12492164e+00
 1.12655814e+00
 1.12789379e+00
 1.12892014e+00
 1.12963325e+00
 1.13002547e+00
 1.13006857e+00
 1.12972285e+00
 1.12903887e+00
 1.12830600e+00
 1.12798252e+00
 1.06170246e+00
 1.06191004e+00
 1.06250594e+00
 1.06345497e+00
 1.06475950e+00
 1.06642799e+00
 1.06843424e+00
 1.07072260e+00
 1.07323310e+00
 1.07591481e+00
 1.07872576e+00
 1.08162858e+00
 1.08458714e+00
 1.08756516e+00
 1.09052618e+00
 1.09343436e+00
 1.09625538e+00
 1.09895746e+00
 1.10151212e+00
 1.10389469e+00
 1.10608457e+00
 1.10806554e+00
 1.10982666e+00
 1.11136503e+00
 1.11269229e+00
 1.11384646e+00
 1.11490895e+00
 1.11601949e+00
 1.11736297e+00
 1.11907697e+00
 1.12104990e+00
 1.12275379e+00
 1.12344398e+00
 1.05344290e+00
 1.05345622e+00
 1.05362729e+00
 1.05419970e+00
 1.05529237e+00
 1.05684849e+00
 1.05873664e+00
 1.06084403e+00
 1.06310260e+00
 1.06547604e+00
 1.06794110e+00
 1.07047591e+00
 1.07305556e+00
 1.07565181e+00
 1.07823445e+00
 1.08077302e+00
 1.08323842e+00
 1.08560411e+00
 1.08784708e+00
 1.08994847e+00
 1.09189387e+00
 1.09367355e+00
 1.09528297e+00
 1.09672391e+00
 1.09800618e+00
 1.09914773e+00
 1.10016763e+00
 1.10106632e+00
 1.10179652e+00
 1.10225962e+00
 1.10238668e+00
 1.10227800e+00
 1.10219220e+00
 1.04016497e+00
 1.04069634e+00
 1.04209508e+00
 1.04394641e+00
 1.04591118e+00
 1.04784701e+00
 1.04975021e+00
 1.05166308e+00
 1.05362327e+00
 1.05565074e+00
 1.05774882e+00
 1.05990808e+00
 1.06211007e+00
 1.06433087e+00
 1.06654410e+00
 1.06872323e+00
 1.07084345e+00
 1.07288287e+00
 1.07482354e+00
 1.07665205e+00
 1.07835975e+00
 1.07994246e+00
 1.08139948e+00
 1.08273161e+00
 1.08393740e+00
 1.08500600e+00
 1.08590537e+00
 1.08657286e+00
 1.08693297e+00
 1.08696468e+00
 1.08677180e+00
 1.08654956e+00
 1.08645772e+00
 1.03590467e+00
 1.03616045e+00
 1.03687786e+00
 1.03792719e+00
 1.03916389e+00
 1.04049412e+00
 1.04188666e+00
 1.04334668e+00
 1.04488796e+00
 1.04651762e+00
 1.04823159e+00
 1.05001577e+00
 1.05184930e+00
 1.05370787e+00
 1.05556639e+00
 1.05740093e+00
 1.05919006e+00
 1.06091589e+00
 1.06256486e+00
 1.06412833e+00
 1.06560275e+00
 1.06698901e+00
 1.06829045e+00
 1.06950924e+00
 1.07064202e+00
 1.07167857e+00
 1.07260903e+00
 1.07343923e+00
 1.07419509e+00
 1.07489045e+00
 1.07547998e+00
 1.07587368e+00
 1.07600961e+00
 1.03484022e+00
 1.03465433e+00
 1.03424047e+00
 1.03390789e+00
 1.03389189e+00
 1.03424492e+00
 1.03490704e+00
 1.03580357e+00
 1.03688143e+00
 1.03810477e+00
 1.03944404e+00
 1.04087067e+00
 1.04235638e+00
 1.04387403e+00
 1.04539869e+00
 1.04690834e+00
 1.04838445e+00
 1.04981249e+00
 1.05118255e+00
 1.05248988e+00
 1.05373516e+00
 1.05492405e+00
 1.05606515e+00
 1.05716570e+00
 1.05822557e+00
 1.05923332e+00
 1.06017242e+00
 1.06104242e+00
 1.06188044e+00
 1.06274259e+00
 1.06361900e+00
 1.06434097e+00
 1.06463031e+00
 1.02841252e+00
 1.02838199e+00
 1.02830003e+00
 1.02818849e+00
 1.02810382e+00
 1.02814347e+00
 1.02838851e+00
 1.02886493e+00
 1.02955539e+00
 1.03042353e+00
 1.03142886e+00
 1.03253307e+00
 1.03370228e+00
 1.03490755e+00
 1.03612464e+00
 1.03733364e+00
 1.03851874e+00
 1.03966837e+00
 1.04077549e+00
 1.04183817e+00
 1.04286018e+00
 1.04385105e+00
 1.04482504e+00
 1.04579752e+00
 1.04677707e+00
 1.04775157e+00
 1.04867042e+00
 1.04943559e+00
 1.04992729e+00
 1.05007526e+00
 1.04993157e+00
 1.04968084e+00
 1.04955891e+00
 1.02259019e+00
 1.02264760e+00
 1.02270430e+00
 1.02262191e+00
 1.02244140e+00
 1.02229618e+00
 1.02229730e+00
 1.02250083e+00
 1.02291171e+00
 1.02350192e+00
 1.02423071e+00
 1.02505770e+00
 1.02594830e+00
 1.02687457e+00
 1.02781446e+00
 1.02875082e+00
 1.02967068e+00
 1.03056503e+00
 1.03142900e+00
 1.03226246e+00
 1.03307077e+00
 1.03386562e+00
 1.03466552e+00
 1.03549481e+00
 1.03637890e+00
 1.03733064e+00
 1.03832222e+00
 1.03924543e+00
 1.03989498e+00
 1.04005426e+00
 1.03971315e+00
 1.03920103e+00
 1.03896465e+00
 1.01957844e+00
 1.01921693e+00
 1.01844558e+00
 1.01773413e+00
 1.01722678e+00
 1.01689536e+00
 1.01673855e+00
 1.01677481e+00
 1.01700054e+00
 1.01738767e+00
 1.01789801e+00
 1.01849456e+00
 1.01914639e+00
 1.01982938e+00
 1.02052515e+00
 1.02121991e+00
 1.02190356e+00
 1.02256939e+00
 1.02321412e+00
 1.02383847e+00
 1.02444797e+00
 1.02505431e+00
 1.02567708e+00
 1.02634595e+00
 1.02710249e+00
 1.02799905e+00
 1.02908987e+00
 1.03040848e+00
 1.03192486e+00
 1.03347984e+00
 1.03476384e+00
 1.03550431e+00
 1.03571706e+00
 1.01195130e+00
 1.01219934e+00
 1.01258507e+00
 1.01263543e+00
 1.01236486e+00
 1.01203434e+00
 1.01182050e+00
 1.01177536e+00
 1.01188994e+00
 1.01213489e+00
 1.01247705e+00
 1.01288635e+00
 1.01333842e+00
 1.01381461e+00
 1.01430107e+00
 1.01478759e+00
 1.01526688e+00
 1.01573421e+00
 1.01618746e+00
 1.01662751e+00
 1.01705907e+00
 1.01749198e+00
 1.01794343e+00
 1.01844183e+00
 1.01903317e+00
 1.01979035e+00
 1.02082303e+00
 1.02227938e+00
 1.02432417e+00
 1.02705923e+00
 1.03030079e+00
 1.03322153e+00
 1.03444685e+00
 1.01001899e+00
 1.00982331e+00
 1.00934707e+00
 1.00877310e+00
 1.00824889e+00
 1.00786846e+00
 1.00765458e+00
 1.00758913e+00
 1.00764391e+00
 1.00779113e+00
 1.00800561e+00
 1.00826608e+00
 1.00855570e+00
 1.00886177e+00
 1.00917497e+00
 1.00948851e+00
 1.00979760e+00
 1.01009917e+00
 1.01039194e+00
 1.01067661e+00
 1.01095657e+00
 1.01123883e+00
 1.01153601e+00
 1.01186994e+00
 1.01227849e+00
 1.01282684e+00
 1.01361987e+00
 1.01479754e+00
 1.01647619e+00
 1.01861376e+00
 1.02086240e+00
 1.02259189e+00
 1.02323351e+00
 1.00821366e+00
 1.00771877e+00
 1.00658091e+00
 1.00550553e+00
 1.00483772e+00
 1.00449509e+00
 1.00433569e+00
 1.00428532e+00
 1.00431036e+00
 1.00439049e+00
 1.00451008e+00
 1.00465645e+00
 1.00481977e+00
 1.00499265e+00
 1.00516971e+00
 1.00534704e+00
 1.00552191e+00
 1.00569259e+00
 1.00585836e+00
 1.00601968e+00
 1.00617854e+00
 1.00633912e+00
 1.00650901e+00
 1.00670167e+00
 1.00694112e+00
 1.00726992e+00
 1.00775676e+00
 1.00848383e+00
 1.00947072e+00
 1.01053599e+00
 1.01131422e+00
 1.01164264e+00
 1.01171027e+00
 1.00485443e+00
 1.00434022e+00
 1.00335309e+00
 1.00259879e+00
 1.00219668e+00
 1.00201240e+00
 1.00193282e+00
 1.00190778e+00
 1.00191788e+00
 1.00195310e+00
 1.00200616e+00
 1.00207132e+00
 1.00214411e+00
 1.00222121e+00
 1.00230020e+00
 1.00237932e+00
 1.00245736e+00
 1.00253354e+00
 1.00260754e+00
 1.00267957e+00
 1.00275054e+00
 1.00282236e+00
 1.00289848e+00
 1.00298511e+00
 1.00309344e+00
 1.00324346e+00
 1.00346744e+00
 1.00380149e+00
 1.00424101e+00
 1.00465756e+00
 1.00479311e+00
 1.00453192e+00
 1.00430305e+00
 1.00143411e+00
 1.00123340e+00
 1.00089621e+00
 1.00066751e+00
 1.00055410e+00
 1.00050451e+00
 1.00048370e+00
 1.00047721e+00
 1.00047966e+00
 1.00048846e+00
 1.00050174e+00
 1.00051806e+00
 1.00053629e+00
 1.00055561e+00
 1.00057541e+00
 1.00059523e+00
 1.00061479e+00
 1.00063388e+00
 1.00065243e+00
 1.00067048e+00
 1.00068828e+00
 1.00070628e+00
 1.00072538e+00
 1.00074712e+00
 1.00077436e+00
 1.00081212e+00
 1.00086852e+00
 1.00095211e+00
 1.00105954e+00
 1.00115160e+00
 1.00114654e+00
 1.00100200e+00
 1.00089182e+00
 1.00000000e+00
 9.99999999e-01
 1.00000000e+00
 9.99999999e-01
 1.00000000e+00
 1.00000000e+00
 1.00000000e+00
 1.00000000e+00
 9.99999998e-01
 1.00000000e+00
 1.00000000e+00
 1.00000000e+00
 1.00000000e+00
 1.00000000e+00
 1.00000000e+00
 9.99999998e-01
 1.00000000e+00
 9.99999997e-01
 9.99999999e-01
 9.99999999e-01
 1.00000000e+00
 1.00000000e+00
 1.00000000e+00
 1.00000000e+00
 1.00000000e+00
 1.00000000e+00
 1.00000000e+00
 1.00000000e+00
 1.00000000e+00
 1.00000000e+00
 1.00000000e+00
 1.00000000e+00
 1.00000000e+00
