 1.19504000e+00
 1.19510287e+00
 1.19472241e+00
 1.19257361e+00
 1.18767327e+00
 1.18105205e+00
 1.17645715e+00
 1.16983646e+00
 1.16395528e+00
 1.16559805e+00
 1.15081298e+00
 1.14355384e+00
 1.13427231e+00
 1.12597717e+00
 1.11406676e+00
 1.10378845e+00
 1.09410944e+00
 1.08492149e+00
 1.07351885e+00
 1.06526452e+00
 1.05641796e+00
 1.05173339e+00
 1.03992008e+00
 1.03519414e+00
 1.02595209e+00
 1.02136209e+00
 1.01676370e+00
 1.01682017e+00
 1.01372116e+00
 1.00896319e+00
 1.00436652e+00
 1.00114776e+00
 1.00000000e+00
 1.19734500e+00
 1.19688703e+00
 1.19583611e+00
 1.19330246e+00
 1.18841553e+00
 1.18195631e+00
 1.17708013e+00
 1.17049119e+00
 1.16479451e+00
 1.16530389e+00
 1.15148110e+00
 1.14384480e+00
 1.13466094e+00
 1.12615630e+00
 1.11442997e+00
 1.10408408e+00
 1.09438733e+00
 1.08506717e+00
 1.07384036e+00
 1.06541336e+00
 1.05669733e+00
 1.05154328e+00
 1.04025980e+00
 1.03505043e+00
 1.02621924e+00
 1.02137358e+00
 1.01696380e+00
 1.01637567e+00
 1.01323139e+00
 1.00853520e+00
 1.00412883e+00
 1.00103058e+00
 1.00000000e+00
 1.20301770e+00
 1.20191724e+00
 1.19935372e+00
 1.19571936e+00
 1.19066565e+00
 1.18447134e+00
 1.17897378e+00
 1.17245253e+00
 1.16697551e+00
 1.16492024e+00
 1.15320586e+00
 1.14480631e+00
 1.13575565e+00
 1.12677635e+00
 1.11546110e+00
 1.10497748e+00
 1.09518989e+00
 1.08556363e+00
 1.07472555e+00
 1.06591333e+00
 1.05741354e+00
 1.05118756e+00
 1.04106130e+00
 1.03482308e+00
 1.02683683e+00
 1.02150109e+00
 1.01730958e+00
 1.01532800e+00
 1.01195754e+00
 1.00750279e+00
 1.00354825e+00
 1.00087153e+00
 1.00000000e+00
 1.20907615e+00
 1.20772738e+00
 1.20429613e+00
 1.19970995e+00
 1.19430690e+00
 1.18819389e+00
 1.18211701e+00
 1.17560250e+00
 1.16992289e+00
 1.16535910e+00
 1.15551300e+00
 1.14654690e+00
 1.13744311e+00
 1.12798650e+00
 1.11705199e+00
 1.10645557e+00
 1.09646589e+00
 1.08651524e+00
 1.07602377e+00
 1.06683353e+00
 1.05835798e+00
 1.05105976e+00
 1.04195266e+00
 1.03484046e+00
 1.02750965e+00
 1.02180797e+00
 1.01744835e+00
 1.01417028e+00
 1.01043241e+00
 1.00634336e+00
 1.00292902e+00
 1.00072848e+00
 1.00000000e+00
 1.21293919e+00
 1.21186251e+00
 1.20886415e+00
 1.20440830e+00
 1.19893628e+00
 1.19277080e+00
 1.18631277e+00
 1.17965406e+00
 1.17338210e+00
 1.16709204e+00
 1.15822051e+00
 1.14902276e+00
 1.13968508e+00
 1.12986065e+00
 1.11913595e+00
 1.10845875e+00
 1.09819158e+00
 1.08796476e+00
 1.07763689e+00
 1.06815061e+00
 1.05944634e+00
 1.05137099e+00
 1.04278582e+00
 1.03520004e+00
 1.02812581e+00
 1.02218149e+00
 1.01736134e+00
 1.01320701e+00
 1.00917501e+00
 1.00541280e+00
 1.00245769e+00
 1.00061480e+00
 1.00000000e+00
 1.21568846e+00
 1.21508898e+00
 1.21303189e+00
 1.20925432e+00
 1.20402589e+00
 1.19786766e+00
 1.19121147e+00
 1.18430317e+00
 1.17736685e+00
 1.17004404e+00
 1.16140983e+00
 1.15211240e+00
 1.14248746e+00
 1.13237852e+00
 1.12168890e+00
 1.11091332e+00
 1.10035460e+00
 1.08988074e+00
 1.07953107e+00
 1.06978161e+00
 1.06071075e+00
 1.05211068e+00
 1.04362850e+00
 1.03581031e+00
 1.02870957e+00
 1.02252284e+00
 1.01722718e+00
 1.01255954e+00
 1.00837834e+00
 1.00483030e+00
 1.00216997e+00
 1.00054348e+00
 1.00000000e+00
 1.22325966e+00
 1.22212129e+00
 1.21903733e+00
 1.21461801e+00
 1.20926234e+00
 1.20315789e+00
 1.19646085e+00
 1.18933392e+00
 1.18187983e+00
 1.17393115e+00
 1.16516667e+00
 1.15573218e+00
 1.14583441e+00
 1.13547440e+00
 1.12469019e+00
 1.11376431e+00
 1.10292489e+00
 1.09219939e+00
 1.08169120e+00
 1.07165923e+00
 1.06219241e+00
 1.05319061e+00
 1.04457869e+00
 1.03657458e+00
 1.02930632e+00
 1.02285303e+00
 1.01719173e+00
 1.01223480e+00
 1.00798315e+00
 1.00454190e+00
 1.00202863e+00
 1.00050776e+00
 1.00000000e+00
 1.22445092e+00
 1.22376363e+00
 1.22174918e+00
 1.21847480e+00
 1.21397836e+00
 1.20836111e+00
 1.20183003e+00
 1.19460918e+00
 1.18683370e+00
 1.17848586e+00
 1.16947468e+00
 1.15983560e+00
 1.14967821e+00
 1.13907015e+00
 1.12810444e+00
 1.11697197e+00
 1.10585386e+00
 1.09485393e+00
 1.08409690e+00
 1.07374890e+00
 1.06389608e+00
 1.05453328e+00
 1.04568090e+00
 1.03745487e+00
 1.02995673e+00
 1.02323985e+00
 1.01731158e+00
 1.01217232e+00
 1.00786141e+00
 1.00444535e+00
 1.00198034e+00
 1.00049545e+00
 1.00000000e+00
 1.22616642e+00
 1.22603295e+00
 1.22520177e+00
 1.22294640e+00
 1.21902804e+00
 1.21369557e+00
 1.20729209e+00
 1.20005583e+00
 1.19211371e+00
 1.18350941e+00
 1.17424924e+00
 1.16437093e+00
 1.15395344e+00
 1.14308629e+00
 1.13188233e+00
 1.12049624e+00
 1.10908607e+00
 1.09778380e+00
 1.08672087e+00
 1.07602944e+00
 1.06580054e+00
 1.05608407e+00
 1.04693785e+00
 1.03844770e+00
 1.03069305e+00
 1.02372711e+00
 1.01758361e+00
 1.01229604e+00
 1.00790734e+00
 1.00446028e+00
 1.00198498e+00
 1.00049648e+00
 1.00000000e+00
 1.23956320e+00
 1.23818251e+00
 1.23462533e+00
 1.22997707e+00
 1.22483321e+00
 1.21917929e+00
 1.21281559e+00
 1.20563326e+00
 1.19763456e+00
 1.18886826e+00
 1.17939078e+00
 1.16926854e+00
 1.15858624e+00
 1.14744497e+00
 1.13596534e+00
 1.12428954e+00
 1.11256601e+00
 1.10093516e+00
 1.08953107e+00
 1.07847763e+00
 1.06787497e+00
 1.05780203e+00
 1.04833499e+00
 1.03955359e+00
 1.03153039e+00
 1.02432363e+00
 1.01798070e+00
 1.01254438e+00
 1.00805348e+00
 1.00453857e+00
 1.00201913e+00
 1.00050501e+00
 1.00000000e+00
 1.23447940e+00
 1.23434670e+00
 1.23366058e+00
 1.23188908e+00
 1.22873263e+00
 1.22418074e+00
 1.21834569e+00
 1.21136415e+00
 1.20337051e+00
 1.19448557e+00
 1.18481367e+00
 1.17445149e+00
 1.16349981e+00
 1.15207051e+00
 1.14028985e+00
 1.12829756e+00
 1.11623935e+00
 1.10425848e+00
 1.09249161e+00
 1.08106426e+00
 1.07008606e+00
 1.05965242e+00
 1.04985103e+00
 1.04076409e+00
 1.03246514e+00
 1.02501689e+00
 1.01847215e+00
 1.01287508e+00
 1.00826072e+00
 1.00465399e+00
 1.00207032e+00
 1.00051781e+00
 1.00000000e+00
 1.23949883e+00
 1.23936468e+00
 1.23877875e+00
 1.23729448e+00
 1.23448077e+00
 1.23016392e+00
 1.22442175e+00
 1.21742933e+00
 1.20935163e+00
 1.20032114e+00
 1.19045026e+00
 1.17984582e+00
 1.16861882e+00
 1.15688975e+00
 1.14479042e+00
 1.13246240e+00
 1.12005232e+00
 1.10770598e+00
 1.09556348e+00
 1.08375526e+00
 1.07239952e+00
 1.06160253e+00
 1.05146068e+00
 1.04206113e+00
 1.03348086e+00
 1.02578583e+00
 1.01903093e+00
 1.01326006e+00
 1.00850618e+00
 1.00479205e+00
 1.00213179e+00
 1.00053321e+00
 1.00000000e+00
 1.25555810e+00
 1.25461708e+00
 1.25197551e+00
 1.24805228e+00
 1.24322095e+00
 1.23761875e+00
 1.23119258e+00
 1.22385085e+00
 1.21555446e+00
 1.20632755e+00
 1.19623840e+00
 1.18538217e+00
 1.17387152e+00
 1.16183244e+00
 1.14940188e+00
 1.13672503e+00
 1.12395138e+00
 1.11123004e+00
 1.09870539e+00
 1.08651356e+00
 1.07478018e+00
 1.06361976e+00
 1.05313581e+00
 1.04342070e+00
 1.03455518e+00
 1.02660778e+00
 1.01963465e+00
 1.01367972e+00
 1.00877540e+00
 1.00494395e+00
 1.00219950e+00
 1.00055017e+00
 1.00000000e+00
 1.26115605e+00
 1.26032784e+00
 1.25798223e+00
 1.25440244e+00
 1.24980280e+00
 1.24426267e+00
 1.23777470e+00
 1.23030773e+00
 1.22185028e+00
 1.21242987e+00
 1.20211247e+00
 1.19099360e+00
 1.17918950e+00
 1.16683118e+00
 1.15406049e+00
 1.14102678e+00
 1.12788325e+00
 1.11478291e+00
 1.10187477e+00
 1.08930054e+00
 1.07719233e+00
 1.06567133e+00
 1.05484704e+00
 1.04481663e+00
 1.03566438e+00
 1.02746122e+00
 1.02026467e+00
 1.01411936e+00
 1.00905813e+00
 1.00510369e+00
 1.00227075e+00
 1.00056803e+00
 1.00000000e+00
 1.26079841e+00
 1.26066186e+00
 1.25998170e+00
 1.25821729e+00
 1.25500119e+00
 1.25027116e+00
 1.24413519e+00
 1.23673072e+00
 1.22817438e+00
 1.21856709e+00
 1.20801019e+00
 1.19661521e+00
 1.18450659e+00
 1.17182085e+00
 1.15870426e+00
 1.14531010e+00
 1.13179536e+00
 1.11831708e+00
 1.10502878e+00
 1.09207734e+00
 1.07960045e+00
 1.06772491e+00
 1.05656532e+00
 1.04622309e+00
 1.03678581e+00
 1.02832681e+00
 1.02090535e+00
 1.01456730e+00
 1.00934653e+00
 1.00526673e+00
 1.00234349e+00
 1.00058625e+00
 1.00000000e+00
 1.27296500e+00
 1.27217321e+00
 1.26998876e+00
 1.26674197e+00
 1.26255292e+00
 1.25732156e+00
 1.25092298e+00
 1.24331912e+00
 1.23455111e+00
 1.22470159e+00
 1.21387327e+00
 1.20218237e+00
 1.18975732e+00
 1.17673777e+00
 1.16327291e+00
 1.14951906e+00
 1.13563654e+00
 1.12178611e+00
 1.10812545e+00
 1.09480598e+00
 1.08197018e+00
 1.06974959e+00
 1.05826314e+00
 1.04761604e+00
 1.03789895e+00
 1.02918769e+00
 1.02154351e+00
 1.01501395e+00
 1.00963429e+00
 1.00542946e+00
 1.00241610e+00
 1.00060445e+00
 1.00000000e+00
 1.27856318e+00
 1.27819973e+00
 1.27689741e+00
 1.27428182e+00
 1.27019407e+00
 1.26471025e+00
 1.25795461e+00
 1.25000661e+00
 1.24092171e+00
 1.23076672e+00
 1.21963129e+00
 1.20762537e+00
 1.19487494e+00
 1.18151919e+00
 1.16770816e+00
 1.15360005e+00
 1.13935789e+00
 1.12514571e+00
 1.11112483e+00
 1.09745054e+00
 1.08426937e+00
 1.07171681e+00
 1.05991553e+00
 1.04897405e+00
 1.03898593e+00
 1.03002951e+00
 1.02216821e+00
 1.01545149e+00
 1.00991630e+00
 1.00558897e+00
 1.00248727e+00
 1.00062228e+00
 1.00000000e+00
 1.29148979e+00
 1.29040985e+00
 1.28747636e+00
 1.28326885e+00
 1.27811774e+00
 1.27201775e+00
 1.26485165e+00
 1.25655405e+00
 1.24713504e+00
 1.23665336e+00
 1.22519568e+00
 1.21286782e+00
 1.19979179e+00
 1.18610428e+00
 1.17195481e+00
 1.15750287e+00
 1.14291389e+00
 1.12835484e+00
 1.11399013e+00
 1.09997824e+00
 1.08646899e+00
 1.07360119e+00
 1.06150067e+00
 1.05027884e+00
 1.04003189e+00
 1.03084062e+00
 1.02277073e+00
 1.01587379e+00
 1.01018860e+00
 1.00574302e+00
 1.00255602e+00
 1.00063952e+00
 1.00000000e+00
 1.29151346e+00
 1.29134413e+00
 1.29048446e+00
 1.28826005e+00
 1.28427798e+00
 1.27856327e+00
 1.27132807e+00
 1.26277386e+00
 1.25304356e+00
 1.24224396e+00
 1.23047256e+00
 1.21783322e+00
 1.20444350e+00
 1.19043706e+00
 1.17596294e+00
 1.16118238e+00
 1.14626373e+00
 1.13137691e+00
 1.11668886e+00
 1.10236041e+00
 1.08854395e+00
 1.07538108e+00
 1.06300035e+00
 1.05151560e+00
 1.04102524e+00
 1.03161229e+00
 1.02334477e+00
 1.01627653e+00
 1.01044844e+00
 1.00589008e+00
 1.00262165e+00
 1.00065596e+00
 1.00000000e+00
 1.30650478e+00
 1.30537901e+00
 1.30227786e+00
 1.29773348e+00
 1.29207817e+00
 1.28536247e+00
 1.27753622e+00
 1.26858053e+00
 1.25852601e+00
 1.24743276e+00
 1.23537810e+00
 1.22245526e+00
 1.20877570e+00
 1.19447073e+00
 1.17969053e+00
 1.16460013e+00
 1.14937248e+00
 1.13418089e+00
 1.11919391e+00
 1.10457345e+00
 1.09047372e+00
 1.07703891e+00
 1.06440014e+00
 1.05267320e+00
 1.04195799e+00
 1.03233918e+00
 1.02388694e+00
 1.01665765e+00
 1.01069463e+00
 1.00602948e+00
 1.00268388e+00
 1.00067156e+00
 1.00000000e+00
 1.30995148e+00
 1.30922610e+00
 1.30697886e+00
 1.30312528e+00
 1.29772492e+00
 1.29093780e+00
 1.28290780e+00
 1.27372462e+00
 1.26344764e+00
 1.25213373e+00
 1.23985155e+00
 1.22668779e+00
 1.21275065e+00
 1.19817180e+00
 1.18310576e+00
 1.16772537e+00
 1.15221166e+00
 1.13674203e+00
 1.12148457e+00
 1.10659978e+00
 1.09224278e+00
 1.07856104e+00
 1.06568899e+00
 1.05374400e+00
 1.04282606e+00
 1.03302004e+00
 1.02439769e+00
 1.01701820e+00
 1.01092815e+00
 1.00616189e+00
 1.00274302e+00
 1.00068638e+00
 1.00000000e+00
 1.31394838e+00
 1.31319955e+00
 1.31095630e+00
 1.30721554e+00
 1.30198470e+00
 1.29532432e+00
 1.28733595e+00
 1.27811883e+00
 1.26775372e+00
 1.25631201e+00
 1.24386848e+00
 1.23051158e+00
 1.21635110e+00
 1.20152241e+00
 1.18618801e+00
 1.17053482e+00
 1.15475882e+00
 1.13904241e+00
 1.12354783e+00
 1.10842896e+00
 1.09384091e+00
 1.07993703e+00
 1.06685798e+00
 1.05472295e+00
 1.04362935e+00
 1.03365888e+00
 1.02488300e+00
 1.01736409e+00
 1.01115352e+00
 1.00629007e+00
 1.00280034e+00
 1.00070076e+00
 1.00000000e+00
 1.31869224e+00
 1.31778766e+00
 1.31516647e+00
 1.31104751e+00
 1.30562267e+00
 1.29895486e+00
 1.29103160e+00
 1.28185952e+00
 1.27148856e+00
 1.25998991e+00
 1.24744139e+00
 1.23393339e+00
 1.21957969e+00
 1.20452074e+00
 1.18892762e+00
 1.17301053e+00
 1.15699560e+00
 1.14107118e+00
 1.12538014e+00
 1.11005946e+00
 1.09526353e+00
 1.08115808e+00
 1.06789762e+00
 1.05560533e+00
 1.04437127e+00
 1.03426653e+00
 1.02535742e+00
 1.01770929e+00
 1.01138140e+00
 1.00642055e+00
 1.00285883e+00
 1.00071542e+00
 1.00000000e+00
 1.31820593e+00
 1.31760269e+00
 1.31578080e+00
 1.31264472e+00
 1.30802809e+00
 1.30184464e+00
 1.29414946e+00
 1.28507028e+00
 1.27473031e+00
 1.26321905e+00
 1.25060633e+00
 1.23697736e+00
 1.22245357e+00
 1.20718034e+00
 1.19132609e+00
 1.17513567e+00
 1.15890419e+00
 1.14282557e+00
 1.12698979e+00
 1.11150074e+00
 1.09651234e+00
 1.08221502e+00
 1.06879365e+00
 1.05638257e+00
 1.04505696e+00
 1.03486231e+00
 1.02584841e+00
 1.01808124e+00
 1.01163317e+00
 1.00656656e+00
 1.00292463e+00
 1.00073197e+00
 1.00000000e+00
 1.31963595e+00
 1.31936621e+00
 1.31819652e+00
 1.31549359e+00
 1.31096898e+00
 1.30471382e+00
 1.29694530e+00
 1.28785115e+00
 1.27754190e+00
 1.26605549e+00
 1.25340921e+00
 1.23967282e+00
 1.22499444e+00
 1.20953044e+00
 1.19340010e+00
 1.17688688e+00
 1.16046218e+00
 1.14431454e+00
 1.12839858e+00
 1.11277500e+00
 1.09759654e+00
 1.08309692e+00
 1.06952220e+00
 1.05703629e+00
 1.04568906e+00
 1.03547396e+00
 1.02640125e+00
 1.01852862e+00
 1.01194848e+00
 1.00675322e+00
 1.00300938e+00
 1.00075326e+00
 1.00000000e+00
 1.33043374e+00
 1.32909256e+00
 1.32551588e+00
 1.32049919e+00
 1.31445333e+00
 1.30740311e+00
 1.29930766e+00
 1.29016809e+00
 1.27995057e+00
 1.26855560e+00
 1.25590033e+00
 1.24204220e+00
 1.22721236e+00
 1.21161686e+00
 1.19519587e+00
 1.17822019e+00
 1.16163796e+00
 1.14556961e+00
 1.12963719e+00
 1.11391711e+00
 1.09853387e+00
 1.08379276e+00
 1.07004701e+00
 1.05753346e+00
 1.04626137e+00
 1.03613210e+00
 1.02707957e+00
 1.01912915e+00
 1.01239622e+00
 1.00702613e+00
 1.00313479e+00
 1.00078493e+00
 1.00000000e+00
 1.33037359e+00
 1.32946987e+00
 1.32674597e+00
 1.32227662e+00
 1.31629408e+00
 1.30909253e+00
 1.30093694e+00
 1.29194719e+00
 1.28198846e+00
 1.27078622e+00
 1.25813296e+00
 1.24409310e+00
 1.22908402e+00
 1.21349577e+00
 1.19682143e+00
 1.17904588e+00
 1.16239251e+00
 1.14666796e+00
 1.13072184e+00
 1.11497587e+00
 1.09934635e+00
 1.08430085e+00
 1.07032070e+00
 1.05783038e+00
 1.04675305e+00
 1.03685459e+00
 1.02795128e+00
 1.01998731e+00
 1.01308728e+00
 1.00746683e+00
 1.00334118e+00
 1.00083704e+00
 1.00000000e+00
 1.32932153e+00
 1.32870430e+00
 1.32663591e+00
 1.32273512e+00
 1.31696139e+00
 1.30976749e+00
 1.30176792e+00
 1.29321270e+00
 1.28372573e+00
 1.27281754e+00
 1.26015540e+00
 1.24582106e+00
 1.23054096e+00
 1.21520220e+00
 1.19849217e+00
 1.17919831e+00
 1.16269804e+00
 1.14776343e+00
 1.13159991e+00
 1.11602947e+00
 1.10003522e+00
 1.08465584e+00
 1.07028472e+00
 1.05790014e+00
 1.04712780e+00
 1.03762495e+00
 1.02905101e+00
 1.02119361e+00
 1.01418090e+00
 1.00822389e+00
 1.00370919e+00
 1.00093059e+00
 1.00000000e+00
 1.33212997e+00
 1.33122941e+00
 1.32843305e+00
 1.32365279e+00
 1.31714935e+00
 1.30961297e+00
 1.30186921e+00
 1.29409323e+00
 1.28524151e+00
 1.27468528e+00
 1.26199221e+00
 1.24722210e+00
 1.23150276e+00
 1.21668692e+00
 1.20053651e+00
 1.17844908e+00
 1.16257764e+00
 1.14908690e+00
 1.13208858e+00
 1.11722015e+00
 1.10052238e+00
 1.08497941e+00
 1.06985523e+00
 1.05779671e+00
 1.04733075e+00
 1.03838817e+00
 1.03034201e+00
 1.02269645e+00
 1.01585158e+00
 1.00957145e+00
 1.00440949e+00
 1.00110984e+00
 1.00000000e+00
 1.33538527e+00
 1.33405810e+00
 1.33019952e+00
 1.32415493e+00
 1.31665557e+00
 1.30869929e+00
 1.30135702e+00
 1.29478173e+00
 1.28655728e+00
 1.27635142e+00
 1.26362105e+00
 1.24829815e+00
 1.23196698e+00
 1.21778521e+00
 1.20323551e+00
 1.17666494e+00
 1.16214410e+00
 1.15083611e+00
 1.13191997e+00
 1.11873598e+00
 1.10061796e+00
 1.08550004e+00
 1.06892563e+00
 1.05771650e+00
 1.04727992e+00
 1.03908010e+00
 1.03174251e+00
 1.02411669e+00
 1.01814675e+00
 1.01191593e+00
 1.00575550e+00
 1.00146346e+00
 1.00000000e+00
 1.33747409e+00
 1.33581727e+00
 1.33106691e+00
 1.32391885e+00
 1.31560826e+00
 1.30737514e+00
 1.30046437e+00
 1.29543983e+00
 1.28759837e+00
 1.27770444e+00
 1.26495643e+00
 1.24905050e+00
 1.23207390e+00
 1.21834017e+00
 1.20643401e+00
 1.17413767e+00
 1.16159494e+00
 1.15291958e+00
 1.13102382e+00
 1.12059404e+00
 1.10018173e+00
 1.08638391e+00
 1.06751873e+00
 1.05790046e+00
 1.04692589e+00
 1.03964713e+00
 1.03317540e+00
 1.02484085e+00
 1.02074014e+00
 1.01538902e+00
 1.00805150e+00
 1.00210109e+00
 1.00000000e+00
 1.33838760e+00
 1.33644770e+00
 1.33109748e+00
 1.32330270e+00
 1.31454527e+00
 1.30623786e+00
 1.29958612e+00
 1.29602705e+00
 1.28825281e+00
 1.27860072e+00
 1.26585677e+00
 1.24948571e+00
 1.23203803e+00
 1.21843681e+00
 1.20923524e+00
 1.17179668e+00
 1.16115172e+00
 1.15475350e+00
 1.12987581e+00
 1.12231475e+00
 1.09946413e+00
 1.08738506e+00
 1.06608870e+00
 1.05831243e+00
 1.04643187e+00
 1.04002650e+00
 1.03441564e+00
 1.02471683e+00
 1.02287626e+00
 1.01892289e+00
 1.01085497e+00
 1.00302242e+00
 1.00000000e+00
 1.33861000e+00
 1.33661321e+00
 1.33103686e+00
 1.32301688e+00
 1.31410528e+00
 1.30580063e+00
 1.29921165e+00
 1.29627948e+00
 1.28847081e+00
 1.27891643e+00
 1.26617772e+00
 1.24962580e+00
 1.23201106e+00
 1.21840365e+00
 1.21037446e+00
 1.17082963e+00
 1.16098318e+00
 1.15550168e+00
 1.12934092e+00
 1.12304053e+00
 1.09910229e+00
 1.08784644e+00
 1.06546193e+00
 1.05854078e+00
 1.04619089e+00
 1.04015963e+00
 1.03494047e+00
 1.02448354e+00
 1.02371636e+00
 1.02045479e+00
 1.01224832e+00
 1.00362872e+00
 1.00000000e+00
