 1.00000000e+00
 9.99999995e-01
 9.99999999e-01
 9.99999998e-01
 1.00000000e+00
 1.00000000e+00
 1.00000000e+00
 1.00000000e+00
 1.00000000e+00
 1.00000000e+00
 1.00000000e+00
 9.99999998e-01
 1.00000000e+00
 1.00000000e+00
 1.00000000e+00
 1.00000000e+00
 9.99999999e-01
 9.99999998e-01
 1.00000000e+00
 1.00000000e+00
 1.00000000e+00
 1.00000000e+00
 1.00000000e+00
 1.00000000e+00
 1.00000000e+00
 1.00000000e+00
 1.00000000e+00
 1.00000000e+00
 1.00000000e+00
 1.00000000e+00
 1.00000000e+00
 1.00000000e+00
 1.00000000e+00
 1.00145218e+00
 1.00128061e+00
 1.00098826e+00
 1.00074568e+00
 1.00058104e+00
 1.00047993e+00
 1.00041816e+00
 1.00037744e+00
 1.00034699e+00
 1.00032136e+00
 1.00029776e+00
 1.00027482e+00
 1.00025188e+00
 1.00022870e+00
 1.00020529e+00
 1.00018182e+00
 1.00015854e+00
 1.00013575e+00
 1.00011378e+00
 1.00009295e+00
 1.00007357e+00
 1.00005594e+00
 1.00004029e+00
 1.00002683e+00
 1.00001570e+00
 1.00000699e+00
 1.00000069e+00
 9.99996740e-01
 9.99994949e-01
 9.99995037e-01
 9.99996532e-01
 9.99998729e-01
 1.00000000e+00
 1.00523371e+00
 1.00478944e+00
 1.00383441e+00
 1.00293811e+00
 1.00230746e+00
 1.00191345e+00
 1.00167066e+00
 1.00150940e+00
 1.00138840e+00
 1.00128629e+00
 1.00119222e+00
 1.00110072e+00
 1.00100919e+00
 1.00091670e+00
 1.00082330e+00
 1.00072966e+00
 1.00063676e+00
 1.00054583e+00
 1.00045815e+00
 1.00037502e+00
 1.00029769e+00
 1.00022731e+00
 1.00016485e+00
 1.00011113e+00
 1.00006672e+00
 1.00003194e+00
 1.00000679e+00
 9.99990958e-01
 9.99983723e-01
 9.99983853e-01
 9.99989321e-01
 9.99996533e-01
 1.00000000e+00
 1.00985415e+00
 1.00925678e+00
 1.00781835e+00
 1.00625977e+00
 1.00505079e+00
 1.00425133e+00
 1.00373936e+00
 1.00338985e+00
 1.00312318e+00
 1.00289615e+00
 1.00268615e+00
 1.00248147e+00
 1.00227654e+00
 1.00206935e+00
 1.00186009e+00
 1.00165024e+00
 1.00144207e+00
 1.00123829e+00
 1.00104179e+00
 1.00085547e+00
 1.00068214e+00
 1.00052436e+00
 1.00038434e+00
 1.00026386e+00
 1.00016421e+00
 1.00008606e+00
 1.00002940e+00
 9.99993430e-01
 9.99976339e-01
 9.99974933e-01
 9.99983853e-01
 9.99995036e-01
 1.00000000e+00
 1.01358244e+00
 1.01303402e+00
 1.01163099e+00
 1.00993546e+00
 1.00844524e+00
 1.00734071e+00
 1.00656329e+00
 1.00599483e+00
 1.00554274e+00
 1.00514946e+00
 1.00478180e+00
 1.00442165e+00
 1.00406017e+00
 1.00369428e+00
 1.00332453e+00
 1.00295362e+00
 1.00258563e+00
 1.00222534e+00
 1.00187789e+00
 1.00154841e+00
 1.00124184e+00
 1.00096269e+00
 1.00071485e+00
 1.00050146e+00
 1.00032469e+00
 1.00018564e+00
 1.00008413e+00
 1.00001840e+00
 9.99984640e-01
 9.99976344e-01
 9.99983726e-01
 9.99994950e-01
 1.00000000e+00
 1.01547807e+00
 1.01517982e+00
 1.01436755e+00
 1.01324452e+00
 1.01204678e+00
 1.01095325e+00
 1.01003435e+00
 1.00927456e+00
 1.00862498e+00
 1.00803776e+00
 1.00747803e+00
 1.00692441e+00
 1.00636610e+00
 1.00579971e+00
 1.00522667e+00
 1.00465152e+00
 1.00408069e+00
 1.00352167e+00
 1.00298244e+00
 1.00247099e+00
 1.00199493e+00
 1.00156121e+00
 1.00117580e+00
 1.00084344e+00
 1.00056736e+00
 1.00034897e+00
 1.00018753e+00
 1.00007960e+00
 1.00001842e+00
 9.99993452e-01
 9.99990968e-01
 9.99996743e-01
 1.00000000e+00
 1.01668334e+00
 1.01673380e+00
 1.01674536e+00
 1.01647429e+00
 1.01584470e+00
 1.01498154e+00
 1.01405565e+00
 1.01316653e+00
 1.01233516e+00
 1.01154388e+00
 1.01076802e+00
 1.00998921e+00
 1.00919797e+00
 1.00839229e+00
 1.00757566e+00
 1.00675521e+00
 1.00594047e+00
 1.00514226e+00
 1.00437201e+00
 1.00364111e+00
 1.00296038e+00
 1.00233961e+00
 1.00178717e+00
 1.00130957e+00
 1.00091105e+00
 1.00059309e+00
 1.00035387e+00
 1.00018763e+00
 1.00008424e+00
 1.00002947e+00
 1.00000682e+00
 1.00000070e+00
 1.00000000e+00
 1.02157343e+00
 1.02153443e+00
 1.02137005e+00
 1.02099285e+00
 1.02036808e+00
 1.01954264e+00
 1.01860384e+00
 1.01762409e+00
 1.01663680e+00
 1.01564492e+00
 1.01463918e+00
 1.01361052e+00
 1.01255514e+00
 1.01147511e+00
 1.01037755e+00
 1.00927335e+00
 1.00817588e+00
 1.00710005e+00
 1.00606130e+00
 1.00507493e+00
 1.00415541e+00
 1.00331572e+00
 1.00256682e+00
 1.00191703e+00
 1.00137147e+00
 1.00093135e+00
 1.00059341e+00
 1.00034933e+00
 1.00018592e+00
 1.00008623e+00
 1.00003202e+00
 1.00000701e+00
 1.00000000e+00
 1.02826069e+00
 1.02798855e+00
 1.02730354e+00
 1.02645004e+00
 1.02556463e+00
 1.02465143e+00
 1.02367695e+00
 1.02262680e+00
 1.02150498e+00
 1.02031940e+00
 1.01907558e+00
 1.01777774e+00
 1.01643152e+00
 1.01504584e+00
 1.01363329e+00
 1.01220970e+00
 1.01079326e+00
 1.00940359e+00
 1.00806076e+00
 1.00678445e+00
 1.00559308e+00
 1.00450309e+00
 1.00352812e+00
 1.00267829e+00
 1.00195942e+00
 1.00137228e+00
 1.00091206e+00
 1.00056825e+00
 1.00032532e+00
 1.00016459e+00
 1.00006689e+00
 1.00001574e+00
 1.00000000e+00
 1.03185571e+00
 1.03184357e+00
 1.03174111e+00
 1.03144311e+00
 1.03091854e+00
 1.03018915e+00
 1.02927342e+00
 1.02818274e+00
 1.02693497e+00
 1.02555365e+00
 1.02406111e+00
 1.02247601e+00
 1.02081504e+00
 1.01909556e+00
 1.01733702e+00
 1.01556132e+00
 1.01379232e+00
 1.01205500e+00
 1.01037457e+00
 1.00877544e+00
 1.00728029e+00
 1.00590914e+00
 1.00467838e+00
 1.00359988e+00
 1.00268011e+00
 1.00191945e+00
 1.00131188e+00
 1.00084528e+00
 1.00050272e+00
 1.00026460e+00
 1.00011147e+00
 1.00002691e+00
 1.00000000e+00
 1.03762672e+00
 1.03758552e+00
 1.03748105e+00
 1.03730805e+00
 1.03698101e+00
 1.03639751e+00
 1.03551407e+00
 1.03434817e+00
 1.03294284e+00
 1.03134143e+00
 1.02957956e+00
 1.02768620e+00
 1.02568711e+00
 1.02360772e+00
 1.02147485e+00
 1.01931712e+00
 1.01716468e+00
 1.01504843e+00
 1.01299907e+00
 1.01104606e+00
 1.00921652e+00
 1.00753413e+00
 1.00601809e+00
 1.00468206e+00
 1.00353328e+00
 1.00257205e+00
 1.00179168e+00
 1.00117923e+00
 1.00071717e+00
 1.00038567e+00
 1.00016545e+00
 1.00004044e+00
 1.00000000e+00
 1.04442229e+00
 1.04453405e+00
 1.04473404e+00
 1.04475334e+00
 1.04441010e+00
 1.04367011e+00
 1.04257717e+00
 1.04118598e+00
 1.03953956e+00
 1.03767097e+00
 1.03560915e+00
 1.03338271e+00
 1.03102151e+00
 1.02855731e+00
 1.02602390e+00
 1.02345683e+00
 1.02089283e+00
 1.01836903e+00
 1.01592188e+00
 1.01358605e+00
 1.01139321e+00
 1.00937081e+00
 1.00754091e+00
 1.00591910e+00
 1.00451372e+00
 1.00332544e+00
 1.00234758e+00
 1.00156712e+00
 1.00096662e+00
 1.00052662e+00
 1.00022832e+00
 1.00005619e+00
 1.00000000e+00
 1.05736018e+00
 1.05700400e+00
 1.05606248e+00
 1.05479846e+00
 1.05340804e+00
 1.05194503e+00
 1.05037182e+00
 1.04863029e+00
 1.04667965e+00
 1.04450529e+00
 1.04211461e+00
 1.03952993e+00
 1.03678270e+00
 1.03390987e+00
 1.03095169e+00
 1.02795050e+00
 1.02494968e+00
 1.02199264e+00
 1.01912166e+00
 1.01637668e+00
 1.01379396e+00
 1.01140478e+00
 1.00923421e+00
 1.00730003e+00
 1.00561204e+00
 1.00417186e+00
 1.00297348e+00
 1.00200450e+00
 1.00124816e+00
 1.00068575e+00
 1.00029931e+00
 1.00007398e+00
 1.00000000e+00
 1.06486622e+00
 1.06463798e+00
 1.06397918e+00
 1.06296126e+00
 1.06167042e+00
 1.06016174e+00
 1.05844077e+00
 1.05648369e+00
 1.05426696e+00
 1.05178368e+00
 1.04904592e+00
 1.04608059e+00
 1.04292450e+00
 1.03962061e+00
 1.03621561e+00
 1.03275835e+00
 1.02929862e+00
 1.02588599e+00
 1.02256848e+00
 1.01939123e+00
 1.01639510e+00
 1.01361526e+00
 1.01107993e+00
 1.00880939e+00
 1.00681536e+00
 1.00510098e+00
 1.00366150e+00
 1.00248574e+00
 1.00155809e+00
 1.00086099e+00
 1.00037750e+00
 1.00009357e+00
 1.00000000e+00
 1.07078687e+00
 1.07077734e+00
 1.07068049e+00
 1.07034009e+00
 1.06961081e+00
 1.06842192e+00
 1.06677409e+00
 1.06470241e+00
 1.06224793e+00
 1.05944926e+00
 1.05634486e+00
 1.05297632e+00
 1.04938945e+00
 1.04563404e+00
 1.04176293e+00
 1.03783101e+00
 1.03389403e+00
 1.03000738e+00
 1.02622461e+00
 1.02259595e+00
 1.01916675e+00
 1.01597611e+00
 1.01305558e+00
 1.01042823e+00
 1.00810813e+00
 1.00610048e+00
 1.00440235e+00
 1.00300425e+00
 1.00189215e+00
 1.00104991e+00
 1.00046179e+00
 1.00011469e+00
 1.00000000e+00
 1.08108941e+00
 1.08098845e+00
 1.08066270e+00
 1.08004785e+00
 1.07906048e+00
 1.07763415e+00
 1.07574148e+00
 1.07339108e+00
 1.07061341e+00
 1.06744924e+00
 1.06394411e+00
 1.06014660e+00
 1.05610829e+00
 1.05188393e+00
 1.04753128e+00
 1.04311033e+00
 1.03868224e+00
 1.03430779e+00
 1.03004576e+00
 1.02595124e+00
 1.02207399e+00
 1.01845700e+00
 1.01513528e+00
 1.01213495e+00
 1.00947285e+00
 1.00715666e+00
 1.00518577e+00
 1.00355281e+00
 1.00224566e+00
 1.00124985e+00
 1.00055100e+00
 1.00013705e+00
 1.00000000e+00
 1.09349844e+00
 1.09323445e+00
 1.09246351e+00
 1.09124140e+00
 1.08962644e+00
 1.08764012e+00
 1.08526573e+00
 1.08248099e+00
 1.07928399e+00
 1.07569622e+00
 1.07175472e+00
 1.06750527e+00
 1.06299954e+00
 1.05829408e+00
 1.05344977e+00
 1.04853077e+00
 1.04360301e+00
 1.03873233e+00
 1.03398244e+00
 1.02941308e+00
 1.02507823e+00
 1.02102468e+00
 1.01729092e+00
 1.01390634e+00
 1.01089084e+00
 1.00825501e+00
 1.00600098e+00
 1.00412386e+00
 1.00261375e+00
 1.00145806e+00
 1.00064391e+00
 1.00016033e+00
 1.00000000e+00
 1.10410681e+00
 1.10382008e+00
 1.10299748e+00
 1.10169730e+00
 1.09993048e+00
 1.09767758e+00
 1.09493589e+00
 1.09172882e+00
 1.08809043e+00
 1.08405583e+00
 1.07966185e+00
 1.07495059e+00
 1.06997127e+00
 1.06478049e+00
 1.05944127e+00
 1.05402141e+00
 1.04859142e+00
 1.04322199e+00
 1.03798166e+00
 1.03293454e+00
 1.02813858e+00
 1.02364419e+00
 1.01949326e+00
 1.01571848e+00
 1.01234307e+00
 1.00938088e+00
 1.00683714e+00
 1.00470984e+00
 1.00299155e+00
 1.00167179e+00
 1.00073929e+00
 1.00018424e+00
 1.00000000e+00
 1.11391755e+00
 1.11380631e+00
 1.11332737e+00
 1.11221155e+00
 1.11032861e+00
 1.10773766e+00
 1.10456755e+00
 1.10091800e+00
 1.09684292e+00
 1.09237312e+00
 1.08753750e+00
 1.08237287e+00
 1.07692646e+00
 1.07125547e+00
 1.06542555e+00
 1.05950860e+00
 1.05358000e+00
 1.04771555e+00
 1.04198851e+00
 1.03646722e+00
 1.03121320e+00
 1.02628012e+00
 1.02171298e+00
 1.01754773e+00
 1.01381099e+00
 1.01052016e+00
 1.00768396e+00
 1.00530359e+00
 1.00337450e+00
 1.00188846e+00
 1.00083598e+00
 1.00020847e+00
 1.00000000e+00
 1.12978822e+00
 1.12900865e+00
 1.12693118e+00
 1.12409790e+00
 1.12091762e+00
 1.11751334e+00
 1.11383307e+00
 1.10979508e+00
 1.10535321e+00
 1.10050126e+00
 1.09525983e+00
 1.08966626e+00
 1.08377032e+00
 1.07763254e+00
 1.07132294e+00
 1.06491873e+00
 1.05850106e+00
 1.05215134e+00
 1.04594777e+00
 1.03996261e+00
 1.03426050e+00
 1.02889767e+00
 1.02392175e+00
 1.01937165e+00
 1.01527736e+00
 1.01166003e+00
 1.00853222e+00
 1.00589886e+00
 1.00375860e+00
 1.00210584e+00
 1.00093300e+00
 1.00023278e+00
 1.00000000e+00
 1.13281713e+00
 1.13263519e+00
 1.13198814e+00
 1.13068560e+00
 1.12862030e+00
 1.12580119e+00
 1.12229328e+00
 1.11816997e+00
 1.11349745e+00
 1.10833327e+00
 1.10272946e+00
 1.09673798e+00
 1.09041623e+00
 1.08383064e+00
 1.07705742e+00
 1.07018067e+00
 1.06328860e+00
 1.05646899e+00
 1.04980523e+00
 1.04337330e+00
 1.03724013e+00
 1.03146355e+00
 1.02609296e+00
 1.02116970e+00
 1.01672698e+00
 1.01278968e+00
 1.00937458e+00
 1.00649083e+00
 1.00414091e+00
 1.00232230e+00
 1.00102963e+00
 1.00025700e+00
 1.00000000e+00
 1.13942717e+00
 1.13936262e+00
 1.13905160e+00
 1.13820587e+00
 1.13654008e+00
 1.13393137e+00
 1.13043039e+00
 1.12616563e+00
 1.12126054e+00
 1.11580650e+00
 1.10987033e+00
 1.10351021e+00
 1.09678824e+00
 1.08977657e+00
 1.08255880e+00
 1.07522768e+00
 1.06787996e+00
 1.06061070e+00
 1.05350882e+00
 1.04665383e+00
 1.04011386e+00
 1.03394666e+00
 1.02820217e+00
 1.02292364e+00
 1.01814713e+00
 1.01390103e+00
 1.01020631e+00
 1.00707691e+00
 1.00452007e+00
 1.00253716e+00
 1.00112557e+00
 1.00028105e+00
 1.00000000e+00
 1.15260063e+00
 1.15216380e+00
 1.15086326e+00
 1.14875521e+00
 1.14593781e+00
 1.14248766e+00
 1.13843679e+00
 1.13380038e+00
 1.12859868e+00
 1.12285935e+00
 1.11661687e+00
 1.10991687e+00
 1.10282071e+00
 1.09540566e+00
 1.08776371e+00
 1.07999846e+00
 1.07221712e+00
 1.06452247e+00
 1.05700942e+00
 1.04976137e+00
 1.04284617e+00
 1.03631856e+00
 1.03022713e+00
 1.02461707e+00
 1.01952740e+00
 1.01498911e+00
 1.01102636e+00
 1.00765803e+00
 1.00489741e+00
 1.00275142e+00
 1.00122132e+00
 1.00030505e+00
 1.00000000e+00
 1.16372044e+00
 1.16293492e+00
 1.16080438e+00
 1.15778184e+00
 1.15420294e+00
 1.15019392e+00
 1.14575200e+00
 1.14083217e+00
 1.13539472e+00
 1.12941969e+00
 1.12291047e+00
 1.11590143e+00
 1.10845725e+00
 1.10066176e+00
 1.09261586e+00
 1.08443777e+00
 1.07624788e+00
 1.06815548e+00
 1.06026156e+00
 1.05265603e+00
 1.04540499e+00
 1.03855406e+00
 1.03214726e+00
 1.02623386e+00
 1.02085797e+00
 1.01605162e+00
 1.01183858e+00
 1.00824077e+00
 1.00527904e+00
 1.00296911e+00
 1.00131878e+00
 1.00032950e+00
 1.00000000e+00
 1.16662617e+00
 1.16629882e+00
 1.16518981e+00
 1.16313264e+00
 1.16016279e+00
 1.15643520e+00
 1.15206697e+00
 1.14710723e+00
 1.14156765e+00
 1.13543725e+00
 1.12870657e+00
 1.12141568e+00
 1.11364908e+00
 1.10549704e+00
 1.09706579e+00
 1.08849632e+00
 1.07992741e+00
 1.07146798e+00
 1.06322393e+00
 1.05530078e+00
 1.04776256e+00
 1.04063260e+00
 1.03394300e+00
 1.02775513e+00
 1.02212561e+00
 1.01708662e+00
 1.01265292e+00
 1.00884124e+00
 1.00568011e+00
 1.00320036e+00
 1.00142276e+00
 1.00035559e+00
 1.00000000e+00
 1.17166727e+00
 1.17116535e+00
 1.16980645e+00
 1.16779386e+00
 1.16513286e+00
 1.16172911e+00
 1.15755179e+00
 1.15265475e+00
 1.14710650e+00
 1.14089736e+00
 1.13397486e+00
 1.12641399e+00
 1.11835255e+00
 1.10987276e+00
 1.10107037e+00
 1.09212998e+00
 1.08322021e+00
 1.07442826e+00
 1.06585980e+00
 1.05766067e+00
 1.04989629e+00
 1.04254097e+00
 1.03559523e+00
 1.02915607e+00
 1.02330729e+00
 1.01808596e+00
 1.01348472e+00
 1.00949093e+00
 1.00613278e+00
 1.00346749e+00
 1.00154398e+00
 1.00038610e+00
 1.00000000e+00
 1.17354866e+00
 1.17345184e+00
 1.17297358e+00
 1.17177290e+00
 1.16963310e+00
 1.16648729e+00
 1.16239470e+00
 1.15751320e+00
 1.15201061e+00
 1.14581349e+00
 1.13868770e+00
 1.13084324e+00
 1.12252712e+00
 1.11376145e+00
 1.10459167e+00
 1.09529843e+00
 1.08610206e+00
 1.07701842e+00
 1.06813721e+00
 1.05970246e+00
 1.05178784e+00
 1.04427801e+00
 1.03708309e+00
 1.03040697e+00
 1.02436450e+00
 1.01902269e+00
 1.01434763e+00
 1.01024201e+00
 1.00669844e+00
 1.00381516e+00
 1.00170434e+00
 1.00042649e+00
 1.00000000e+00
 1.17814796e+00
 1.17799643e+00
 1.17745887e+00
 1.17627174e+00
 1.17412513e+00
 1.17086915e+00
 1.16661940e+00
 1.16162467e+00
 1.15623771e+00
 1.15023582e+00
 1.14279744e+00
 1.13463850e+00
 1.12613453e+00
 1.11714959e+00
 1.10759505e+00
 1.09796576e+00
 1.08855980e+00
 1.07923744e+00
 1.07002861e+00
 1.06139902e+00
 1.05341640e+00
 1.04586232e+00
 1.03837356e+00
 1.03148637e+00
 1.02524500e+00
 1.01983749e+00
 1.01523326e+00
 1.01116245e+00
 1.00747766e+00
 1.00432081e+00
 1.00194262e+00
 1.00048650e+00
 1.00000000e+00
 1.18364334e+00
 1.18340672e+00
 1.18262481e+00
 1.18107107e+00
 1.17847820e+00
 1.17473169e+00
 1.17013223e+00
 1.16486898e+00
 1.15967743e+00
 1.15427911e+00
 1.14619826e+00
 1.13774433e+00
 1.12913435e+00
 1.12003722e+00
 1.11004577e+00
 1.10010844e+00
 1.09058500e+00
 1.08110094e+00
 1.07150886e+00
 1.06274479e+00
 1.05474233e+00
 1.04734152e+00
 1.03939700e+00
 1.03241161e+00
 1.02589157e+00
 1.02044976e+00
 1.01607550e+00
 1.01230605e+00
 1.00859419e+00
 1.00508424e+00
 1.00231107e+00
 1.00057806e+00
 1.00000000e+00
 1.18854480e+00
 1.18822914e+00
 1.18729290e+00
 1.18543955e+00
 1.18226067e+00
 1.17777518e+00
 1.17286200e+00
 1.16718923e+00
 1.16214587e+00
 1.15809857e+00
 1.14870555e+00
 1.14016307e+00
 1.13147237e+00
 1.12242795e+00
 1.11190865e+00
 1.10173101e+00
 1.09216220e+00
 1.08263184e+00
 1.07255668e+00
 1.06377506e+00
 1.05569658e+00
 1.04878000e+00
 1.04003536e+00
 1.03326284e+00
 1.02624557e+00
 1.02082821e+00
 1.01672085e+00
 1.01366055e+00
 1.01010379e+00
 1.00615747e+00
 1.00284606e+00
 1.00070769e+00
 1.00000000e+00
 1.19216942e+00
 1.19190622e+00
 1.19110422e+00
 1.18908567e+00
 1.18518916e+00
 1.17978112e+00
 1.17482547e+00
 1.16868948e+00
 1.16350086e+00
 1.16167817e+00
 1.15016698e+00
 1.14195696e+00
 1.13309088e+00
 1.12429565e+00
 1.11316576e+00
 1.10286905e+00
 1.09326930e+00
 1.08383060e+00
 1.07317831e+00
 1.06454845e+00
 1.05622586e+00
 1.05017019e+00
 1.04020568e+00
 1.03411905e+00
 1.02627272e+00
 1.02106385e+00
 1.01698493e+00
 1.01510052e+00
 1.01181090e+00
 1.00741983e+00
 1.00351124e+00
 1.00086225e+00
 1.00000000e+00
 1.19432924e+00
 1.19421696e+00
 1.19372401e+00
 1.19162793e+00
 1.18703915e+00
 1.18077899e+00
 1.17603959e+00
 1.16954764e+00
 1.16392351e+00
 1.16449129e+00
 1.15071949e+00
 1.14313070e+00
 1.13399312e+00
 1.12553461e+00
 1.11385474e+00
 1.10355569e+00
 1.09390601e+00
 1.08463286e+00
 1.07345262e+00
 1.06507131e+00
 1.05639969e+00
 1.05128832e+00
 1.04004538e+00
 1.03487399e+00
 1.02607787e+00
 1.02126401e+00
 1.01688244e+00
 1.01631866e+00
 1.01319464e+00
 1.00851441e+00
 1.00411955e+00
 1.00102822e+00
 1.00000000e+00
 1.19504000e+00
 1.19510286e+00
 1.19472241e+00
 1.19257361e+00
 1.18767327e+00
 1.18105205e+00
 1.17645715e+00
 1.16983646e+00
 1.16395528e+00
 1.16559805e+00
 1.15081298e+00
 1.14355384e+00
 1.13427231e+00
 1.12597717e+00
 1.11406676e+00
 1.10378845e+00
 1.09410944e+00
 1.08492149e+00
 1.07351886e+00
 1.06526452e+00
 1.05641796e+00
 1.05173339e+00
 1.03992009e+00
 1.03519414e+00
 1.02595209e+00
 1.02136209e+00
 1.01676370e+00
 1.01682017e+00
 1.01372116e+00
 1.00896319e+00
 1.00436652e+00
 1.00114776e+00
 1.00000000e+00
