 1.32958500e+00
 1.32725352e+00
 1.32171884e+00
 1.31644504e+00
 1.31427114e+00
 1.31340484e+00
 1.30524025e+00
 1.29538337e+00
 1.28536620e+00
 1.27872507e+00
 1.26320142e+00
 1.25127501e+00
 1.23688647e+00
 1.21270984e+00
 1.20896581e+00
 1.18665519e+00
 1.16685877e+00
 1.14797228e+00
 1.12323328e+00
 1.12517792e+00
 1.10263656e+00
 1.09197853e+00
 1.06936824e+00
 1.06209143e+00
 1.04917559e+00
 1.03675882e+00
 1.03055551e+00
 1.02733189e+00
 1.02049448e+00
 1.01262186e+00
 1.00590165e+00
 1.00151346e+00
 1.00000000e+00
 1.33025767e+00
 1.32811007e+00
 1.32284838e+00
 1.31743578e+00
 1.31468418e+00
 1.31297108e+00
 1.30511970e+00
 1.29533744e+00
 1.28544396e+00
 1.27823550e+00
 1.26317909e+00
 1.25104273e+00
 1.23643794e+00
 1.21328547e+00
 1.20821247e+00
 1.18657024e+00
 1.16682216e+00
 1.14778860e+00
 1.12412612e+00
 1.12423803e+00
 1.10290759e+00
 1.09140473e+00
 1.06991171e+00
 1.06176870e+00
 1.04914381e+00
 1.03696153e+00
 1.03055622e+00
 1.02671788e+00
 1.01991719e+00
 1.01217977e+00
 1.00568340e+00
 1.00140490e+00
 1.00000000e+00
 1.33161458e+00
 1.32983374e+00
 1.32522238e+00
 1.31973489e+00
 1.31567278e+00
 1.31209781e+00
 1.30472229e+00
 1.29519900e+00
 1.28549811e+00
 1.27700723e+00
 1.26298304e+00
 1.25035427e+00
 1.23532123e+00
 1.21456224e+00
 1.20632434e+00
 1.18623301e+00
 1.16666757e+00
 1.14742931e+00
 1.12623087e+00
 1.12201006e+00
 1.10334447e+00
 1.09009221e+00
 1.07109326e+00
 1.06106893e+00
 1.04901076e+00
 1.03742934e+00
 1.03042941e+00
 1.02521345e+00
 1.01840011e+00
 1.01108283e+00
 1.00511728e+00
 1.00125588e+00
 1.00000000e+00
 1.33213301e+00
 1.33074298e+00
 1.32694957e+00
 1.32180662e+00
 1.31667619e+00
 1.31139595e+00
 1.30408644e+00
 1.29489842e+00
 1.28522112e+00
 1.27548160e+00
 1.26238406e+00
 1.24925099e+00
 1.23396296e+00
 1.21563287e+00
 1.20405383e+00
 1.18551033e+00
 1.16632183e+00
 1.14720027e+00
 1.12840246e+00
 1.11962938e+00
 1.10332780e+00
 1.08875324e+00
 1.07210184e+00
 1.06042956e+00
 1.04875265e+00
 1.03782585e+00
 1.03001302e+00
 1.02345149e+00
 1.01651969e+00
 1.00977937e+00
 1.00445778e+00
 1.00110752e+00
 1.00000000e+00
 1.33075161e+00
 1.32979260e+00
 1.32699174e+00
 1.32261351e+00
 1.31717950e+00
 1.31091000e+00
 1.30332551e+00
 1.29430383e+00
 1.28447285e+00
 1.27389196e+00
 1.26128375e+00
 1.24781354e+00
 1.23257856e+00
 1.21588401e+00
 1.20191652e+00
 1.18439124e+00
 1.16575791e+00
 1.14713993e+00
 1.12986044e+00
 1.11777304e+00
 1.10269296e+00
 1.08769264e+00
 1.07252644e+00
 1.05998116e+00
 1.04840663e+00
 1.03787844e+00
 1.02934087e+00
 1.02187068e+00
 1.01485258e+00
 1.00863931e+00
 1.00389987e+00
 1.00097482e+00
 1.00000000e+00
 1.32888485e+00
 1.32829185e+00
 1.32625356e+00
 1.32245105e+00
 1.31702206e+00
 1.31030468e+00
 1.30240128e+00
 1.29332214e+00
 1.28326802e+00
 1.27221213e+00
 1.25973482e+00
 1.24611581e+00
 1.23110604e+00
 1.21523573e+00
 1.19999303e+00
 1.18298745e+00
 1.16497859e+00
 1.14702985e+00
 1.13044795e+00
 1.11645023e+00
 1.10169168e+00
 1.08680687e+00
 1.07241280e+00
 1.05958996e+00
 1.04798808e+00
 1.03756633e+00
 1.02856277e+00
 1.02063639e+00
 1.01364320e+00
 1.00782321e+00
 1.00350818e+00
 1.00087853e+00
 1.00000000e+00
 1.33087534e+00
 1.32977758e+00
 1.32672451e+00
 1.32214040e+00
 1.31628173e+00
 1.30925731e+00
 1.30111726e+00
 1.29189253e+00
 1.28163665e+00
 1.27032239e+00
 1.25782210e+00
 1.24417811e+00
 1.22940153e+00
 1.21388742e+00
 1.19813498e+00
 1.18140599e+00
 1.16397321e+00
 1.14663804e+00
 1.13032541e+00
 1.11538790e+00
 1.10058307e+00
 1.08592975e+00
 1.07193835e+00
 1.05911116e+00
 1.04747759e+00
 1.03703085e+00
 1.02780849e+00
 1.01973736e+00
 1.01284932e+00
 1.00730322e+00
 1.00326240e+00
 1.00081693e+00
 1.00000000e+00
 1.32783083e+00
 1.32695211e+00
 1.32435488e+00
 1.32014380e+00
 1.31445956e+00
 1.30745213e+00
 1.29925064e+00
 1.28993942e+00
 1.27956202e+00
 1.26811814e+00
 1.25558095e+00
 1.24197275e+00
 1.22737768e+00
 1.21204254e+00
 1.19618349e+00
 1.17967270e+00
 1.16271301e+00
 1.14585390e+00
 1.12967777e+00
 1.11434456e+00
 1.09945335e+00
 1.08498209e+00
 1.07123209e+00
 1.05849068e+00
 1.04686924e+00
 1.03640736e+00
 1.02713644e+00
 1.01908638e+00
 1.01233235e+00
 1.00697861e+00
 1.00311151e+00
 1.00077895e+00
 1.00000000e+00
 1.32382888e+00
 1.32314216e+00
 1.32095426e+00
 1.31710182e+00
 1.31164410e+00
 1.30477874e+00
 1.29666535e+00
 1.28738975e+00
 1.27699990e+00
 1.26552661e+00
 1.25299589e+00
 1.23945654e+00
 1.22500741e+00
 1.20981601e+00
 1.19403683e+00
 1.17775120e+00
 1.16116868e+00
 1.14466851e+00
 1.12862448e+00
 1.11318221e+00
 1.09827414e+00
 1.08393943e+00
 1.07036374e+00
 1.05773747e+00
 1.04618014e+00
 1.03576318e+00
 1.02654501e+00
 1.01858924e+00
 1.01197057e+00
 1.00676063e+00
 1.00301181e+00
 1.00075383e+00
 1.00000000e+00
 1.32160671e+00
 1.32050626e+00
 1.31752222e+00
 1.31320278e+00
 1.30777915e+00
 1.30118411e+00
 1.29333021e+00
 1.28422208e+00
 1.27392171e+00
 1.26250197e+00
 1.25003264e+00
 1.23659193e+00
 1.22228517e+00
 1.20725102e+00
 1.19163650e+00
 1.17559021e+00
 1.15932185e+00
 1.14311318e+00
 1.12723190e+00
 1.11183572e+00
 1.09699151e+00
 1.08278851e+00
 1.06936860e+00
 1.05687749e+00
 1.04543029e+00
 1.03511460e+00
 1.02600547e+00
 1.01817387e+00
 1.01168551e+00
 1.00659398e+00
 1.00293648e+00
 1.00073491e+00
 1.00000000e+00
 1.31002542e+00
 1.30990238e+00
 1.30911598e+00
 1.30689372e+00
 1.30281844e+00
 1.29692590e+00
 1.28942512e+00
 1.28051337e+00
 1.27034119e+00
 1.25902487e+00
 1.24666287e+00
 1.23335268e+00
 1.21920583e+00
 1.20435445e+00
 1.18894721e+00
 1.17315093e+00
 1.15716614e+00
 1.14122265e+00
 1.12553830e+00
 1.11027875e+00
 1.09556557e+00
 1.08151674e+00
 1.06826230e+00
 1.05592972e+00
 1.04462976e+00
 1.03445549e+00
 1.02548693e+00
 1.01779350e+00
 1.01143287e+00
 1.00644882e+00
 1.00287131e+00
 1.00071855e+00
 1.00000000e+00
 1.31228573e+00
 1.31127136e+00
 1.30849541e+00
 1.30441938e+00
 1.29923341e+00
 1.29286996e+00
 1.28524624e+00
 1.27636499e+00
 1.26628657e+00
 1.25509212e+00
 1.24287134e+00
 1.22972368e+00
 1.21576318e+00
 1.20112153e+00
 1.18594852e+00
 1.17041293e+00
 1.15470424e+00
 1.13902481e+00
 1.12356893e+00
 1.10850479e+00
 1.09397578e+00
 1.08011447e+00
 1.06704952e+00
 1.05490181e+00
 1.04377900e+00
 1.03377406e+00
 1.02496603e+00
 1.01742044e+00
 1.01118900e+00
 1.00630988e+00
 1.00280913e+00
 1.00070296e+00
 1.00000000e+00
 1.30589013e+00
 1.30529939e+00
 1.30336233e+00
 1.29983857e+00
 1.29473839e+00
 1.28825825e+00
 1.28056078e+00
 1.27171259e+00
 1.26174391e+00
 1.25070010e+00
 1.23865382e+00
 1.22570070e+00
 1.21195520e+00
 1.19754946e+00
 1.18263287e+00
 1.16737147e+00
 1.15194553e+00
 1.13654223e+00
 1.12134382e+00
 1.10651792e+00
 1.09221596e+00
 1.07857705e+00
 1.06573045e+00
 1.05379442e+00
 1.04287397e+00
 1.03305971e+00
 1.02442762e+00
 1.01703910e+00
 1.01094152e+00
 1.00616942e+00
 1.00274637e+00
 1.00068722e+00
 1.00000000e+00
 1.30294801e+00
 1.30181605e+00
 1.29873502e+00
 1.29431019e+00
 1.28890367e+00
 1.28252794e+00
 1.27506685e+00
 1.26645202e+00
 1.25669421e+00
 1.24585447e+00
 1.23401946e+00
 1.22129192e+00
 1.20778926e+00
 1.19364421e+00
 1.17900502e+00
 1.16403421e+00
 1.14890518e+00
 1.13379607e+00
 1.11888199e+00
 1.10432858e+00
 1.09028925e+00
 1.07690518e+00
 1.06430550e+00
 1.05260655e+00
 1.04191065e+00
 1.03230530e+00
 1.02386291e+00
 1.01664121e+00
 1.01068415e+00
 1.00602358e+00
 1.00268125e+00
 1.00067090e+00
 1.00000000e+00
 1.28635254e+00
 1.28633646e+00
 1.28591745e+00
 1.28432694e+00
 1.28100317e+00
 1.27583244e+00
 1.26899137e+00
 1.26071880e+00
 1.25120698e+00
 1.24059516e+00
 1.22899632e+00
 1.21652011e+00
 1.20328508e+00
 1.18942342e+00
 1.17508169e+00
 1.16041918e+00
 1.14560426e+00
 1.13080918e+00
 1.11620408e+00
 1.10195189e+00
 1.08820517e+00
 1.07510457e+00
 1.06277787e+00
 1.05133909e+00
 1.04088758e+00
 1.03150751e+00
 1.02326784e+00
 1.01622298e+00
 1.01041403e+00
 1.00587064e+00
 1.00261298e+00
 1.00065379e+00
 1.00000000e+00
 1.28861280e+00
 1.28777163e+00
 1.28533484e+00
 1.28150100e+00
 1.27645750e+00
 1.27030569e+00
 1.26307140e+00
 1.25475595e+00
 1.24537561e+00
 1.23497509e+00
 1.22362589e+00
 1.21142179e+00
 1.19847561e+00
 1.18491714e+00
 1.17089096e+00
 1.15655369e+00
 1.14207005e+00
 1.12760803e+00
 1.11333376e+00
 1.09940709e+00
 1.08597823e+00
 1.07318566e+00
 1.06115468e+00
 1.04999638e+00
 1.03980683e+00
 1.03066681e+00
 1.02264195e+00
 1.01578367e+00
 1.01013054e+00
 1.00571019e+00
 1.00254137e+00
 1.00063585e+00
 1.00000000e+00
 1.28536840e+00
 1.28411656e+00
 1.28071025e+00
 1.27587798e+00
 1.27016976e+00
 1.26374076e+00
 1.25650282e+00
 1.24833374e+00
 1.23917318e+00
 1.22902899e+00
 1.21795737e+00
 1.20604637e+00
 1.19340678e+00
 1.18016731e+00
 1.16647134e+00
 1.15247358e+00
 1.13833607e+00
 1.12422351e+00
 1.11029852e+00
 1.09671748e+00
 1.08362733e+00
 1.07116327e+00
 1.05944720e+00
 1.04858667e+00
 1.03867418e+00
 1.02978705e+00
 1.02198774e+00
 1.01532483e+00
 1.00983457e+00
 1.00554272e+00
 1.00246663e+00
 1.00061711e+00
 1.00000000e+00
 1.26380513e+00
 1.26396536e+00
 1.26397545e+00
 1.26288352e+00
 1.26003934e+00
 1.25535872e+00
 1.24907461e+00
 1.24144705e+00
 1.23265797e+00
 1.22282901e+00
 1.21206118e+00
 1.20045850e+00
 1.18813698e+00
 1.17522662e+00
 1.16187049e+00
 1.14822214e+00
 1.13444167e+00
 1.12069110e+00
 1.10712973e+00
 1.09391017e+00
 1.08117533e+00
 1.06905624e+00
 1.05767063e+00
 1.04712196e+00
 1.03749886e+00
 1.02887515e+00
 1.02131017e+00
 1.01484989e+00
 1.00952831e+00
 1.00536945e+00
 1.00238931e+00
 1.00059774e+00
 1.00000000e+00
 1.26559194e+00
 1.26461883e+00
 1.26199201e+00
 1.25826330e+00
 1.25373533e+00
 1.24836911e+00
 1.24200965e+00
 1.23456616e+00
 1.22604230e+00
 1.21650037e+00
 1.20603010e+00
 1.19473591e+00
 1.18273469e+00
 1.17015636e+00
 1.15714345e+00
 1.14384873e+00
 1.13043106e+00
 1.11705027e+00
 1.10386236e+00
 1.09101575e+00
 1.07864860e+00
 1.06688700e+00
 1.05584376e+00
 1.04561770e+00
 1.03629330e+00
 1.02794076e+00
 1.02061646e+00
 1.01436388e+00
 1.00921502e+00
 1.00519224e+00
 1.00231023e+00
 1.00057792e+00
 1.00000000e+00
 1.25516446e+00
 1.25466109e+00
 1.25307382e+00
 1.25029415e+00
 1.24632241e+00
 1.24121975e+00
 1.23502432e+00
 1.22775429e+00
 1.21944271e+00
 1.21014956e+00
 1.19995639e+00
 1.18896065e+00
 1.17727417e+00
 1.16502374e+00
 1.15235054e+00
 1.13940717e+00
 1.12635212e+00
 1.11334362e+00
 1.10053426e+00
 1.08806766e+00
 1.07607646e+00
 1.06468100e+00
 1.05398847e+00
 1.04409242e+00
 1.03507279e+00
 1.02699611e+00
 1.01991591e+00
 1.01387347e+00
 1.00889904e+00
 1.00501355e+00
 1.00223050e+00
 1.00055794e+00
 1.00000000e+00
 1.24587116e+00
 1.24549972e+00
 1.24432837e+00
 1.24217206e+00
 1.23879943e+00
 1.23410461e+00
 1.22814624e+00
 1.22104867e+00
 1.21292240e+00
 1.20385357e+00
 1.19392152e+00
 1.18321352e+00
 1.17183235e+00
 1.15989964e+00
 1.14755550e+00
 1.13495392e+00
 1.12225485e+00
 1.10961574e+00
 1.09718541e+00
 1.08510162e+00
 1.07349054e+00
 1.06246611e+00
 1.05212918e+00
 1.04256732e+00
 1.03385538e+00
 1.02605600e+00
 1.01922003e+00
 1.01338699e+00
 1.00858585e+00
 1.00483650e+00
 1.00215152e+00
 1.00053815e+00
 1.00000000e+00
 1.24278475e+00
 1.24221604e+00
 1.24042384e+00
 1.23733543e+00
 1.23306758e+00
 1.22779539e+00
 1.22160621e+00
 1.21451544e+00
 1.20652994e+00
 1.19767596e+00
 1.18800157e+00
 1.17757543e+00
 1.16648861e+00
 1.15485760e+00
 1.14282382e+00
 1.13054637e+00
 1.11818986e+00
 1.10591222e+00
 1.09385736e+00
 1.08215511e+00
 1.07092413e+00
 1.06027178e+00
 1.05029213e+00
 1.04106578e+00
 1.03266158e+00
 1.02513784e+00
 1.01854282e+00
 1.01291483e+00
 1.00828241e+00
 1.00466513e+00
 1.00207509e+00
 1.00051900e+00
 1.00000000e+00
 1.24004663e+00
 1.23880959e+00
 1.23560108e+00
 1.23133550e+00
 1.22650232e+00
 1.22110227e+00
 1.21498841e+00
 1.20806063e+00
 1.20028746e+00
 1.19168071e+00
 1.18227668e+00
 1.17213152e+00
 1.16132581e+00
 1.14997307e+00
 1.13822136e+00
 1.12624113e+00
 1.11420684e+00
 1.10227879e+00
 1.09059313e+00
 1.07926730e+00
 1.06841141e+00
 1.05812798e+00
 1.04850438e+00
 1.03961253e+00
 1.03151386e+00
 1.02426166e+00
 1.01790126e+00
 1.01247021e+00
 1.00799782e+00
 1.00450474e+00
 1.00200363e+00
 1.00050109e+00
 1.00000000e+00
 1.22115718e+00
 1.22147524e+00
 1.22175288e+00
 1.22081022e+00
 1.21812663e+00
 1.21386077e+00
 1.20833066e+00
 1.20176089e+00
 1.19427908e+00
 1.18595592e+00
 1.17683766e+00
 1.16697295e+00
 1.15643032e+00
 1.14532206e+00
 1.13381272e+00
 1.12209252e+00
 1.11035316e+00
 1.09876085e+00
 1.08743811e+00
 1.07647969e+00
 1.06598658e+00
 1.05606373e+00
 1.04679269e+00
 1.03823249e+00
 1.03043534e+00
 1.02344943e+00
 1.01731591e+00
 1.01207055e+00
 1.00774479e+00
 1.00436301e+00
 1.00194063e+00
 1.00048533e+00
 1.00000000e+00
 1.22269017e+00
 1.22161426e+00
 1.21897878e+00
 1.21570736e+00
 1.21200763e+00
 1.20757339e+00
 1.20218357e+00
 1.19584284e+00
 1.18863398e+00
 1.18060562e+00
 1.17177999e+00
 1.16219384e+00
 1.15189019e+00
 1.14097770e+00
 1.12965988e+00
 1.11815174e+00
 1.10667276e+00
 1.09540302e+00
 1.08444207e+00
 1.07383779e+00
 1.06368198e+00
 1.05410492e+00
 1.04518303e+00
 1.03694982e+00
 1.02944662e+00
 1.02272234e+00
 1.01681110e+00
 1.01174023e+00
 1.00754287e+00
 1.00425226e+00
 1.00189183e+00
 1.00047313e+00
 1.00000000e+00
 1.21102040e+00
 1.21111374e+00
 1.21086300e+00
 1.20938646e+00
 1.20636524e+00
 1.20200084e+00
 1.19660205e+00
 1.19038802e+00
 1.18344647e+00
 1.17572942e+00
 1.16718821e+00
 1.15788508e+00
 1.14779368e+00
 1.13700280e+00
 1.12582302e+00
 1.11446744e+00
 1.10320639e+00
 1.09224779e+00
 1.08166202e+00
 1.07139430e+00
 1.06152424e+00
 1.05227179e+00
 1.04370211e+00
 1.03578885e+00
 1.02855952e+00
 1.02209320e+00
 1.01641361e+00
 1.01151522e+00
 1.00742500e+00
 1.00419450e+00
 1.00186768e+00
 1.00046719e+00
 1.00000000e+00
 1.21102974e+00
 1.21049403e+00
 1.20884568e+00
 1.20599998e+00
 1.20198835e+00
 1.19704821e+00
 1.19145729e+00
 1.18536926e+00
 1.17878812e+00
 1.17143360e+00
 1.16311125e+00
 1.15412947e+00
 1.14423230e+00
 1.13343321e+00
 1.12236871e+00
 1.11108520e+00
 1.09999606e+00
 1.08933168e+00
 1.07916404e+00
 1.06921389e+00
 1.05952692e+00
 1.05057765e+00
 1.04238022e+00
 1.03478129e+00
 1.02776710e+00
 1.02155200e+00
 1.01614795e+00
 1.01144826e+00
 1.00744747e+00
 1.00422983e+00
 1.00188770e+00
 1.00047243e+00
 1.00000000e+00
 1.21364573e+00
 1.21222063e+00
 1.20845827e+00
 1.20340376e+00
 1.19787549e+00
 1.19226928e+00
 1.18660766e+00
 1.18075288e+00
 1.17474900e+00
 1.16787074e+00
 1.15951635e+00
 1.15100343e+00
 1.14131036e+00
 1.13024776e+00
 1.11939305e+00
 1.10803797e+00
 1.09709975e+00
 1.08667816e+00
 1.07702041e+00
 1.06737755e+00
 1.05768033e+00
 1.04903625e+00
 1.04124625e+00
 1.03398490e+00
 1.02703040e+00
 1.02105116e+00
 1.01602815e+00
 1.01160478e+00
 1.00769641e+00
 1.00442592e+00
 1.00198627e+00
 1.00049770e+00
 1.00000000e+00
 1.20811759e+00
 1.20688529e+00
 1.20342323e+00
 1.19839083e+00
 1.19276499e+00
 1.18738690e+00
 1.18215454e+00
 1.17653555e+00
 1.17141993e+00
 1.16528124e+00
 1.15623614e+00
 1.14858848e+00
 1.13914580e+00
 1.12734389e+00
 1.11705111e+00
 1.10532409e+00
 1.09461635e+00
 1.08429307e+00
 1.07529746e+00
 1.06597768e+00
 1.05594702e+00
 1.04768815e+00
 1.04029782e+00
 1.03351130e+00
 1.02626485e+00
 1.02051892e+00
 1.01604897e+00
 1.01202660e+00
 1.00826867e+00
 1.00487782e+00
 1.00221674e+00
 1.00055624e+00
 1.00000000e+00
 1.20164825e+00
 1.20062466e+00
 1.19747811e+00
 1.19256699e+00
 1.18725322e+00
 1.18283310e+00
 1.17855710e+00
 1.17272316e+00
 1.16882247e+00
 1.16394962e+00
 1.15301596e+00
 1.14696795e+00
 1.13782007e+00
 1.12459201e+00
 1.11553015e+00
 1.10290972e+00
 1.09268901e+00
 1.08218323e+00
 1.07403296e+00
 1.06508640e+00
 1.05428818e+00
 1.04663070e+00
 1.03946233e+00
 1.03351819e+00
 1.02534959e+00
 1.01993292e+00
 1.01617748e+00
 1.01265971e+00
 1.00919518e+00
 1.00567124e+00
 1.00264438e+00
 1.00066493e+00
 1.00000000e+00
 1.19762448e+00
 1.19638590e+00
 1.19261196e+00
 1.18716760e+00
 1.18218619e+00
 1.17916448e+00
 1.17629502e+00
 1.16939965e+00
 1.16690536e+00
 1.16392550e+00
 1.14981189e+00
 1.14614695e+00
 1.13726407e+00
 1.12203208e+00
 1.11488719e+00
 1.10082498e+00
 1.09143070e+00
 1.08041774e+00
 1.07321309e+00
 1.06468756e+00
 1.05275203e+00
 1.04597782e+00
 1.03864932e+00
 1.03406280e+00
 1.02423849e+00
 1.01939568e+00
 1.01634448e+00
 1.01332625e+00
 1.01031607e+00
 1.00676207e+00
 1.00329731e+00
 1.00083419e+00
 1.00000000e+00
 1.19598170e+00
 1.19425214e+00
 1.18930376e+00
 1.18316725e+00
 1.17854149e+00
 1.17678360e+00
 1.17536395e+00
 1.16694632e+00
 1.16566945e+00
 1.16463787e+00
 1.14718267e+00
 1.14591841e+00
 1.13718941e+00
 1.12006704e+00
 1.11485199e+00
 1.09930510e+00
 1.09080334e+00
 1.07918575e+00
 1.07277312e+00
 1.06461896e+00
 1.05157671e+00
 1.04571836e+00
 1.03794053e+00
 1.03483921e+00
 1.02318369e+00
 1.01905755e+00
 1.01646653e+00
 1.01381731e+00
 1.01125263e+00
 1.00780650e+00
 1.00401557e+00
 1.00105519e+00
 1.00000000e+00
 1.19561800e+00
 1.19346582e+00
 1.18797520e+00
 1.18162467e+00
 1.17719953e+00
 1.17595023e+00
 1.17518377e+00
 1.16601135e+00
 1.16523073e+00
 1.16505752e+00
 1.14612954e+00
 1.14590903e+00
 1.13722274e+00
 1.11930985e+00
 1.11492745e+00
 1.09873241e+00
 1.09062961e+00
 1.07873525e+00
 1.07263746e+00
 1.06463689e+00
 1.05112339e+00
 1.04567215e+00
 1.03764080e+00
 1.03521582e+00
 1.02272851e+00
 1.01895402e+00
 1.01650649e+00
 1.01399604e+00
 1.01161610e+00
 1.00825014e+00
 1.00434967e+00
 1.00120415e+00
 1.00000000e+00
