 1.57814600e+00
 1.57765872e+00
 1.57603046e+00
 1.57291334e+00
 1.56821257e+00
 1.56274754e+00
 1.55877172e+00
 1.55769003e+00
 1.55488402e+00
 1.55161277e+00
 1.54063624e+00
 1.52965502e+00
 1.52298878e+00
 1.51585190e+00
 1.51235608e+00
 1.47904693e+00
 1.47547204e+00
 1.47165962e+00
 1.45535800e+00
 1.44409554e+00
 1.43216107e+00
 1.41739459e+00
 1.39959975e+00
 1.39679616e+00
 1.38365895e+00
 1.37417506e+00
 1.37218982e+00
 1.36546545e+00
 1.36409197e+00
 1.35944442e+00
 1.35065158e+00
 1.34211199e+00
 1.33861000e+00
 1.57843709e+00
 1.57799974e+00
 1.57643844e+00
 1.57341066e+00
 1.56883290e+00
 1.56351106e+00
 1.55951273e+00
 1.55805198e+00
 1.55518008e+00
 1.55159258e+00
 1.54096568e+00
 1.53021083e+00
 1.52329203e+00
 1.51622834e+00
 1.51165791e+00
 1.48042224e+00
 1.47585579e+00
 1.47155681e+00
 1.45575184e+00
 1.44430553e+00
 1.43230509e+00
 1.41756335e+00
 1.40047418e+00
 1.39662821e+00
 1.38403283e+00
 1.37468811e+00
 1.37193313e+00
 1.36554801e+00
 1.36324249e+00
 1.35815406e+00
 1.34973074e+00
 1.34233019e+00
 1.33965089e+00
 1.57968145e+00
 1.57928284e+00
 1.57781036e+00
 1.57493632e+00
 1.57063442e+00
 1.56563987e+00
 1.56154808e+00
 1.55918714e+00
 1.55602785e+00
 1.55169960e+00
 1.54192648e+00
 1.53173655e+00
 1.52424932e+00
 1.51716363e+00
 1.51015657e+00
 1.48394105e+00
 1.47705870e+00
 1.47142399e+00
 1.45681782e+00
 1.44495467e+00
 1.43275571e+00
 1.41818223e+00
 1.40269415e+00
 1.39646172e+00
 1.38503165e+00
 1.37595326e+00
 1.37147247e+00
 1.36545041e+00
 1.36116497e+00
 1.35524534e+00
 1.34813815e+00
 1.34316797e+00
 1.34158809e+00
 1.58262657e+00
 1.58211231e+00
 1.58046534e+00
 1.57755134e+00
 1.57344400e+00
 1.56873827e+00
 1.56446698e+00
 1.56112163e+00
 1.55738507e+00
 1.55227708e+00
 1.54345320e+00
 1.53392808e+00
 1.52588414e+00
 1.51835225e+00
 1.50904182e+00
 1.48833639e+00
 1.47910298e+00
 1.47165888e+00
 1.45832174e+00
 1.44606342e+00
 1.43358363e+00
 1.41941373e+00
 1.40546964e+00
 1.39689369e+00
 1.38641469e+00
 1.37747123e+00
 1.37125193e+00
 1.36484635e+00
 1.35876516e+00
 1.35222504e+00
 1.34634760e+00
 1.34282810e+00
 1.34176092e+00
 1.58734643e+00
 1.58659571e+00
 1.58442063e+00
 1.58108589e+00
 1.57692251e+00
 1.57234310e+00
 1.56786588e+00
 1.56372375e+00
 1.55927262e+00
 1.55356611e+00
 1.54547411e+00
 1.53651786e+00
 1.52807111e+00
 1.51975056e+00
 1.50910612e+00
 1.49263826e+00
 1.48182172e+00
 1.47260033e+00
 1.46010629e+00
 1.44760986e+00
 1.43488471e+00
 1.42123977e+00
 1.40827849e+00
 1.39815913e+00
 1.38802731e+00
 1.37896697e+00
 1.37141366e+00
 1.36412974e+00
 1.35687790e+00
 1.34979180e+00
 1.34380941e+00
 1.33993049e+00
 1.33860566e+00
 1.59164478e+00
 1.59066190e+00
 1.58807466e+00
 1.58453514e+00
 1.58044556e+00
 1.57601239e+00
 1.57142617e+00
 1.56676123e+00
 1.56169188e+00
 1.55558754e+00
 1.54792133e+00
 1.53934782e+00
 1.53062215e+00
 1.52152433e+00
 1.51042188e+00
 1.49653072e+00
 1.48493040e+00
 1.47433229e+00
 1.46215084e+00
 1.44954340e+00
 1.43668843e+00
 1.42349373e+00
 1.41100050e+00
 1.40007475e+00
 1.38983265e+00
 1.38046111e+00
 1.37201694e+00
 1.36400906e+00
 1.35623467e+00
 1.34881156e+00
 1.34221732e+00
 1.33739073e+00
 1.33557106e+00
 1.59078918e+00
 1.59037583e+00
 1.58903159e+00
 1.58666323e+00
 1.58338380e+00
 1.57940697e+00
 1.57492167e+00
 1.57001172e+00
 1.56454518e+00
 1.55819546e+00
 1.55071426e+00
 1.54233751e+00
 1.53341041e+00
 1.52378130e+00
 1.51265769e+00
 1.50009651e+00
 1.48819289e+00
 1.47670543e+00
 1.46448282e+00
 1.45180793e+00
 1.43891887e+00
 1.42600572e+00
 1.41368179e+00
 1.40235284e+00
 1.39182975e+00
 1.38210693e+00
 1.37317897e+00
 1.36497145e+00
 1.35759801e+00
 1.35136657e+00
 1.34663676e+00
 1.34369296e+00
 1.34269575e+00
 1.59137646e+00
 1.59109474e+00
 1.59020153e+00
 1.58855043e+00
 1.58599550e+00
 1.58253055e+00
 1.57826929e+00
 1.57331681e+00
 1.56766243e+00
 1.56117668e+00
 1.55374621e+00
 1.54543537e+00
 1.53636928e+00
 1.52646343e+00
 1.51543485e+00
 1.50348516e+00
 1.49147835e+00
 1.47948110e+00
 1.46708204e+00
 1.45433434e+00
 1.44144129e+00
 1.42865710e+00
 1.41635920e+00
 1.40479788e+00
 1.39400304e+00
 1.38400210e+00
 1.37486192e+00
 1.36673434e+00
 1.35994311e+00
 1.35492708e+00
 1.35195188e+00
 1.35072238e+00
 1.35046095e+00
 1.59386805e+00
 1.59364490e+00
 1.59286844e+00
 1.59133939e+00
 1.58893590e+00
 1.58564386e+00
 1.58150919e+00
 1.57658167e+00
 1.57086791e+00
 1.56432122e+00
 1.55689052e+00
 1.54858239e+00
 1.53943162e+00
 1.52940956e+00
 1.51846342e+00
 1.50676906e+00
 1.49471743e+00
 1.48244094e+00
 1.46986019e+00
 1.45702741e+00
 1.44411601e+00
 1.43136084e+00
 1.41902597e+00
 1.40730738e+00
 1.39630985e+00
 1.38611935e+00
 1.37684894e+00
 1.36864882e+00
 1.36166338e+00
 1.35594726e+00
 1.35149827e+00
 1.34850155e+00
 1.34741161e+00
 1.59908193e+00
 1.59855513e+00
 1.59709650e+00
 1.59492721e+00
 1.59215508e+00
 1.58874686e+00
 1.58462284e+00
 1.57972338e+00
 1.57401084e+00
 1.56745112e+00
 1.56001518e+00
 1.55169534e+00
 1.54250098e+00
 1.53243824e+00
 1.52153814e+00
 1.50993725e+00
 1.49785038e+00
 1.48541569e+00
 1.47269072e+00
 1.45977020e+00
 1.44681707e+00
 1.43403726e+00
 1.42164357e+00
 1.40981412e+00
 1.39868545e+00
 1.38837902e+00
 1.37902310e+00
 1.37075546e+00
 1.36371601e+00
 1.35805538e+00
 1.35394279e+00
 1.35149412e+00
 1.35069273e+00
 1.59991473e+00
 1.59962995e+00
 1.59872240e+00
 1.59709375e+00
 1.59468504e+00
 1.59148011e+00
 1.58747014e+00
 1.58263845e+00
 1.57696332e+00
 1.57042161e+00
 1.56299355e+00
 1.55467074e+00
 1.54546028e+00
 1.53538622e+00
 1.52450497e+00
 1.51292821e+00
 1.50080573e+00
 1.48827254e+00
 1.47544095e+00
 1.46243893e+00
 1.44942995e+00
 1.43660304e+00
 1.42415051e+00
 1.41224809e+00
 1.40105045e+00
 1.39069867e+00
 1.38132869e+00
 1.37308067e+00
 1.36611090e+00
 1.36058139e+00
 1.35660691e+00
 1.35422269e+00
 1.35342783e+00
 1.60205828e+00
 1.60177245e+00
 1.60088646e+00
 1.59933071e+00
 1.59703051e+00
 1.59393296e+00
 1.59000956e+00
 1.58524380e+00
 1.57961883e+00
 1.57311405e+00
 1.56571042e+00
 1.55739946e+00
 1.54819046e+00
 1.53811590e+00
 1.52723886e+00
 1.51565859e+00
 1.50350111e+00
 1.49089958e+00
 1.47798860e+00
 1.46491539e+00
 1.45184768e+00
 1.43896890e+00
 1.42646624e+00
 1.41452059e+00
 1.40330257e+00
 1.39297104e+00
 1.38366549e+00
 1.37548949e+00
 1.36850262e+00
 1.36275819e+00
 1.35838506e+00
 1.35561082e+00
 1.35465665e+00
 1.60485134e+00
 1.60449323e+00
 1.60343781e+00
 1.60170637e+00
 1.59928090e+00
 1.59612032e+00
 1.59218913e+00
 1.58745574e+00
 1.58188256e+00
 1.57542969e+00
 1.56806650e+00
 1.55978095e+00
 1.55058427e+00
 1.54051364e+00
 1.52963458e+00
 1.51804133e+00
 1.50585174e+00
 1.49319886e+00
 1.48022697e+00
 1.46709359e+00
 1.45397098e+00
 1.44104273e+00
 1.42849718e+00
 1.41652184e+00
 1.40530156e+00
 1.39502016e+00
 1.38586321e+00
 1.37801357e+00
 1.37162326e+00
 1.36675708e+00
 1.36336311e+00
 1.36134618e+00
 1.36067168e+00
 1.60681617e+00
 1.60648363e+00
 1.60543471e+00
 1.60360407e+00
 1.60101865e+00
 1.59775041e+00
 1.59381415e+00
 1.58914891e+00
 1.58366589e+00
 1.57729188e+00
 1.56998476e+00
 1.56173326e+00
 1.55255363e+00
 1.54248806e+00
 1.53160457e+00
 1.51999633e+00
 1.50777891e+00
 1.49508600e+00
 1.48206646e+00
 1.46888319e+00
 1.45571187e+00
 1.44273772e+00
 1.43015062e+00
 1.41814023e+00
 1.40689161e+00
 1.39658246e+00
 1.38738423e+00
 1.37947263e+00
 1.37304422e+00
 1.36829727e+00
 1.36530514e+00
 1.36383749e+00
 1.36343207e+00
 1.60831213e+00
 1.60768558e+00
 1.60603548e+00
 1.60380177e+00
 1.60122503e+00
 1.59823961e+00
 1.59463963e+00
 1.59024181e+00
 1.58493521e+00
 1.57866666e+00
 1.57141881e+00
 1.56319826e+00
 1.55403223e+00
 1.54396902e+00
 1.53307935e+00
 1.52145676e+00
 1.50921634e+00
 1.49649239e+00
 1.48343587e+00
 1.47021223e+00
 1.45699900e+00
 1.44398238e+00
 1.43135276e+00
 1.41929909e+00
 1.40800097e+00
 1.39761558e+00
 1.38825493e+00
 1.37995261e+00
 1.37264278e+00
 1.36622705e+00
 1.36081027e+00
 1.35695987e+00
 1.35553190e+00
 1.59839826e+00
 1.59879875e+00
 1.59964017e+00
 1.60014873e+00
 1.59968497e+00
 1.59798427e+00
 1.59504743e+00
 1.59095780e+00
 1.58578633e+00
 1.57957540e+00
 1.57235129e+00
 1.56413917e+00
 1.55497379e+00
 1.54490630e+00
 1.53400816e+00
 1.52237265e+00
 1.51011440e+00
 1.49736771e+00
 1.48428406e+00
 1.47102961e+00
 1.45778211e+00
 1.44472753e+00
 1.43205601e+00
 1.41995759e+00
 1.40861805e+00
 1.39821700e+00
 1.38893313e+00
 1.38096420e+00
 1.37455394e+00
 1.36996105e+00
 1.36726873e+00
 1.36612759e+00
 1.36586727e+00
 1.60672976e+00
 1.60640784e+00
 1.60549520e+00
 1.60406575e+00
 1.60209126e+00
 1.59944557e+00
 1.59599092e+00
 1.59163277e+00
 1.58632124e+00
 1.58003439e+00
 1.57276725e+00
 1.56452944e+00
 1.55534747e+00
 1.54526783e+00
 1.53435915e+00
 1.52271292e+00
 1.51044261e+00
 1.49768176e+00
 1.48458133e+00
 1.47130676e+00
 1.45803464e+00
 1.44494916e+00
 1.43223839e+00
 1.42009076e+00
 1.40869222e+00
 1.39822431e+00
 1.38885984e+00
 1.38074428e+00
 1.37395009e+00
 1.36844162e+00
 1.36417120e+00
 1.36131223e+00
 1.36027937e+00
 1.61262079e+00
 1.61198022e+00
 1.61019987e+00
 1.60759835e+00
 1.60445310e+00
 1.60085816e+00
 1.59674176e+00
 1.59196653e+00
 1.58640729e+00
 1.57997770e+00
 1.57262913e+00
 1.56434463e+00
 1.55513532e+00
 1.54503910e+00
 1.53411989e+00
 1.52246653e+00
 1.51019091e+00
 1.49742542e+00
 1.48431981e+00
 1.47103795e+00
 1.45775421e+00
 1.44464977e+00
 1.43190863e+00
 1.41971349e+00
 1.40824132e+00
 1.39765765e+00
 1.38811075e+00
 1.37973731e+00
 1.37269916e+00
 1.36722337e+00
 1.36351910e+00
 1.36154152e+00
 1.36095413e+00
 1.60858422e+00
 1.60837059e+00
 1.60762514e+00
 1.60613458e+00
 1.60375735e+00
 1.60049037e+00
 1.59639733e+00
 1.59151729e+00
 1.58583655e+00
 1.57931101e+00
 1.57189712e+00
 1.56357102e+00
 1.55433619e+00
 1.54422510e+00
 1.53329842e+00
 1.52164315e+00
 1.50937006e+00
 1.49661048e+00
 1.48351281e+00
 1.47023889e+00
 1.45696051e+00
 1.44385560e+00
 1.43110402e+00
 1.41888335e+00
 1.40736549e+00
 1.39671417e+00
 1.38707968e+00
 1.37857799e+00
 1.37124519e+00
 1.36502434e+00
 1.35993109e+00
 1.35636076e+00
 1.35503927e+00
 1.60901798e+00
 1.60861010e+00
 1.60740330e+00
 1.60543413e+00
 1.60273377e+00
 1.59931439e+00
 1.59516722e+00
 1.59026376e+00
 1.58456039e+00
 1.57800896e+00
 1.57056992e+00
 1.56222294e+00
 1.55297309e+00
 1.54285331e+00
 1.53192439e+00
 1.52027343e+00
 1.50801121e+00
 1.49526874e+00
 1.48219321e+00
 1.46894431e+00
 1.45569118e+00
 1.44260927e+00
 1.42987599e+00
 1.41766592e+00
 1.40614767e+00
 1.39548636e+00
 1.38585998e+00
 1.37750176e+00
 1.37075586e+00
 1.36603837e+00
 1.36353019e+00
 1.36274333e+00
 1.36266545e+00
 1.60772641e+00
 1.60719563e+00
 1.60570005e+00
 1.60344733e+00
 1.60059635e+00
 1.59717316e+00
 1.59310397e+00
 1.58828931e+00
 1.58264856e+00
 1.57612857e+00
 1.56869922e+00
 1.56035107e+00
 1.55109706e+00
 1.54097511e+00
 1.53004917e+00
 1.51840834e+00
 1.50616481e+00
 1.49345040e+00
 1.48041159e+00
 1.46720543e+00
 1.45399796e+00
 1.44096319e+00
 1.42827901e+00
 1.41612060e+00
 1.40465338e+00
 1.39402400e+00
 1.38433971e+00
 1.37562482e+00
 1.36777274e+00
 1.36061001e+00
 1.35424047e+00
 1.34948834e+00
 1.34767603e+00
 1.60061363e+00
 1.60044365e+00
 1.59986540e+00
 1.59871344e+00
 1.59681395e+00
 1.59405277e+00
 1.59038081e+00
 1.58578296e+00
 1.58025300e+00
 1.57378572e+00
 1.56637860e+00
 1.55803753e+00
 1.54878448e+00
 1.53866383e+00
 1.52774422e+00
 1.51611760e+00
 1.50389864e+00
 1.49122183e+00
 1.47823415e+00
 1.46508848e+00
 1.45194507e+00
 1.43897675e+00
 1.42636599e+00
 1.41429487e+00
 1.40293830e+00
 1.39246505e+00
 1.38304768e+00
 1.37488668e+00
 1.36824810e+00
 1.36344929e+00
 1.36065148e+00
 1.35951789e+00
 1.35928339e+00
 1.59643573e+00
 1.59639439e+00
 1.59612564e+00
 1.59531606e+00
 1.59369557e+00
 1.59112875e+00
 1.58757994e+00
 1.58305399e+00
 1.57756341e+00
 1.57111742e+00
 1.56372151e+00
 1.55538437e+00
 1.54613052e+00
 1.53601035e+00
 1.52509817e+00
 1.51348744e+00
 1.50129532e+00
 1.48866261e+00
 1.47574046e+00
 1.46267431e+00
 1.44961023e+00
 1.43671795e+00
 1.42419029e+00
 1.41222080e+00
 1.40099039e+00
 1.39067298e+00
 1.38144890e+00
 1.37350884e+00
 1.36702141e+00
 1.36205225e+00
 1.35852447e+00
 1.35635457e+00
 1.35560595e+00
 1.59777991e+00
 1.59732587e+00
 1.59606690e+00
 1.59418839e+00
 1.59176196e+00
 1.58871079e+00
 1.58490722e+00
 1.58025562e+00
 1.57470767e+00
 1.56824172e+00
 1.56084324e+00
 1.55250429e+00
 1.54324238e+00
 1.53311742e+00
 1.52221348e+00
 1.51061843e+00
 1.49844978e+00
 1.48586138e+00
 1.47301968e+00
 1.46005881e+00
 1.44708746e+00
 1.43426663e+00
 1.42181375e+00
 1.40994300e+00
 1.39883113e+00
 1.38862340e+00
 1.37944167e+00
 1.37136852e+00
 1.36443423e+00
 1.35867359e+00
 1.35424431e+00
 1.35143058e+00
 1.35046739e+00
 1.59516209e+00
 1.59479988e+00
 1.59371623e+00
 1.59191937e+00
 1.58941232e+00
 1.58617745e+00
 1.58217889e+00
 1.57737903e+00
 1.57174745e+00
 1.56525419e+00
 1.55785835e+00
 1.54951854e+00
 1.54023408e+00
 1.53009236e+00
 1.51920389e+00
 1.50762364e+00
 1.49546742e+00
 1.48291068e+00
 1.47016360e+00
 1.45735391e+00
 1.44449014e+00
 1.43171463e+00
 1.41930634e+00
 1.40752581e+00
 1.39654312e+00
 1.38646909e+00
 1.37740825e+00
 1.36947418e+00
 1.36278298e+00
 1.35742888e+00
 1.35346622e+00
 1.35096968e+00
 1.35010222e+00
 1.59191622e+00
 1.59167418e+00
 1.59085704e+00
 1.58928288e+00
 1.58683392e+00
 1.58350904e+00
 1.57936275e+00
 1.57443593e+00
 1.56873945e+00
 1.56224867e+00
 1.55488702e+00
 1.54655979e+00
 1.53722265e+00
 1.52703513e+00
 1.51619550e+00
 1.50462463e+00
 1.49246436e+00
 1.47990361e+00
 1.46725270e+00
 1.45469111e+00
 1.44195259e+00
 1.42916135e+00
 1.41673630e+00
 1.40503456e+00
 1.39421171e+00
 1.38430951e+00
 1.37540541e+00
 1.36763511e+00
 1.36119935e+00
 1.35631990e+00
 1.35312804e+00
 1.35149841e+00
 1.35103675e+00
 1.59100187e+00
 1.59060409e+00
 1.58939878e+00
 1.58735981e+00
 1.58449438e+00
 1.58086892e+00
 1.57653092e+00
 1.57148746e+00
 1.56575923e+00
 1.55932950e+00
 1.55205483e+00
 1.54377356e+00
 1.53432916e+00
 1.52401549e+00
 1.51333934e+00
 1.50173758e+00
 1.48957015e+00
 1.47693927e+00
 1.46432999e+00
 1.45223292e+00
 1.43962174e+00
 1.42670788e+00
 1.41416163e+00
 1.40252628e+00
 1.39192472e+00
 1.38223183e+00
 1.37348752e+00
 1.36575242e+00
 1.35916575e+00
 1.35389968e+00
 1.35000312e+00
 1.34750283e+00
 1.34661303e+00
 1.59042684e+00
 1.58985780e+00
 1.58816492e+00
 1.58547973e+00
 1.58208740e+00
 1.57821309e+00
 1.57376450e+00
 1.56862330e+00
 1.56289676e+00
 1.55661317e+00
 1.54948053e+00
 1.54130612e+00
 1.53169584e+00
 1.52103319e+00
 1.51084514e+00
 1.49903848e+00
 1.48693060e+00
 1.47414687e+00
 1.46136223e+00
 1.45019908e+00
 1.43761962e+00
 1.42445904e+00
 1.41162968e+00
 1.40005012e+00
 1.38979671e+00
 1.38032204e+00
 1.37181537e+00
 1.36415002e+00
 1.35728529e+00
 1.35158776e+00
 1.34749050e+00
 1.34515571e+00
 1.34442737e+00
 1.58961791e+00
 1.58875019e+00
 1.58633205e+00
 1.58293117e+00
 1.57927893e+00
 1.57561492e+00
 1.57124407e+00
 1.56595495e+00
 1.56025216e+00
 1.55422483e+00
 1.54726320e+00
 1.53926237e+00
 1.52952335e+00
 1.51798240e+00
 1.50901626e+00
 1.49651862e+00
 1.48470127e+00
 1.47171882e+00
 1.45822123e+00
 1.44888795e+00
 1.43596616e+00
 1.42254440e+00
 1.40918833e+00
 1.39765080e+00
 1.38800392e+00
 1.37858993e+00
 1.37050034e+00
 1.36320408e+00
 1.35609931e+00
 1.34966778e+00
 1.34478112e+00
 1.34186759e+00
 1.34091145e+00
 1.58735471e+00
 1.58622332e+00
 1.58316370e+00
 1.57931970e+00
 1.57610456e+00
 1.57346143e+00
 1.56922612e+00
 1.56358763e+00
 1.55794698e+00
 1.55227961e+00
 1.54548829e+00
 1.53764925e+00
 1.52806881e+00
 1.51472000e+00
 1.50818262e+00
 1.49410412e+00
 1.48301688e+00
 1.46989457e+00
 1.45478561e+00
 1.44859635e+00
 1.43453220e+00
 1.42113135e+00
 1.40691393e+00
 1.39538322e+00
 1.38679483e+00
 1.37693601e+00
 1.36951359e+00
 1.36306068e+00
 1.35593354e+00
 1.34845140e+00
 1.34207428e+00
 1.33808414e+00
 1.33678283e+00
 1.58413848e+00
 1.58271957e+00
 1.57900730e+00
 1.57503410e+00
 1.57304336e+00
 1.57222148e+00
 1.56785679e+00
 1.56163290e+00
 1.55614001e+00
 1.55085065e+00
 1.54423357e+00
 1.53639890e+00
 1.52748041e+00
 1.51135713e+00
 1.50841317e+00
 1.49182942e+00
 1.48193282e+00
 1.46882587e+00
 1.45124211e+00
 1.44932569e+00
 1.43317867e+00
 1.42034183e+00
 1.40496060e+00
 1.39336994e+00
 1.38634751e+00
 1.37529127e+00
 1.36880025e+00
 1.36352935e+00
 1.35681511e+00
 1.34852706e+00
 1.34046911e+00
 1.33495241e+00
 1.33305312e+00
 1.58135020e+00
 1.57956512e+00
 1.57519670e+00
 1.57135620e+00
 1.57079757e+00
 1.57190821e+00
 1.56709029e+00
 1.56028484e+00
 1.55499277e+00
 1.54997140e+00
 1.54352500e+00
 1.53552443e+00
 1.52752560e+00
 1.50859161e+00
 1.50919038e+00
 1.49005490e+00
 1.48138169e+00
 1.46840559e+00
 1.44836214e+00
 1.45046375e+00
 1.43204983e+00
 1.42008225e+00
 1.40359020e+00
 1.39189047e+00
 1.38647603e+00
 1.37389638e+00
 1.36837044e+00
 1.36410295e+00
 1.35799503e+00
 1.34932155e+00
 1.33996527e+00
 1.33296076e+00
 1.33049307e+00
 1.58025500e+00
 1.57821657e+00
 1.57358646e+00
 1.56988329e+00
 1.56996702e+00
 1.57193758e+00
 1.56684172e+00
 1.55979470e+00
 1.55460200e+00
 1.54967206e+00
 1.54330476e+00
 1.53519452e+00
 1.52764553e+00
 1.50748957e+00
 1.50960700e+00
 1.48936336e+00
 1.48122270e+00
 1.46832372e+00
 1.44722560e+00
 1.45101328e+00
 1.43158701e+00
 1.42005414e+00
 1.40309023e+00
 1.39133165e+00
 1.38662826e+00
 1.37332058e+00
 1.36823347e+00
 1.36434673e+00
 1.35854446e+00
 1.34980776e+00
 1.34007030e+00
 1.33245666e+00
 1.32958500e+00
