 5.73320000e-02
 7.25012137e-02
 8.94150028e-02
 5.79946289e-02
 -3.20341957e-03
 5.21293901e-02
 4.37148373e-02
 8.83934267e-02
 5.81072002e-02
 6.30285256e-03
 7.42894022e-02
 -1.57464976e-02
 7.98486279e-02
 7.77830220e-02
 3.00126342e-02
 1.62348812e-02
 1.80370000e-02
 5.41213768e-02
 6.13589093e-02
 7.55354080e-02
 5.14206492e-02
 1.55395465e-03
 3.59822763e-02
 2.58372084e-02
 5.42303027e-02
 2.22364471e-02
 -2.14369169e-02
 3.19827663e-02
 -2.85007706e-02
 5.16736731e-02
 5.96060445e-02
 2.71554286e-02
 3.00837889e-02
 5.42149721e-02
 2.58235907e-02
 3.46136594e-02
 4.84164055e-02
 3.71604749e-02
 2.89459381e-03
 -5.24929844e-03
 -3.09986979e-02
 -4.20922811e-02
 -8.14928162e-02
 -1.11738987e-01
 -8.00909653e-02
 -8.28037244e-02
 -1.96044554e-02
 1.18657917e-02
 1.28435975e-02
 1.00427146e-02
 3.49639635e-03
 1.84975508e-02
 2.51170210e-02
 3.45847134e-02
 2.47475672e-02
 -1.25523238e-02
 -6.31233510e-02
 -1.26457419e-01
 -1.86408300e-01
 -2.43104636e-01
 -2.67809837e-01
 -2.39937416e-01
 -1.92670719e-01
 -1.16175942e-01
 -5.01442874e-02
 -7.01734518e-03
 1.71758367e-02
 2.48570909e-02
 5.36893103e-02
 5.34920938e-02
 4.70106670e-02
 1.99133974e-02
 -4.02908903e-02
 -1.33557449e-01
 -2.47883717e-01
 -3.59740066e-01
 -4.43523995e-01
 -4.70794005e-01
 -4.31000269e-01
 -3.42548089e-01
 -2.28006187e-01
 -1.16886678e-01
 -2.57919445e-02
 3.74725109e-02
 6.10013367e-02
 9.31726322e-02
 8.60801914e-02
 6.32602961e-02
 1.55094556e-02
 -7.26543798e-02
 -2.07323169e-01
 -3.72994355e-01
 -5.34332717e-01
 -6.48729292e-01
 -6.82043844e-01
 -6.25536875e-01
 -4.99702459e-01
 -3.40824691e-01
 -1.86727378e-01
 -6.50193879e-02
 9.87050132e-03
 3.46329344e-02
 5.27158838e-02
 5.28000254e-02
 4.25755978e-02
 -2.34022314e-03
 -1.04492346e-01
 -2.68897316e-01
 -4.73716961e-01
 -6.72961564e-01
 -8.12257993e-01
 -8.51088418e-01
 -7.80490646e-01
 -6.25108329e-01
 -4.29310959e-01
 -2.38873232e-01
 -8.82485060e-02
 4.32472610e-03
 3.48551527e-02
 2.49946946e-02
 2.89882897e-02
 2.60613782e-02
 -1.58639085e-02
 -1.23253435e-01
 -3.00582573e-01
 -5.22638550e-01
 -7.38407072e-01
 -8.88442171e-01
 -9.29290509e-01
 -8.51861568e-01
 -6.82822381e-01
 -4.69411457e-01
 -2.58880916e-01
 -8.53337997e-02
 2.96927633e-02
 7.04509214e-02
 6.64133269e-02
 6.22054597e-02
 4.32290465e-02
 -9.79414212e-03
 -1.19287459e-01
 -2.91434616e-01
 -5.04017539e-01
 -7.09374605e-01
 -8.51418230e-01
 -8.89215549e-01
 -8.14515842e-01
 -6.53132150e-01
 -4.50865081e-01
 -2.54645304e-01
 -9.96399472e-02
 -4.50636034e-03
 2.68144849e-02
 6.65523243e-02
 6.41527833e-02
 4.77133161e-02
 -1.49884134e-03
 -9.85058232e-02
 -2.45184069e-01
 -4.22737546e-01
 -5.92611929e-01
 -7.09263546e-01
 -7.39235224e-01
 -6.75897302e-01
 -5.41030801e-01
 -3.73165631e-01
 -2.11288803e-01
 -8.32012505e-02
 -2.96021179e-03
 2.42454033e-02
 8.43426102e-02
 7.62283492e-02
 5.18612839e-02
 6.16169617e-03
 -6.96151176e-02
 -1.76840491e-01
 -3.02845416e-01
 -4.21788124e-01
 -5.02796289e-01
 -5.22428551e-01
 -4.75592598e-01
 -3.77825100e-01
 -2.56818356e-01
 -1.40340612e-01
 -4.79766240e-02
 1.01158080e-02
 2.98236179e-02
 5.74255790e-02
 5.49315647e-02
 4.12872190e-02
 9.49743733e-03
 -4.03170128e-02
 -1.04684109e-01
 -1.76374868e-01
 -2.42641490e-01
 -2.88012583e-01
 -2.98469120e-01
 -2.68919034e-01
 -2.08696451e-01
 -1.34637990e-01
 -6.40406293e-02
 -9.31429226e-03
 2.35750816e-02
 3.42228086e-02
 8.68226403e-02
 7.42569827e-02
 4.63122667e-02
 1.56279552e-02
 -1.43812165e-02
 -4.28153467e-02
 -6.99937203e-02
 -9.34577184e-02
 -1.12265178e-01
 -1.18875360e-01
 -1.03216992e-01
 -7.29203881e-02
 -3.47136764e-02
 1.44379618e-03
 3.00510549e-02
 4.97173968e-02
 5.70153429e-02
 5.49753034e-02
 5.08458023e-02
 3.89149587e-02
 2.08837675e-02
 5.54127910e-03
 2.80414572e-03
 2.83271255e-03
 7.79247846e-03
 2.68015678e-03
 -9.85091966e-03
 4.22515467e-04
 9.52747006e-03
 2.92602623e-02
 4.56495190e-02
 5.28929565e-02
 5.63983858e-02
 5.78160125e-02
 4.12258783e-02
 4.59400136e-02
 4.83089669e-02
 3.15094649e-02
 1.75515904e-02
 3.43050226e-02
 4.17317473e-02
 6.37290383e-02
 6.29818525e-02
 3.07182976e-02
 5.15207570e-02
 3.95676564e-02
 6.13858574e-02
 7.35800762e-02
 6.77920272e-02
 5.80646583e-02
 5.08175975e-02
 7.17040161e-02
 7.59010628e-02
 7.89521794e-02
 4.32965550e-02
 2.01331417e-02
 5.56756597e-02
 5.56557296e-02
 8.79941726e-02
 8.93171895e-02
 2.82162159e-02
 7.45739845e-02
 3.53451164e-02
 7.52731197e-02
 9.04951650e-02
 7.93419485e-02
 7.74498419e-02
 7.85215014e-02
 7.64870000e-02
 8.99300806e-02
 9.61830266e-02
 4.75758177e-02
 1.91104352e-02
 6.41458102e-02
 5.79555228e-02
 9.41920784e-02
 9.68636437e-02
 2.05869385e-02
 8.23070897e-02
 2.78429346e-02
 7.96683531e-02
 9.63522778e-02
 8.26291220e-02
 8.33881777e-02
 8.73980000e-02
