 1.00000000e+00
 1.00076689e+00
 1.00289226e+00
 1.00592276e+00
 1.00933561e+00
 1.01285722e+00
 1.01679607e+00
 1.02185471e+00
 1.02840561e+00
 1.03165200e+00
 1.03916704e+00
 1.04706226e+00
 1.05954676e+00
 1.05959865e+00
 1.07537462e+00
 1.07782485e+00
 1.09390166e+00
 1.10728216e+00
 1.10898306e+00
 1.12138384e+00
 1.12907506e+00
 1.14096225e+00
 1.14686667e+00
 1.15266796e+00
 1.15929659e+00
 1.16639230e+00
 1.16798642e+00
 1.17608479e+00
 1.17909116e+00
 1.18007612e+00
 1.18090145e+00
 1.18170175e+00
 1.18204600e+00
 9.99999998e-01
 1.00073152e+00
 1.00274314e+00
 1.00573299e+00
 1.00913204e+00
 1.01272420e+00
 1.01669979e+00
 1.02178783e+00
 1.02810958e+00
 1.03172880e+00
 1.03904664e+00
 1.04708081e+00
 1.05892056e+00
 1.05996780e+00
 1.07477374e+00
 1.07808459e+00
 1.09355201e+00
 1.10660992e+00
 1.10904885e+00
 1.12095221e+00
 1.12891209e+00
 1.14038453e+00
 1.14651625e+00
 1.15235299e+00
 1.15898292e+00
 1.16576984e+00
 1.16798658e+00
 1.17531001e+00
 1.17839849e+00
 1.17943482e+00
 1.18022079e+00
 1.18079122e+00
 1.18099760e+00
 1.00000000e+00
 1.00063563e+00
 1.00243156e+00
 1.00525217e+00
 1.00861152e+00
 1.01233071e+00
 1.01642101e+00
 1.02152438e+00
 1.02738435e+00
 1.03181600e+00
 1.03875332e+00
 1.04697833e+00
 1.05737653e+00
 1.06070105e+00
 1.07329843e+00
 1.07858307e+00
 1.09256730e+00
 1.10480164e+00
 1.10902143e+00
 1.11978979e+00
 1.12829261e+00
 1.13880027e+00
 1.14542757e+00
 1.15140409e+00
 1.15796747e+00
 1.16414943e+00
 1.16757575e+00
 1.17332605e+00
 1.17640565e+00
 1.17753764e+00
 1.17807333e+00
 1.17818079e+00
 1.17817468e+00
 1.00000000e+00
 1.00054337e+00
 1.00212841e+00
 1.00469295e+00
 1.00795422e+00
 1.01173480e+00
 1.01596095e+00
 1.02099719e+00
 1.02650939e+00
 1.03167328e+00
 1.03835519e+00
 1.04650377e+00
 1.05554642e+00
 1.06109018e+00
 1.07156116e+00
 1.07875803e+00
 1.09107645e+00
 1.10230976e+00
 1.10845368e+00
 1.11812463e+00
 1.12698719e+00
 1.13649843e+00
 1.14356303e+00
 1.14977680e+00
 1.15616686e+00
 1.16189955e+00
 1.16616014e+00
 1.17065738e+00
 1.17347593e+00
 1.17463039e+00
 1.17486863e+00
 1.17464218e+00
 1.17448606e+00
 1.00000000e+00
 1.00047641e+00
 1.00189014e+00
 1.00421160e+00
 1.00730925e+00
 1.01104518e+00
 1.01532608e+00
 1.02025187e+00
 1.02561167e+00
 1.03120365e+00
 1.03778937e+00
 1.04560143e+00
 1.05379264e+00
 1.06073649e+00
 1.06988343e+00
 1.07822849e+00
 1.08917427e+00
 1.09951015e+00
 1.10705774e+00
 1.11603744e+00
 1.12490139e+00
 1.13367121e+00
 1.14096071e+00
 1.14740233e+00
 1.15360822e+00
 1.15912016e+00
 1.16366886e+00
 1.16755290e+00
 1.17015428e+00
 1.17138316e+00
 1.17162121e+00
 1.17140204e+00
 1.17125911e+00
 9.99999999e-01
 1.00042936e+00
 1.00171303e+00
 1.00383718e+00
 1.00674519e+00
 1.01035184e+00
 1.01457342e+00
 1.01938290e+00
 1.02467801e+00
 1.03043770e+00
 1.03695731e+00
 1.04437310e+00
 1.05211525e+00
 1.05966724e+00
 1.06819704e+00
 1.07693326e+00
 1.08689856e+00
 1.09654668e+00
 1.10482303e+00
 1.11346021e+00
 1.12209051e+00
 1.13036904e+00
 1.13769659e+00
 1.14426794e+00
 1.15035431e+00
 1.15576774e+00
 1.16037279e+00
 1.16413961e+00
 1.16691290e+00
 1.16869454e+00
 1.16962596e+00
 1.16994036e+00
 1.16998067e+00
 1.00000001e+00
 1.00039449e+00
 1.00157694e+00
 1.00354158e+00
 1.00626399e+00
 1.00969700e+00
 1.01377900e+00
 1.01845615e+00
 1.02367302e+00
 1.02943140e+00
 1.03583537e+00
 1.04291334e+00
 1.05038144e+00
 1.05806629e+00
 1.06630587e+00
 1.07498231e+00
 1.08425891e+00
 1.09339207e+00
 1.10188378e+00
 1.11031893e+00
 1.11864707e+00
 1.12657974e+00
 1.13383112e+00
 1.14042552e+00
 1.14644743e+00
 1.15182471e+00
 1.15648324e+00
 1.16040342e+00
 1.16363886e+00
 1.16635434e+00
 1.16867475e+00
 1.17041711e+00
 1.17109370e+00
 1.00000000e+00
 1.00036606e+00
 1.00146438e+00
 1.00329325e+00
 1.00584239e+00
 1.00908706e+00
 1.01298795e+00
 1.01750032e+00
 1.02258521e+00
 1.02823223e+00
 1.03446280e+00
 1.04125860e+00
 1.04848922e+00
 1.05607407e+00
 1.06408550e+00
 1.07250401e+00
 1.08125928e+00
 1.08997069e+00
 1.09837657e+00
 1.10660800e+00
 1.11463844e+00
 1.12228870e+00
 1.12940036e+00
 1.13594022e+00
 1.14191444e+00
 1.14728859e+00
 1.15202226e+00
 1.15609383e+00
 1.15950109e+00
 1.16224311e+00
 1.16428475e+00
 1.16555218e+00
 1.16598147e+00
 1.00000000e+00
 1.00034091e+00
 1.00136426e+00
 1.00307064e+00
 1.00545666e+00
 1.00851048e+00
 1.01220940e+00
 1.01652286e+00
 1.02142022e+00
 1.02688052e+00
 1.03289054e+00
 1.03941829e+00
 1.04639419e+00
 1.05376214e+00
 1.06150859e+00
 1.06959353e+00
 1.07790687e+00
 1.08622928e+00
 1.09439343e+00
 1.10237158e+00
 1.11011007e+00
 1.11749511e+00
 1.12442588e+00
 1.13085580e+00
 1.13676544e+00
 1.14213277e+00
 1.14693176e+00
 1.15112082e+00
 1.15460688e+00
 1.15723074e+00
 1.15886966e+00
 1.15962714e+00
 1.15981862e+00
 9.99999998e-01
 1.00031728e+00
 1.00127008e+00
 1.00286042e+00
 1.00508884e+00
 1.00795106e+00
 1.01143535e+00
 1.01552236e+00
 1.02018828e+00
 1.02540881e+00
 1.03115847e+00
 1.03740202e+00
 1.04408958e+00
 1.05117051e+00
 1.05860048e+00
 1.06631775e+00
 1.07421703e+00
 1.08215124e+00
 1.08999327e+00
 1.09766705e+00
 1.10510132e+00
 1.11221140e+00
 1.11892369e+00
 1.12519206e+00
 1.13099015e+00
 1.13629995e+00
 1.14110993e+00
 1.14542045e+00
 1.14925384e+00
 1.15264015e+00
 1.15551498e+00
 1.15757229e+00
 1.15833911e+00
 1.00000000e+00
 1.00029420e+00
 1.00117803e+00
 1.00265457e+00
 1.00472687e+00
 1.00739540e+00
 1.01065547e+00
 1.01449576e+00
 1.01889860e+00
 1.02384119e+00
 1.02929561e+00
 1.03522644e+00
 1.04158931e+00
 1.04833385e+00
 1.05540419e+00
 1.06272978e+00
 1.07021572e+00
 1.07774867e+00
 1.08522191e+00
 1.09254900e+00
 1.09965328e+00
 1.10646182e+00
 1.11291293e+00
 1.11896170e+00
 1.12457641e+00
 1.12973032e+00
 1.13439160e+00
 1.13851027e+00
 1.14200415e+00
 1.14475979e+00
 1.14667909e+00
 1.14775986e+00
 1.14809894e+00
 1.00000000e+00
 1.00027114e+00
 1.00108603e+00
 1.00244860e+00
 1.00436378e+00
 1.00683526e+00
 1.00986314e+00
 1.01344188e+00
 1.01755922e+00
 1.02219590e+00
 1.02732556e+00
 1.03291403e+00
 1.03891886e+00
 1.04528953e+00
 1.05196664e+00
 1.05887862e+00
 1.06593928e+00
 1.07305272e+00
 1.08012462e+00
 1.08706995e+00
 1.09381248e+00
 1.10028402e+00
 1.10642662e+00
 1.11219377e+00
 1.11754751e+00
 1.12245219e+00
 1.12686547e+00
 1.13072783e+00
 1.13395712e+00
 1.13646353e+00
 1.13819419e+00
 1.13917508e+00
 1.13948704e+00
 1.00000000e+00
 1.00024786e+00
 1.00099315e+00
 1.00224059e+00
 1.00399659e+00
 1.00626733e+00
 1.00905644e+00
 1.01236280e+00
 1.01617877e+00
 1.02048915e+00
 1.02527059e+00
 1.03049121e+00
 1.03611030e+00
 1.04207819e+00
 1.04833581e+00
 1.05481378e+00
 1.06143286e+00
 1.06810750e+00
 1.07475206e+00
 1.08128576e+00
 1.08763463e+00
 1.09373230e+00
 1.09952057e+00
 1.10494915e+00
 1.10997398e+00
 1.11455568e+00
 1.11866067e+00
 1.12226834e+00
 1.12538169e+00
 1.12801785e+00
 1.13014408e+00
 1.13159608e+00
 1.13212276e+00
 1.00000000e+00
 1.00022434e+00
 1.00089931e+00
 1.00203035e+00
 1.00362521e+00
 1.00569213e+00
 1.00823760e+00
 1.01126407e+00
 1.01476788e+00
 1.01873777e+00
 1.02315387e+00
 1.02798720e+00
 1.03319946e+00
 1.03874300e+00
 1.04456089e+00
 1.05058728e+00
 1.05674865e+00
 1.06296675e+00
 1.06916254e+00
 1.07525977e+00
 1.08118713e+00
 1.08687922e+00
 1.09227649e+00
 1.09732434e+00
 1.10197184e+00
 1.10617092e+00
 1.10987568e+00
 1.11303672e+00
 1.11558752e+00
 1.11744502e+00
 1.11857315e+00
 1.11908461e+00
 1.11921253e+00
 9.99999999e-01
 1.00020069e+00
 1.00080493e+00
 1.00181888e+00
 1.00325153e+00
 1.00511294e+00
 1.00741207e+00
 1.01015439e+00
 1.01333975e+00
 1.01696050e+00
 1.02100032e+00
 1.02543348e+00
 1.03022464e+00
 1.03532898e+00
 1.04069273e+00
 1.04625400e+00
 1.05194445e+00
 1.05769164e+00
 1.06342206e+00
 1.06906384e+00
 1.07454869e+00
 1.07981281e+00
 1.08479678e+00
 1.08944440e+00
 1.09370114e+00
 1.09751373e+00
 1.10083495e+00
 1.10364011e+00
 1.10595394e+00
 1.10785458e+00
 1.10939681e+00
 1.11048566e+00
 1.11089176e+00
 9.99999999e-01
 1.00017710e+00
 1.00071081e+00
 1.00160798e+00
 1.00287878e+00
 1.00453494e+00
 1.00658762e+00
 1.00904498e+00
 1.01190994e+00
 1.01517819e+00
 1.01883677e+00
 1.02286330e+00
 1.02722571e+00
 1.03188254e+00
 1.03678362e+00
 1.04187131e+00
 1.04708208e+00
 1.05234872e+00
 1.05760275e+00
 1.06277666e+00
 1.06780579e+00
 1.07262943e+00
 1.07719129e+00
 1.08143926e+00
 1.08532433e+00
 1.08879815e+00
 1.09180771e+00
 1.09428558e+00
 1.09614338e+00
 1.09729953e+00
 1.09777733e+00
 1.09781014e+00
 1.09775983e+00
 1.00000000e+00
 1.00015384e+00
 1.00061798e+00
 1.00139996e+00
 1.00251105e+00
 1.00396457e+00
 1.00577365e+00
 1.00794887e+00
 1.01049587e+00
 1.01341333e+00
 1.01669144e+00
 1.02031107e+00
 1.02424350e+00
 1.02845081e+00
 1.03288673e+00
 1.03749793e+00
 1.04222564e+00
 1.04700764e+00
 1.05178031e+00
 1.05648068e+00
 1.06104817e+00
 1.06542619e+00
 1.06956364e+00
 1.07341643e+00
 1.07694952e+00
 1.08013997e+00
 1.08298183e+00
 1.08549281e+00
 1.08771599e+00
 1.08969404e+00
 1.09139160e+00
 1.09261390e+00
 1.09307020e+00
 9.99999998e-01
 1.00013119e+00
 1.00052760e+00
 1.00119741e+00
 1.00215295e+00
 1.00340901e+00
 1.00498051e+00
 1.00688018e+00
 1.00911603e+00
 1.01168938e+00
 1.01459326e+00
 1.01781156e+00
 1.02131882e+00
 1.02508070e+00
 1.02905490e+00
 1.03319247e+00
 1.03743945e+00
 1.04173858e+00
 1.04603119e+00
 1.05025890e+00
 1.05436536e+00
 1.05829800e+00
 1.06200995e+00
 1.06546241e+00
 1.06862693e+00
 1.07148696e+00
 1.07403704e+00
 1.07627655e+00
 1.07819400e+00
 1.07974797e+00
 1.08087387e+00
 1.08153366e+00
 1.08174607e+00
 1.00000000e+00
 1.00010946e+00
 1.00044088e+00
 1.00100306e+00
 1.00180932e+00
 1.00287577e+00
 1.00421895e+00
 1.00585341e+00
 1.00778921e+00
 1.01002990e+00
 1.01257095e+00
 1.01539894e+00
 1.01849147e+00
 1.02181768e+00
 1.02533923e+00
 1.02901165e+00
 1.03278583e+00
 1.03660965e+00
 1.04042953e+00
 1.04419189e+00
 1.04784457e+00
 1.05133828e+00
 1.05462829e+00
 1.05767640e+00
 1.06045236e+00
 1.06293240e+00
 1.06509253e+00
 1.06689917e+00
 1.06831177e+00
 1.06931229e+00
 1.06993914e+00
 1.07027237e+00
 1.07037655e+00
 1.00000000e+00
 1.00008895e+00
 1.00035904e+00
 1.00081964e+00
 1.00148497e+00
 1.00237232e+00
 1.00349959e+00
 1.00488285e+00
 1.00653378e+00
 1.00845768e+00
 1.01065199e+00
 1.01310562e+00
 1.01579892e+00
 1.01870435e+00
 1.02178749e+00
 1.02500839e+00
 1.02832292e+00
 1.03168431e+00
 1.03504438e+00
 1.03835475e+00
 1.04156776e+00
 1.04463728e+00
 1.04751971e+00
 1.05017549e+00
 1.05257187e+00
 1.05468745e+00
 1.05651729e+00
 1.05807346e+00
 1.05937184e+00
 1.06040679e+00
 1.06114565e+00
 1.06156914e+00
 1.06170246e+00
 9.99999999e-01
 1.00006995e+00
 1.00028324e+00
 1.00064975e+00
 1.00118450e+00
 1.00190575e+00
 1.00283251e+00
 1.00398193e+00
 1.00536685e+00
 1.00699378e+00
 1.00886160e+00
 1.01096108e+00
 1.01327503e+00
 1.01577903e+00
 1.01844252e+00
 1.02123006e+00
 1.02410266e+00
 1.02701910e+00
 1.02993702e+00
 1.03281384e+00
 1.03560731e+00
 1.03827565e+00
 1.04077737e+00
 1.04307139e+00
 1.04511851e+00
 1.04688684e+00
 1.04836411e+00
 1.04957676e+00
 1.05060301e+00
 1.05154660e+00
 1.05244332e+00
 1.05315950e+00
 1.05344290e+00
 1.00000000e+00
 1.00005274e+00
 1.00021455e+00
 1.00049576e+00
 1.00091207e+00
 1.00148249e+00
 1.00222676e+00
 1.00316268e+00
 1.00430361e+00
 1.00565667e+00
 1.00722164e+00
 1.00899068e+00
 1.01094874e+00
 1.01307435e+00
 1.01534071e+00
 1.01771693e+00
 1.02016918e+00
 1.02266196e+00
 1.02515904e+00
 1.02762430e+00
 1.03002215e+00
 1.03231731e+00
 1.03447394e+00
 1.03645389e+00
 1.03821428e+00
 1.03970451e+00
 1.04086307e+00
 1.04161665e+00
 1.04189339e+00
 1.04167326e+00
 1.04108066e+00
 1.04044211e+00
 1.04016497e+00
 1.00000000e+00
 1.00003753e+00
 1.00015387e+00
 1.00035971e+00
 1.00067127e+00
 1.00110803e+00
 1.00169004e+00
 1.00243512e+00
 1.00335653e+00
 1.00446131e+00
 1.00574956e+00
 1.00721446e+00
 1.00884283e+00
 1.01061600e+00
 1.01251087e+00
 1.01450101e+00
 1.01655775e+00
 1.01865125e+00
 1.02075151e+00
 1.02282923e+00
 1.02485634e+00
 1.02680616e+00
 1.02865276e+00
 1.03036941e+00
 1.03192617e+00
 1.03328741e+00
 1.03441104e+00
 1.03525333e+00
 1.03578425e+00
 1.03601510e+00
 1.03602456e+00
 1.03594661e+00
 1.03590467e+00
 1.00000000e+00
 1.00002452e+00
 1.00010193e+00
 1.00024323e+00
 1.00046495e+00
 1.00078669e+00
 1.00122824e+00
 1.00180677e+00
 1.00253465e+00
 1.00341823e+00
 1.00445743e+00
 1.00564615e+00
 1.00697293e+00
 1.00842182e+00
 1.00997332e+00
 1.01160537e+00
 1.01329423e+00
 1.01501556e+00
 1.01674530e+00
 1.01846071e+00
 1.02014128e+00
 1.02176946e+00
 1.02333105e+00
 1.02481521e+00
 1.02621428e+00
 1.02752514e+00
 1.02875489e+00
 1.02993196e+00
 1.03111059e+00
 1.03233432e+00
 1.03353825e+00
 1.03447835e+00
 1.03484022e+00
 9.99999996e-01
 1.00001383e+00
 1.00005925e+00
 1.00014746e+00
 1.00029505e+00
 1.00052129e+00
 1.00084503e+00
 1.00128198e+00
 1.00184286e+00
 1.00253274e+00
 1.00335109e+00
 1.00429241e+00
 1.00534690e+00
 1.00650129e+00
 1.00773959e+00
 1.00904387e+00
 1.01039510e+00
 1.01177395e+00
 1.01316177e+00
 1.01454165e+00
 1.01589961e+00
 1.01722592e+00
 1.01851648e+00
 1.01977380e+00
 1.02100719e+00
 1.02223098e+00
 1.02345847e+00
 1.02468727e+00
 1.02587503e+00
 1.02692751e+00
 1.02773730e+00
 1.02824097e+00
 1.02841252e+00
 1.00000000e+00
 1.00000552e+00
 1.00002609e+00
 1.00007296e+00
 1.00016246e+00
 1.00031293e+00
 1.00054145e+00
 1.00086136e+00
 1.00128113e+00
 1.00180422e+00
 1.00242962e+00
 1.00315246e+00
 1.00396466e+00
 1.00485558e+00
 1.00581257e+00
 1.00682159e+00
 1.00786787e+00
 1.00893660e+00
 1.01001379e+00
 1.01108729e+00
 1.01214813e+00
 1.01319207e+00
 1.01422147e+00
 1.01524665e+00
 1.01628550e+00
 1.01735847e+00
 1.01847575e+00
 1.01961709e+00
 1.02071373e+00
 1.02164445e+00
 1.02226810e+00
 1.02253829e+00
 1.02259019e+00
 1.00000000e+00
 9.99999599e-01
 1.00000242e+00
 1.00001961e+00
 1.00006681e+00
 1.00016060e+00
 1.00031529e+00
 1.00054112e+00
 1.00084397e+00
 1.00122581e+00
 1.00168531e+00
 1.00221840e+00
 1.00281878e+00
 1.00347830e+00
 1.00418744e+00
 1.00493569e+00
 1.00571208e+00
 1.00650572e+00
 1.00730650e+00
 1.00810600e+00
 1.00889868e+00
 1.00968344e+00
 1.01046544e+00
 1.01125756e+00
 1.01208012e+00
 1.01295626e+00
 1.01390079e+00
 1.01490596e+00
 1.01594387e+00
 1.01700830e+00
 1.01812167e+00
 1.01913576e+00
 1.01957844e+00
 1.00000000e+00
 9.99995970e-01
 9.99987888e-01
 9.99986546e-01
 1.00000621e+00
 1.00006066e+00
 1.00016050e+00
 1.00031256e+00
 1.00052036e+00
 1.00078476e+00
 1.00110443e+00
 1.00147629e+00
 1.00189573e+00
 1.00235694e+00
 1.00285317e+00
 1.00337702e+00
 1.00392081e+00
 1.00447696e+00
 1.00503852e+00
 1.00559989e+00
 1.00615775e+00
 1.00671235e+00
 1.00726901e+00
 1.00783950e+00
 1.00844219e+00
 1.00909970e+00
 1.00983208e+00
 1.01064037e+00
 1.01146592e+00
 1.01212684e+00
 1.01235810e+00
 1.01214246e+00
 1.01195130e+00
 1.00000000e+00
 9.99994454e-01
 9.99981739e-01
 9.99971892e-01
 9.99976770e-01
 1.00000619e+00
 1.00006671e+00
 1.00016217e+00
 1.00029439e+00
 1.00046362e+00
 1.00066885e+00
 1.00090795e+00
 1.00117790e+00
 1.00147490e+00
 1.00179457e+00
 1.00213213e+00
 1.00248262e+00
 1.00284119e+00
 1.00320340e+00
 1.00356577e+00
 1.00392636e+00
 1.00428573e+00
 1.00464802e+00
 1.00502192e+00
 1.00542118e+00
 1.00586415e+00
 1.00637266e+00
 1.00696977e+00
 1.00766935e+00
 1.00844522e+00
 1.00920075e+00
 1.00978664e+00
 1.01001899e+00
 9.99999995e-01
 9.99994747e-01
 9.99982729e-01
 9.99972413e-01
 9.99971888e-01
 9.99986523e-01
 1.00001954e+00
 1.00007278e+00
 1.00014707e+00
 1.00024246e+00
 1.00035831e+00
 1.00049339e+00
 1.00064597e+00
 1.00081389e+00
 1.00099466e+00
 1.00118557e+00
 1.00138382e+00
 1.00158666e+00
 1.00179162e+00
 1.00199673e+00
 1.00220098e+00
 1.00240480e+00
 1.00261071e+00
 1.00282397e+00
 1.00305298e+00
 1.00330951e+00
 1.00361051e+00
 1.00398671e+00
 1.00450989e+00
 1.00532005e+00
 1.00649814e+00
 1.00769802e+00
 1.00821366e+00
 1.00000000e+00
 9.99996413e-01
 9.99988817e-01
 9.99982730e-01
 9.99981737e-01
 9.99987876e-01
 1.00000239e+00
 1.00002601e+00
 1.00005907e+00
 1.00010159e+00
 1.00015324e+00
 1.00021349e+00
 1.00028155e+00
 1.00035647e+00
 1.00043712e+00
 1.00052231e+00
 1.00061077e+00
 1.00070129e+00
 1.00079275e+00
 1.00088431e+00
 1.00097550e+00
 1.00106654e+00
 1.00115859e+00
 1.00125406e+00
 1.00135679e+00
 1.00147234e+00
 1.00160922e+00
 1.00178554e+00
 1.00205038e+00
 1.00251602e+00
 1.00331615e+00
 1.00433097e+00
 1.00485443e+00
 1.00000000e+00
 9.99998686e-01
 9.99996409e-01
 9.99994753e-01
 9.99994455e-01
 9.99995967e-01
 9.99999589e-01
 1.00000550e+00
 1.00001378e+00
 1.00002443e+00
 1.00003738e+00
 1.00005247e+00
 1.00006953e+00
 1.00008830e+00
 1.00010851e+00
 1.00012986e+00
 1.00015203e+00
 1.00017471e+00
 1.00019763e+00
 1.00022058e+00
 1.00024343e+00
 1.00026626e+00
 1.00028933e+00
 1.00031328e+00
 1.00033905e+00
 1.00036809e+00
 1.00040260e+00
 1.00044765e+00
 1.00051744e+00
 1.00064678e+00
 1.00088694e+00
 1.00123107e+00
 1.00143411e+00
 1.00000000e+00
 9.99999999e-01
 9.99999999e-01
 9.99999999e-01
 1.00000000e+00
 9.99999999e-01
 9.99999999e-01
 9.99999998e-01
 1.00000000e+00
 1.00000000e+00
 1.00000000e+00
 9.99999997e-01
 1.00000000e+00
 1.00000000e+00
 1.00000000e+00
 1.00000000e+00
 1.00000000e+00
 1.00000000e+00
 9.99999998e-01
 1.00000000e+00
 1.00000000e+00
 1.00000000e+00
 1.00000000e+00
 1.00000000e+00
 9.99999999e-01
 1.00000000e+00
 1.00000000e+00
 1.00000000e+00
 1.00000000e+00
 1.00000000e+00
 1.00000000e+00
 1.00000000e+00
 1.00000000e+00
