 1.00000000e+00
 1.00000000e+00
 1.00000000e+00
 1.00000000e+00
 1.00000000e+00
 1.00000000e+00
 1.00000000e+00
 1.00000000e+00
 1.00000000e+00
 1.00000000e+00
 1.00000000e+00
 1.00000000e+00
 1.00012364e+00
 1.00150007e+00
 1.00469401e+00
 1.00921200e+00
 1.01397569e+00
 1.01787538e+00
 1.02032440e+00
 1.02125608e+00
 1.02008873e+00
 1.01846284e+00
 1.00000000e+00
 1.00149974e+00
 1.00770829e+00
 1.02040193e+00
 1.03806117e+00
 1.05662111e+00
 1.07178558e+00
 1.08136244e+00
 1.08612857e+00
 1.08738947e+00
 1.08690812e+00
 1.00000000e+00
 1.00470411e+00
 1.02042846e+00
 1.04893893e+00
 1.08715978e+00
 1.12692874e+00
 1.15923740e+00
 1.17916828e+00
 1.18851706e+00
 1.19422699e+00
 1.19763055e+00
 1.00000000e+00
 1.00925154e+00
 1.03820958e+00
 1.08738090e+00
 1.15105931e+00
 1.21640911e+00
 1.26922342e+00
 1.30111901e+00
 1.31186286e+00
 1.30731040e+00
 1.30188725e+00
 1.00000000e+00
 1.01410531e+00
 1.05710110e+00
 1.12780245e+00
 1.21728198e+00
 1.30810208e+00
 1.38142231e+00
 1.42691789e+00
 1.44793555e+00
 1.45705560e+00
 1.46078847e+00
 1.00000000e+00
 1.01817545e+00
 1.07292953e+00
 1.16146665e+00
 1.27193568e+00
 1.38329736e+00
 1.47320648e+00
 1.52881603e+00
 1.55238176e+00
 1.55535364e+00
 1.55305830e+00
 1.00000000e+00
 1.02089766e+00
 1.08348434e+00
 1.18365027e+00
 1.30699064e+00
 1.43106617e+00
 1.53216632e+00
 1.59415094e+00
 1.62091659e+00
 1.62941693e+00
 1.63189368e+00
 1.00000000e+00
 1.02231120e+00
 1.08913469e+00
 1.19553190e+00
 1.32334171e+00
 1.45210872e+00
 1.56103304e+00
 1.62562473e+00
 1.65078729e+00
 1.65434674e+00
 1.65220609e+00
 1.00000000e+00
 1.02249975e+00
 1.09128465e+00
 1.20148629e+00
 1.32806538e+00
 1.45575662e+00
 1.57188171e+00
 1.63648424e+00
 1.65857799e+00
 1.66288273e+00
 1.66191865e+00
 1.00000000e+00
 1.02204679e+00
 1.09161992e+00
 1.20360483e+00
 1.32863801e+00
 1.45472804e+00
 1.57459926e+00
 1.63872224e+00
 1.65914251e+00
 1.66570929e+00
 1.66751100e+00
