 1.35326100e+00
 1.35289322e+00
 1.35217604e+00
 1.35189150e+00
 1.35213700e+00
 1.35068208e+00
 1.34385815e+00
 1.35049638e+00
 1.35475911e+00
 1.34679181e+00
 1.35533479e+00
 1.35634571e+00
 1.35154352e+00
 1.35912756e+00
 1.35428235e+00
 1.35621555e+00
 1.36017311e+00
 1.36226977e+00
 1.36882387e+00
 1.34959784e+00
 1.35688364e+00
 1.35913278e+00
 1.35836945e+00
 1.35256525e+00
 1.34932707e+00
 1.35228255e+00
 1.34619700e+00
 1.34284871e+00
 1.34408703e+00
 1.34541956e+00
 1.34536629e+00
 1.34456839e+00
 1.34413700e+00
 1.34920318e+00
 1.34940339e+00
 1.34961140e+00
 1.34993915e+00
 1.35047637e+00
 1.34921505e+00
 1.34368419e+00
 1.34949873e+00
 1.35335071e+00
 1.34664670e+00
 1.35424140e+00
 1.35532992e+00
 1.35118375e+00
 1.35795231e+00
 1.35375099e+00
 1.35554415e+00
 1.35929340e+00
 1.36153487e+00
 1.36711415e+00
 1.34974530e+00
 1.35594633e+00
 1.35819247e+00
 1.35728880e+00
 1.35185218e+00
 1.34876501e+00
 1.35096837e+00
 1.34546360e+00
 1.34223796e+00
 1.34297628e+00
 1.34370802e+00
 1.34303613e+00
 1.34164019e+00
 1.34086125e+00
 1.33873091e+00
 1.33983369e+00
 1.34208810e+00
 1.34415774e+00
 1.34562450e+00
 1.34520654e+00
 1.34249581e+00
 1.34660622e+00
 1.34955171e+00
 1.34571233e+00
 1.35117450e+00
 1.35240808e+00
 1.34982413e+00
 1.35469328e+00
 1.35201180e+00
 1.35349521e+00
 1.35672527e+00
 1.35915978e+00
 1.36253239e+00
 1.34960483e+00
 1.35332647e+00
 1.35536449e+00
 1.35419013e+00
 1.34965066e+00
 1.34686872e+00
 1.34740465e+00
 1.34313132e+00
 1.34016055e+00
 1.33967037e+00
 1.33887947e+00
 1.33668476e+00
 1.33398845e+00
 1.33269944e+00
 1.32614836e+00
 1.32769313e+00
 1.33136798e+00
 1.33527921e+00
 1.33815168e+00
 1.33925896e+00
 1.33919006e+00
 1.34197928e+00
 1.34415682e+00
 1.34306282e+00
 1.34652531e+00
 1.34784894e+00
 1.34690875e+00
 1.34987780e+00
 1.34877388e+00
 1.34998186e+00
 1.35258488e+00
 1.35488499e+00
 1.35617659e+00
 1.34801027e+00
 1.34932496e+00
 1.35071794e+00
 1.34936677e+00
 1.34582345e+00
 1.34327604e+00
 1.34227033e+00
 1.33900875e+00
 1.33620056e+00
 1.33437661e+00
 1.33198945e+00
 1.32853278e+00
 1.32517434e+00
 1.32374754e+00
 1.31606418e+00
 1.31746092e+00
 1.32104013e+00
 1.32540881e+00
 1.32921822e+00
 1.33175672e+00
 1.33342402e+00
 1.33571424e+00
 1.33759190e+00
 1.33821854e+00
 1.34050176e+00
 1.34186087e+00
 1.34208773e+00
 1.34383977e+00
 1.34384170e+00
 1.34490385e+00
 1.34690957e+00
 1.34871308e+00
 1.34879667e+00
 1.34417813e+00
 1.34398474e+00
 1.34445671e+00
 1.34304697e+00
 1.34027632e+00
 1.33784617e+00
 1.33591616e+00
 1.33311960e+00
 1.33032987e+00
 1.32772066e+00
 1.32477005e+00
 1.32155640e+00
 1.31895387e+00
 1.31794417e+00
 1.30988338e+00
 1.31067499e+00
 1.31299190e+00
 1.31640685e+00
 1.32004601e+00
 1.32315343e+00
 1.32563421e+00
 1.32791431e+00
 1.32983468e+00
 1.33127917e+00
 1.33310202e+00
 1.33450217e+00
 1.33536233e+00
 1.33659467e+00
 1.33718781e+00
 1.33818976e+00
 1.33968313e+00
 1.34088226e+00
 1.34053383e+00
 1.33800131e+00
 1.33714382e+00
 1.33678448e+00
 1.33533956e+00
 1.33303971e+00
 1.33068239e+00
 1.32835839e+00
 1.32568641e+00
 1.32291378e+00
 1.32024796e+00
 1.31789741e+00
 1.31621696e+00
 1.31535933e+00
 1.31512445e+00
 1.30337267e+00
 1.30404228e+00
 1.30584719e+00
 1.30836098e+00
 1.31116476e+00
 1.31391716e+00
 1.31644065e+00
 1.31873754e+00
 1.32077063e+00
 1.32255200e+00
 1.32428217e+00
 1.32574862e+00
 1.32690714e+00
 1.32801914e+00
 1.32887480e+00
 1.32982898e+00
 1.33091794e+00
 1.33162829e+00
 1.33122549e+00
 1.32974178e+00
 1.32868561e+00
 1.32778808e+00
 1.32629363e+00
 1.32424411e+00
 1.32197662e+00
 1.31957455e+00
 1.31697167e+00
 1.31426631e+00
 1.31166825e+00
 1.30953405e+00
 1.30824744e+00
 1.30782274e+00
 1.30778923e+00
 1.29981336e+00
 1.29987950e+00
 1.30017289e+00
 1.30090605e+00
 1.30222331e+00
 1.30405249e+00
 1.30616120e+00
 1.30832313e+00
 1.31038779e+00
 1.31229527e+00
 1.31405116e+00
 1.31558989e+00
 1.31689269e+00
 1.31802754e+00
 1.31898485e+00
 1.31987607e+00
 1.32067416e+00
 1.32107116e+00
 1.32071177e+00
 1.31970818e+00
 1.31863422e+00
 1.31747530e+00
 1.31594666e+00
 1.31404399e+00
 1.31191171e+00
 1.30962760e+00
 1.30721127e+00
 1.30468726e+00
 1.30205162e+00
 1.29925733e+00
 1.29637282e+00
 1.29393950e+00
 1.29294579e+00
 1.29163913e+00
 1.29136903e+00
 1.29089652e+00
 1.29084404e+00
 1.29153477e+00
 1.29290148e+00
 1.29470748e+00
 1.29671466e+00
 1.29874305e+00
 1.30068178e+00
 1.30247115e+00
 1.30406504e+00
 1.30544401e+00
 1.30662110e+00
 1.30760815e+00
 1.30842975e+00
 1.30903591e+00
 1.30925560e+00
 1.30893337e+00
 1.30814080e+00
 1.30710199e+00
 1.30585878e+00
 1.30434044e+00
 1.30256377e+00
 1.30061907e+00
 1.29859680e+00
 1.29657564e+00
 1.29463734e+00
 1.29288219e+00
 1.29145699e+00
 1.29052871e+00
 1.29012292e+00
 1.29003763e+00
 1.27251662e+00
 1.27318327e+00
 1.27479315e+00
 1.27664542e+00
 1.27840583e+00
 1.28014069e+00
 1.28197796e+00
 1.28392763e+00
 1.28591165e+00
 1.28783793e+00
 1.28963523e+00
 1.29125467e+00
 1.29266873e+00
 1.29386848e+00
 1.29485173e+00
 1.29561014e+00
 1.29609666e+00
 1.29622025e+00
 1.29591506e+00
 1.29521782e+00
 1.29422590e+00
 1.29298972e+00
 1.29152524e+00
 1.28988134e+00
 1.28814958e+00
 1.28644489e+00
 1.28489591e+00
 1.28363582e+00
 1.28277738e+00
 1.28236525e+00
 1.28231932e+00
 1.28243695e+00
 1.28250543e+00
 1.26416312e+00
 1.26400554e+00
 1.26380642e+00
 1.26405394e+00
 1.26495749e+00
 1.26639744e+00
 1.26815534e+00
 1.27005943e+00
 1.27199552e+00
 1.27388186e+00
 1.27565525e+00
 1.27726715e+00
 1.27868295e+00
 1.27988020e+00
 1.28084237e+00
 1.28154850e+00
 1.28196142e+00
 1.28203250e+00
 1.28173392e+00
 1.28108643e+00
 1.28014270e+00
 1.27895248e+00
 1.27756378e+00
 1.27604481e+00
 1.27449212e+00
 1.27302604e+00
 1.27178110e+00
 1.27088169e+00
 1.27038828e+00
 1.27023504e+00
 1.27024520e+00
 1.27026570e+00
 1.27026667e+00
 1.24483504e+00
 1.24525483e+00
 1.24638474e+00
 1.24794769e+00
 1.24970709e+00
 1.25153950e+00
 1.25340051e+00
 1.25527225e+00
 1.25713187e+00
 1.25894248e+00
 1.26065773e+00
 1.26223052e+00
 1.26361986e+00
 1.26479319e+00
 1.26572408e+00
 1.26638689e+00
 1.26675279e+00
 1.26679447e+00
 1.26650068e+00
 1.26588685e+00
 1.26498982e+00
 1.26385648e+00
 1.26254257e+00
 1.26111783e+00
 1.25966619e+00
 1.25827837e+00
 1.25704109e+00
 1.25603122e+00
 1.25532617e+00
 1.25501106e+00
 1.25510656e+00
 1.25542366e+00
 1.25559610e+00
 1.23042108e+00
 1.23086031e+00
 1.23199488e+00
 1.23345714e+00
 1.23499271e+00
 1.23654133e+00
 1.23813100e+00
 1.23977943e+00
 1.24146836e+00
 1.24315353e+00
 1.24477886e+00
 1.24628756e+00
 1.24762926e+00
 1.24876290e+00
 1.24965572e+00
 1.25028042e+00
 1.25061361e+00
 1.25063854e+00
 1.25035159e+00
 1.24976671e+00
 1.24891416e+00
 1.24783647e+00
 1.24658625e+00
 1.24522450e+00
 1.24381477e+00
 1.24241154e+00
 1.24104354e+00
 1.23969321e+00
 1.23828123e+00
 1.23670286e+00
 1.23499156e+00
 1.23352797e+00
 1.23293276e+00
 1.22269934e+00
 1.22230402e+00
 1.22145008e+00
 1.22078792e+00
 1.22072572e+00
 1.22128508e+00
 1.22230317e+00
 1.22361354e+00
 1.22509039e+00
 1.22663423e+00
 1.22815964e+00
 1.22959343e+00
 1.23087573e+00
 1.23195972e+00
 1.23280963e+00
 1.23339832e+00
 1.23370601e+00
 1.23372138e+00
 1.23344438e+00
 1.23288817e+00
 1.23207889e+00
 1.23105385e+00
 1.22985947e+00
 1.22854836e+00
 1.22717432e+00
 1.22578678e+00
 1.22443272e+00
 1.22318003e+00
 1.22216213e+00
 1.22158078e+00
 1.22155544e+00
 1.22188189e+00
 1.22208022e+00
 1.19966790e+00
 1.20014161e+00
 1.20125918e+00
 1.20246309e+00
 1.20348468e+00
 1.20441820e+00
 1.20545092e+00
 1.20666928e+00
 1.20804719e+00
 1.20950474e+00
 1.21095408e+00
 1.21231890e+00
 1.21353869e+00
 1.21456737e+00
 1.21537052e+00
 1.21592317e+00
 1.21620858e+00
 1.21621863e+00
 1.21595488e+00
 1.21542943e+00
 1.21466477e+00
 1.21369274e+00
 1.21255345e+00
 1.21129423e+00
 1.20996849e+00
 1.20863277e+00
 1.20733673e+00
 1.20609812e+00
 1.20486866e+00
 1.20354762e+00
 1.20212956e+00
 1.20091072e+00
 1.20041254e+00
 1.18806788e+00
 1.18768845e+00
 1.18687312e+00
 1.18625109e+00
 1.18621404e+00
 1.18678149e+00
 1.18779201e+00
 1.18907290e+00
 1.19048969e+00
 1.19194152e+00
 1.19335093e+00
 1.19465741e+00
 1.19581338e+00
 1.19678164e+00
 1.19753361e+00
 1.19804839e+00
 1.19831241e+00
 1.19831975e+00
 1.19807271e+00
 1.19758210e+00
 1.19686689e+00
 1.19595332e+00
 1.19487424e+00
 1.19366966e+00
 1.19239004e+00
 1.19110334e+00
 1.18990453e+00
 1.18892259e+00
 1.18831371e+00
 1.18821075e+00
 1.18859404e+00
 1.18915943e+00
 1.18942907e+00
 1.16151693e+00
 1.16197742e+00
 1.16315790e+00
 1.16467386e+00
 1.16627973e+00
 1.16790806e+00
 1.16954397e+00
 1.17116062e+00
 1.17272492e+00
 1.17420788e+00
 1.17558341e+00
 1.17682546e+00
 1.17790804e+00
 1.17880686e+00
 1.17950106e+00
 1.17997444e+00
 1.18021638e+00
 1.18022267e+00
 1.17999597e+00
 1.17954594e+00
 1.17888861e+00
 1.17804520e+00
 1.17704052e+00
 1.17590151e+00
 1.17465728e+00
 1.17334263e+00
 1.17200544e+00
 1.17071166e+00
 1.16953221e+00
 1.16851255e+00
 1.16767416e+00
 1.16707992e+00
 1.16685722e+00
 1.14259767e+00
 1.14295460e+00
 1.14403224e+00
 1.14574152e+00
 1.14780732e+00
 1.14991054e+00
 1.15186118e+00
 1.15361406e+00
 1.15519058e+00
 1.15661697e+00
 1.15790380e+00
 1.15904705e+00
 1.16003415e+00
 1.16084925e+00
 1.16147679e+00
 1.16190394e+00
 1.16212217e+00
 1.16212836e+00
 1.16192541e+00
 1.16152228e+00
 1.16093340e+00
 1.16017740e+00
 1.15927479e+00
 1.15824410e+00
 1.15709556e+00
 1.15582262e+00
 1.15439652e+00
 1.15277926e+00
 1.15097409e+00
 1.14910242e+00
 1.14743145e+00
 1.14627972e+00
 1.14587158e+00
 1.12798252e+00
 1.12847590e+00
 1.12971682e+00
 1.13124206e+00
 1.13275397e+00
 1.13419030e+00
 1.13557560e+00
 1.13691945e+00
 1.13820744e+00
 1.13941805e+00
 1.14053117e+00
 1.14152866e+00
 1.14239337e+00
 1.14310897e+00
 1.14366074e+00
 1.14403682e+00
 1.14422944e+00
 1.14423591e+00
 1.14405917e+00
 1.14370798e+00
 1.14319655e+00
 1.14254398e+00
 1.14177333e+00
 1.14091028e+00
 1.13998040e+00
 1.13900369e+00
 1.13798576e+00
 1.13690945e+00
 1.13574067e+00
 1.13447081e+00
 1.13320119e+00
 1.13220186e+00
 1.13181457e+00
 1.12344398e+00
 1.12290396e+00
 1.12164915e+00
 1.12041982e+00
 1.11973662e+00
 1.11970082e+00
 1.12016148e+00
 1.12091721e+00
 1.12180881e+00
 1.12273236e+00
 1.12362460e+00
 1.12444608e+00
 1.12516970e+00
 1.12577471e+00
 1.12624445e+00
 1.12656622e+00
 1.12673188e+00
 1.12673853e+00
 1.12658895e+00
 1.12629177e+00
 1.12586137e+00
 1.12531797e+00
 1.12468863e+00
 1.12401007e+00
 1.12333476e+00
 1.12274018e+00
 1.12233750e+00
 1.12226606e+00
 1.12265035e+00
 1.12350713e+00
 1.12464148e+00
 1.12563745e+00
 1.12603727e+00
 1.10219220e+00
 1.10240890e+00
 1.10290900e+00
 1.10343011e+00
 1.10386551e+00
 1.10427515e+00
 1.10474601e+00
 1.10531100e+00
 1.10595271e+00
 1.10663247e+00
 1.10731037e+00
 1.10795237e+00
 1.10853066e+00
 1.10902232e+00
 1.10940872e+00
 1.10967572e+00
 1.10981423e+00
 1.10982074e+00
 1.10969766e+00
 1.10945322e+00
 1.10910133e+00
 1.10866134e+00
 1.10815850e+00
 1.10762581e+00
 1.10710816e+00
 1.10666800e+00
 1.10638891e+00
 1.10636955e+00
 1.10669627e+00
 1.10738170e+00
 1.10828165e+00
 1.10907279e+00
 1.10939077e+00
 1.08645772e+00
 1.08666185e+00
 1.08721985e+00
 1.08796873e+00
 1.08870775e+00
 1.08932541e+00
 1.08983274e+00
 1.09029293e+00
 1.09075406e+00
 1.09123142e+00
 1.09171701e+00
 1.09219157e+00
 1.09263206e+00
 1.09301575e+00
 1.09332276e+00
 1.09353758e+00
 1.09365012e+00
 1.09365620e+00
 1.09355769e+00
 1.09336226e+00
 1.09308275e+00
 1.09273598e+00
 1.09234082e+00
 1.09191529e+00
 1.09147196e+00
 1.09101000e+00
 1.09050122e+00
 1.08987216e+00
 1.08900560e+00
 1.08781488e+00
 1.08640773e+00
 1.08519355e+00
 1.08470518e+00
 1.07600961e+00
 1.07596822e+00
 1.07585722e+00
 1.07573582e+00
 1.07568940e+00
 1.07575679e+00
 1.07591575e+00
 1.07613001e+00
 1.07638149e+00
 1.07666595e+00
 1.07697777e+00
 1.07730291e+00
 1.07762055e+00
 1.07790775e+00
 1.07814350e+00
 1.07831130e+00
 1.07840029e+00
 1.07840576e+00
 1.07832912e+00
 1.07817749e+00
 1.07796284e+00
 1.07770010e+00
 1.07740372e+00
 1.07708190e+00
 1.07672891e+00
 1.07631903e+00
 1.07581111e+00
 1.07517555e+00
 1.07443978e+00
 1.07371049e+00
 1.07312379e+00
 1.07276303e+00
 1.07264402e+00
 1.06463031e+00
 1.06441883e+00
 1.06392969e+00
 1.06343881e+00
 1.06311110e+00
 1.06295108e+00
 1.06289572e+00
 1.06289939e+00
 1.06295245e+00
 1.06305984e+00
 1.06321995e+00
 1.06341864e+00
 1.06363335e+00
 1.06383941e+00
 1.06401474e+00
 1.06414226e+00
 1.06421087e+00
 1.06421566e+00
 1.06415772e+00
 1.06404375e+00
 1.06388536e+00
 1.06369745e+00
 1.06349514e+00
 1.06328851e+00
 1.06307576e+00
 1.06283866e+00
 1.06254890e+00
 1.06219345e+00
 1.06181286e+00
 1.06151696e+00
 1.06141986e+00
 1.06149893e+00
 1.06156615e+00
 1.04955891e+00
 1.04974326e+00
 1.05018068e+00
 1.05063349e+00
 1.05091402e+00
 1.05096594e+00
 1.05085395e+00
 1.05069102e+00
 1.05056709e+00
 1.05052347e+00
 1.05056186e+00
 1.05066224e+00
 1.05079698e+00
 1.05093900e+00
 1.05106567e+00
 1.05116017e+00
 1.05121184e+00
 1.05121592e+00
 1.05117332e+00
 1.05109032e+00
 1.05097829e+00
 1.05085308e+00
 1.05073366e+00
 1.05063956e+00
 1.05058621e+00
 1.05057769e+00
 1.05059615e+00
 1.05058662e+00
 1.05044056e+00
 1.05001105e+00
 1.04924109e+00
 1.04838952e+00
 1.04800288e+00
 1.03896465e+00
 1.03924944e+00
 1.03990632e+00
 1.04048714e+00
 1.04066015e+00
 1.04043216e+00
 1.04001547e+00
 1.03961007e+00
 1.03931793e+00
 1.03915965e+00
 1.03911429e+00
 1.03914760e+00
 1.03922575e+00
 1.03932032e+00
 1.03940948e+00
 1.03947782e+00
 1.03951577e+00
 1.03951912e+00
 1.03948862e+00
 1.03942994e+00
 1.03935373e+00
 1.03927610e+00
 1.03921930e+00
 1.03921247e+00
 1.03929115e+00
 1.03949264e+00
 1.03984408e+00
 1.04034838e+00
 1.04099078e+00
 1.04177294e+00
 1.04268619e+00
 1.04353841e+00
 1.04390610e+00
 1.03571706e+00
 1.03554026e+00
 1.03490732e+00
 1.03380136e+00
 1.03249320e+00
 1.03128994e+00
 1.03034755e+00
 1.02969213e+00
 1.02928551e+00
 1.02906809e+00
 1.02898152e+00
 1.02897766e+00
 1.02901982e+00
 1.02908105e+00
 1.02914217e+00
 1.02919019e+00
 1.02921722e+00
 1.02921982e+00
 1.02919862e+00
 1.02915834e+00
 1.02910817e+00
 1.02906285e+00
 1.02904471e+00
 1.02908690e+00
 1.02923711e+00
 1.02955850e+00
 1.03012091e+00
 1.03097353e+00
 1.03209592e+00
 1.03334537e+00
 1.03446031e+00
 1.03518653e+00
 1.03542723e+00
 1.03444685e+00
 1.03324673e+00
 1.03040134e+00
 1.02728456e+00
 1.02472247e+00
 1.02289713e+00
 1.02170444e+00
 1.02097690e+00
 1.02056307e+00
 1.02034956e+00
 1.02025926e+00
 1.02024158e+00
 1.02026318e+00
 1.02030173e+00
 1.02034214e+00
 1.02037451e+00
 1.02039291e+00
 1.02039479e+00
 1.02038063e+00
 1.02035400e+00
 1.02032204e+00
 1.02029662e+00
 1.02029670e+00
 1.02035243e+00
 1.02051089e+00
 1.02084121e+00
 1.02143164e+00
 1.02236167e+00
 1.02362946e+00
 1.02506228e+00
 1.02633865e+00
 1.02717761e+00
 1.02746333e+00
 1.02323352e+00
 1.02260813e+00
 1.02092723e+00
 1.01875904e+00
 1.01673300e+00
 1.01519583e+00
 1.01418816e+00
 1.01359187e+00
 1.01326490e+00
 1.01309995e+00
 1.01302915e+00
 1.01301165e+00
 1.01302245e+00
 1.01304562e+00
 1.01307075e+00
 1.01309113e+00
 1.01310279e+00
 1.01310403e+00
 1.01309517e+00
 1.01307862e+00
 1.01305927e+00
 1.01304541e+00
 1.01305069e+00
 1.01309758e+00
 1.01322271e+00
 1.01348312e+00
 1.01395976e+00
 1.01474983e+00
 1.01593380e+00
 1.01749474e+00
 1.01919266e+00
 1.02054169e+00
 1.02105570e+00
 1.01171027e+00
 1.01165184e+00
 1.01135090e+00
 1.01061818e+00
 1.00961600e+00
 1.00870915e+00
 1.00807825e+00
 1.00770271e+00
 1.00749915e+00
 1.00739752e+00
 1.00735371e+00
 1.00734204e+00
 1.00734725e+00
 1.00735988e+00
 1.00737383e+00
 1.00738523e+00
 1.00739177e+00
 1.00739248e+00
 1.00738754e+00
 1.00737835e+00
 1.00736776e+00
 1.00736065e+00
 1.00736516e+00
 1.00739493e+00
 1.00747262e+00
 1.00763463e+00
 1.00793586e+00
 1.00845347e+00
 1.00928694e+00
 1.01052703e+00
 1.01211094e+00
 1.01358262e+00
 1.01420043e+00
 1.00430305e+00
 1.00453601e+00
 1.00480948e+00
 1.00469423e+00
 1.00430584e+00
 1.00390204e+00
 1.00361091e+00
 1.00343659e+00
 1.00334246e+00
 1.00329562e+00
 1.00327543e+00
 1.00326991e+00
 1.00327208e+00
 1.00327763e+00
 1.00328382e+00
 1.00328887e+00
 1.00329179e+00
 1.00329211e+00
 1.00328991e+00
 1.00328584e+00
 1.00328118e+00
 1.00327813e+00
 1.00328041e+00
 1.00329426e+00
 1.00333014e+00
 1.00340506e+00
 1.00354537e+00
 1.00379064e+00
 1.00420010e+00
 1.00485232e+00
 1.00578762e+00
 1.00679810e+00
 1.00726797e+00
 1.00089182e+00
 1.00100306e+00
 1.00115064e+00
 1.00116079e+00
 1.00107579e+00
 1.00097731e+00
 1.00090447e+00
 1.00086052e+00
 1.00083676e+00
 1.00082494e+00
 1.00081984e+00
 1.00081844e+00
 1.00081897e+00
 1.00082036e+00
 1.00082191e+00
 1.00082317e+00
 1.00082390e+00
 1.00082399e+00
 1.00082343e+00
 1.00082242e+00
 1.00082125e+00
 1.00082050e+00
 1.00082108e+00
 1.00082459e+00
 1.00083364e+00
 1.00085258e+00
 1.00088800e+00
 1.00095000e+00
 1.00105333e+00
 1.00121913e+00
 1.00146380e+00
 1.00177635e+00
 1.00198207e+00
 1.00000000e+00
 1.00000000e+00
 1.00000000e+00
 1.00000000e+00
 1.00000000e+00
 1.00000000e+00
 1.00000000e+00
 1.00000000e+00
 1.00000000e+00
 9.99999999e-01
 1.00000000e+00
 1.00000000e+00
 1.00000000e+00
 1.00000000e+00
 1.00000000e+00
 9.99999996e-01
 9.99999999e-01
 1.00000000e+00
 1.00000000e+00
 1.00000000e+00
 1.00000000e+00
 1.00000000e+00
 1.00000000e+00
 1.00000000e+00
 1.00000000e+00
 1.00000000e+00
 1.00000000e+00
 1.00000000e+00
 1.00000000e+00
 1.00000000e+00
 1.00000000e+00
 1.00000000e+00
 1.00000000e+00
