 -5.89100000e-03
 -5.72266213e-03
 -5.26290217e-03
 -4.58979817e-03
 -3.75796689e-03
 -2.89998376e-03
 -1.88648326e-03
 -1.27627142e-03
 -5.35963698e-04
 -1.04727386e-04
 0.00000000e+00
 -5.74210777e-03
 -5.57844293e-03
 -5.13440398e-03
 -4.47683622e-03
 -3.67216157e-03
 -2.81711721e-03
 -1.86910278e-03
 -1.21416196e-03
 -5.34485422e-04
 -1.19862863e-04
 0.00000000e+00
 -5.26788853e-03
 -5.13181296e-03
 -4.74558791e-03
 -4.14956595e-03
 -3.41115440e-03
 -2.60026837e-03
 -1.77192726e-03
 -1.08801941e-03
 -5.03123307e-04
 -1.26001692e-04
 0.00000000e+00
 -4.53682018e-03
 -4.44305574e-03
 -4.14077536e-03
 -3.63780435e-03
 -2.99523239e-03
 -2.28229872e-03
 -1.57141454e-03
 -9.43214815e-04
 -4.38710623e-04
 -1.12278325e-04
 0.00000000e+00
 -3.80069384e-03
 -3.69784782e-03
 -3.41814922e-03
 -2.99788961e-03
 -2.46998420e-03
 -1.88421867e-03
 -1.30030188e-03
 -7.76323947e-04
 -3.60099934e-04
 -9.23190666e-05
 0.00000000e+00
 -2.85314978e-03
 -2.79346333e-03
 -2.60399282e-03
 -2.29083750e-03
 -1.88870343e-03
 -1.44150365e-03
 -9.95154516e-04
 -5.93525675e-04
 -2.74997373e-04
 -7.04670137e-05
 0.00000000e+00
 -2.02143124e-03
 -1.96748262e-03
 -1.81747731e-03
 -1.59058000e-03
 -1.30830812e-03
 -9.97689869e-04
 -6.88579957e-04
 -4.10532864e-04
 -1.90172259e-04
 -4.87403662e-05
 0.00000000e+00
 -1.23957390e-03
 -1.20263446e-03
 -1.10122578e-03
 -9.55863830e-04
 -7.82921471e-04
 -5.96100970e-04
 -4.11187526e-04
 -2.45107770e-04
 -1.13518833e-04
 -2.90836253e-05
 0.00000000e+00
 -5.82863227e-04
 -5.63996824e-04
 -5.14340380e-04
 -4.44782559e-04
 -3.63426574e-04
 -2.76417054e-04
 -1.90609261e-04
 -1.13597994e-04
 -5.26178613e-05
 -1.34887441e-05
 0.00000000e+00
 -1.50376900e-04
 -1.45814257e-04
 -1.32398321e-04
 -1.14152746e-04
 -9.31856624e-05
 -7.08597739e-05
 -4.88471774e-05
 -2.91257751e-05
 -1.34765335e-05
 -3.44093142e-06
 0.00000000e+00
 0.00000000e+00
 6.79530794e-15
 3.76478715e-15
 7.37292135e-16
 -6.41665259e-16
 3.19180101e-17
 -7.50761096e-19
 -1.98838132e-18
 -1.07564928e-18
 0.00000000e+00
 0.00000000e+00
