 1.33693900e+00
 1.34131562e+00
 1.35207327e+00
 1.36335187e+00
 1.36941528e+00
 1.37015970e+00
 1.37466029e+00
 1.37782124e+00
 1.38831472e+00
 1.39689721e+00
 1.40099259e+00
 1.41088799e+00
 1.42482179e+00
 1.43646251e+00
 1.45798468e+00
 1.46733756e+00
 1.47904654e+00
 1.50068817e+00
 1.50336890e+00
 1.52197820e+00
 1.52032936e+00
 1.53217890e+00
 1.54685179e+00
 1.55000832e+00
 1.55896464e+00
 1.55956091e+00
 1.56496443e+00
 1.56761792e+00
 1.56912952e+00
 1.56956106e+00
 1.56925735e+00
 1.56876598e+00
 1.56854400e+00
 1.33814833e+00
 1.34158521e+00
 1.35092490e+00
 1.36157330e+00
 1.36795320e+00
 1.36969733e+00
 1.37413548e+00
 1.37784551e+00
 1.38791995e+00
 1.39647113e+00
 1.40105689e+00
 1.41094319e+00
 1.42463580e+00
 1.43661707e+00
 1.45736841e+00
 1.46716311e+00
 1.47911318e+00
 1.49976363e+00
 1.50357624e+00
 1.52101204e+00
 1.52058490e+00
 1.53204135e+00
 1.54611773e+00
 1.54989804e+00
 1.55827358e+00
 1.55951368e+00
 1.56453708e+00
 1.56729009e+00
 1.56882440e+00
 1.56940899e+00
 1.56938117e+00
 1.56930758e+00
 1.56932333e+00
 1.34067565e+00
 1.34267598e+00
 1.34883825e+00
 1.35742274e+00
 1.36422280e+00
 1.36805983e+00
 1.37271880e+00
 1.37763101e+00
 1.38683070e+00
 1.39531016e+00
 1.40112147e+00
 1.41101889e+00
 1.42415584e+00
 1.43686358e+00
 1.45573979e+00
 1.46660299e+00
 1.47907975e+00
 1.49738475e+00
 1.50378818e+00
 1.51856373e+00
 1.52100866e+00
 1.53156896e+00
 1.54417838e+00
 1.54932169e+00
 1.55650002e+00
 1.55909659e+00
 1.56339925e+00
 1.56629967e+00
 1.56798416e+00
 1.56897982e+00
 1.56968661e+00
 1.57045960e+00
 1.57086358e+00
 1.34189399e+00
 1.34301389e+00
 1.34672137e+00
 1.35289205e+00
 1.35953302e+00
 1.36510224e+00
 1.37058457e+00
 1.37668194e+00
 1.38519794e+00
 1.39366204e+00
 1.40089921e+00
 1.41090483e+00
 1.42348914e+00
 1.43676125e+00
 1.45355627e+00
 1.46556228e+00
 1.47848554e+00
 1.49432625e+00
 1.50323829e+00
 1.51549996e+00
 1.52091222e+00
 1.53060487e+00
 1.54154463e+00
 1.54788344e+00
 1.55413688e+00
 1.55788203e+00
 1.56173401e+00
 1.56470260e+00
 1.56668708e+00
 1.56818681e+00
 1.56956768e+00
 1.57078343e+00
 1.57129171e+00
 1.33959006e+00
 1.34055225e+00
 1.34356207e+00
 1.34858349e+00
 1.35483573e+00
 1.36127813e+00
 1.36775086e+00
 1.37477578e+00
 1.38307653e+00
 1.39169171e+00
 1.40013408e+00
 1.41037309e+00
 1.42259070e+00
 1.43599541e+00
 1.45114676e+00
 1.46393551e+00
 1.47703229e+00
 1.49107715e+00
 1.50152839e+00
 1.51232697e+00
 1.51982145e+00
 1.52896024e+00
 1.53853675e+00
 1.54547993e+00
 1.55136244e+00
 1.55575235e+00
 1.55953461e+00
 1.56257788e+00
 1.56484808e+00
 1.56657739e+00
 1.56790636e+00
 1.56881424e+00
 1.56915398e+00
 1.33492025e+00
 1.33613003e+00
 1.33945210e+00
 1.34435078e+00
 1.35039476e+00
 1.35713980e+00
 1.36430430e+00
 1.37199616e+00
 1.38045062e+00
 1.38938308e+00
 1.39869241e+00
 1.40923687e+00
 1.42126987e+00
 1.43447802e+00
 1.44855553e+00
 1.46165764e+00
 1.47468607e+00
 1.48767142e+00
 1.49874837e+00
 1.50901593e+00
 1.51763515e+00
 1.52649612e+00
 1.53517378e+00
 1.54225294e+00
 1.54809291e+00
 1.55280322e+00
 1.55671315e+00
 1.55990640e+00
 1.56241362e+00
 1.56425033e+00
 1.56532730e+00
 1.56567529e+00
 1.56569252e+00
 1.33370718e+00
 1.33440934e+00
 1.33668036e+00
 1.34068988e+00
 1.34625491e+00
 1.35295616e+00
 1.36043209e+00
 1.36854663e+00
 1.37730122e+00
 1.38661950e+00
 1.39652452e+00
 1.40736754e+00
 1.41932168e+00
 1.43222436e+00
 1.44563937e+00
 1.45870954e+00
 1.47153510e+00
 1.48393371e+00
 1.49513830e+00
 1.50531824e+00
 1.51443957e+00
 1.52316091e+00
 1.53132293e+00
 1.53833531e+00
 1.54421613e+00
 1.54910807e+00
 1.55319012e+00
 1.55657710e+00
 1.55935449e+00
 1.56162976e+00
 1.56351625e+00
 1.56494209e+00
 1.56551018e+00
 1.32851008e+00
 1.32947727e+00
 1.33224753e+00
 1.33654024e+00
 1.34209569e+00
 1.34872082e+00
 1.35625997e+00
 1.36458917e+00
 1.37362183e+00
 1.38329270e+00
 1.39360905e+00
 1.40469375e+00
 1.41661308e+00
 1.42923874e+00
 1.44222046e+00
 1.45508601e+00
 1.46765689e+00
 1.47969788e+00
 1.49084029e+00
 1.50103052e+00
 1.51033350e+00
 1.51896238e+00
 1.52684475e+00
 1.53375110e+00
 1.53965606e+00
 1.54465596e+00
 1.54887571e+00
 1.55241446e+00
 1.55531584e+00
 1.55754065e+00
 1.55899650e+00
 1.55969908e+00
 1.55987808e+00
 1.32637473e+00
 1.32719927e+00
 1.32954519e+00
 1.33321634e+00
 1.33815972e+00
 1.34437543e+00
 1.35176980e+00
 1.36016860e+00
 1.36939983e+00
 1.37934091e+00
 1.38993719e+00
 1.40119154e+00
 1.41308648e+00
 1.42549720e+00
 1.43816468e+00
 1.45077219e+00
 1.46308078e+00
 1.47485953e+00
 1.48587958e+00
 1.49604718e+00
 1.50537737e+00
 1.51392296e+00
 1.52164372e+00
 1.52845488e+00
 1.53434820e+00
 1.53938713e+00
 1.54366464e+00
 1.54727776e+00
 1.55031316e+00
 1.55282479e+00
 1.55480024e+00
 1.55612411e+00
 1.55660131e+00
 1.32563070e+00
 1.32580060e+00
 1.32672278e+00
 1.32914016e+00
 1.33339901e+00
 1.33936614e+00
 1.34673461e+00
 1.35522147e+00
 1.36460900e+00
 1.37474103e+00
 1.38551647e+00
 1.39687082e+00
 1.40873280e+00
 1.42097439e+00
 1.43339242e+00
 1.44574419e+00
 1.45780166e+00
 1.46935564e+00
 1.48022965e+00
 1.49032233e+00
 1.49960143e+00
 1.50805843e+00
 1.51566495e+00
 1.52239018e+00
 1.52823882e+00
 1.53324992e+00
 1.53747469e+00
 1.54096551e+00
 1.54378719e+00
 1.54602321e+00
 1.54772560e+00
 1.54883962e+00
 1.54923409e+00
 1.31110108e+00
 1.31240318e+00
 1.31588460e+00
 1.32075627e+00
 1.32657602e+00
 1.33331484e+00
 1.34103667e+00
 1.34971540e+00
 1.35924581e+00
 1.36950267e+00
 1.38037420e+00
 1.39176396e+00
 1.40357087e+00
 1.41566318e+00
 1.42786697e+00
 1.43998083e+00
 1.45180252e+00
 1.46314632e+00
 1.47385914e+00
 1.48383696e+00
 1.49302139e+00
 1.50137849e+00
 1.50888257e+00
 1.51552094e+00
 1.52130401e+00
 1.52625964e+00
 1.53041000e+00
 1.53373875e+00
 1.53617447e+00
 1.53764546e+00
 1.53822950e+00
 1.53826495e+00
 1.53820508e+00
 1.30987974e+00
 1.31039000e+00
 1.31214921e+00
 1.31553233e+00
 1.32062195e+00
 1.32720150e+00
 1.33498860e+00
 1.34376323e+00
 1.35336626e+00
 1.36366907e+00
 1.37455651e+00
 1.38591805e+00
 1.39763705e+00
 1.40957847e+00
 1.42158299e+00
 1.43347378e+00
 1.44507161e+00
 1.45621036e+00
 1.46675039e+00
 1.47658729e+00
 1.48565067e+00
 1.49389514e+00
 1.50129352e+00
 1.50783723e+00
 1.51354013e+00
 1.51844155e+00
 1.52260978e+00
 1.52614201e+00
 1.52914255e+00
 1.53166487e+00
 1.53365151e+00
 1.53494773e+00
 1.53540001e+00
 1.30012862e+00
 1.30112754e+00
 1.30397627e+00
 1.30837142e+00
 1.31406235e+00
 1.32089108e+00
 1.32873949e+00
 1.33749787e+00
 1.34705663e+00
 1.35730305e+00
 1.36812057e+00
 1.37938851e+00
 1.39097927e+00
 1.40275370e+00
 1.41455901e+00
 1.42623279e+00
 1.43761244e+00
 1.44854647e+00
 1.45890463e+00
 1.46858403e+00
 1.47750963e+00
 1.48563065e+00
 1.49291678e+00
 1.49935613e+00
 1.50495436e+00
 1.50973568e+00
 1.51375196e+00
 1.51710594e+00
 1.51997230e+00
 1.52254928e+00
 1.52487734e+00
 1.52664850e+00
 1.52733065e+00
 1.29539723e+00
 1.29631120e+00
 1.29895139e+00
 1.30307885e+00
 1.30846191e+00
 1.31496407e+00
 1.32251057e+00
 1.33101939e+00
 1.34037834e+00
 1.35045724e+00
 1.36112085e+00
 1.37223249e+00
 1.38365261e+00
 1.39523630e+00
 1.40683260e+00
 1.41828711e+00
 1.42944816e+00
 1.44017468e+00
 1.45034354e+00
 1.45985449e+00
 1.46863162e+00
 1.47662215e+00
 1.48379387e+00
 1.49013157e+00
 1.49563087e+00
 1.50028533e+00
 1.50406051e+00
 1.50685610e+00
 1.50849520e+00
 1.50883809e+00
 1.50806907e+00
 1.50691901e+00
 1.50637671e+00
 1.29565832e+00
 1.29597896e+00
 1.29713798e+00
 1.29955686e+00
 1.30354597e+00
 1.30912574e+00
 1.31610414e+00
 1.32423692e+00
 1.33331141e+00
 1.34315154e+00
 1.35359984e+00
 1.36450504e+00
 1.37571697e+00
 1.38708490e+00
 1.39845753e+00
 1.40968493e+00
 1.42062255e+00
 1.43113664e+00
 1.44110965e+00
 1.45044431e+00
 1.45906575e+00
 1.46692157e+00
 1.47398076e+00
 1.48023171e+00
 1.48568075e+00
 1.49035422e+00
 1.49430908e+00
 1.49765312e+00
 1.50055207e+00
 1.50316662e+00
 1.50548975e+00
 1.50721297e+00
 1.50786536e+00
 1.28343950e+00
 1.28432309e+00
 1.28686941e+00
 1.29082115e+00
 1.29591251e+00
 1.30199284e+00
 1.30902170e+00
 1.31698006e+00
 1.32580694e+00
 1.33539213e+00
 1.34559501e+00
 1.35626238e+00
 1.36723847e+00
 1.37836892e+00
 1.38950245e+00
 1.40049237e+00
 1.41119933e+00
 1.42149499e+00
 1.43126614e+00
 1.44041831e+00
 1.44887817e+00
 1.45659467e+00
 1.46353896e+00
 1.46970344e+00
 1.47510051e+00
 1.47976252e+00
 1.48374533e+00
 1.48713411e+00
 1.49003749e+00
 1.49254126e+00
 1.49461625e+00
 1.49605854e+00
 1.49658479e+00
 1.27780880e+00
 1.27870149e+00
 1.28117616e+00
 1.28484662e+00
 1.28948922e+00
 1.29509653e+00
 1.30171814e+00
 1.30934264e+00
 1.31788319e+00
 1.32720561e+00
 1.33715491e+00
 1.34757057e+00
 1.35829379e+00
 1.36917015e+00
 1.38005060e+00
 1.39079239e+00
 1.40126084e+00
 1.41133207e+00
 1.42089625e+00
 1.42986095e+00
 1.43815388e+00
 1.44572456e+00
 1.45254502e+00
 1.45860875e+00
 1.46392607e+00
 1.46851137e+00
 1.47235505e+00
 1.47538061e+00
 1.47742444e+00
 1.47832814e+00
 1.47818809e+00
 1.47755751e+00
 1.47721986e+00
 1.27975594e+00
 1.27956797e+00
 1.27949150e+00
 1.28050370e+00
 1.28325539e+00
 1.28780994e+00
 1.29390389e+00
 1.30123100e+00
 1.30954273e+00
 1.31864061e+00
 1.32835161e+00
 1.33851455e+00
 1.34897512e+00
 1.35958460e+00
 1.37019976e+00
 1.38068355e+00
 1.39090636e+00
 1.40074832e+00
 1.41010212e+00
 1.41887638e+00
 1.42699852e+00
 1.43441692e+00
 1.44110212e+00
 1.44704733e+00
 1.45226878e+00
 1.45680798e+00
 1.46074156e+00
 1.46420269e+00
 1.46739116e+00
 1.47049249e+00
 1.47344719e+00
 1.47574620e+00
 1.47663686e+00
 1.25729587e+00
 1.25864683e+00
 1.26221247e+00
 1.26702823e+00
 1.27246683e+00
 1.27844930e+00
 1.28513022e+00
 1.29260915e+00
 1.30086553e+00
 1.30980306e+00
 1.31929466e+00
 1.32920381e+00
 1.33939218e+00
 1.34972267e+00
 1.36006122e+00
 1.37027823e+00
 1.38024986e+00
 1.38985997e+00
 1.39900290e+00
 1.40758710e+00
 1.41553838e+00
 1.42280200e+00
 1.42934356e+00
 1.43514914e+00
 1.44022541e+00
 1.44459878e+00
 1.44830851e+00
 1.45138509e+00
 1.45381554e+00
 1.45553769e+00
 1.45652626e+00
 1.45692341e+00
 1.45700597e+00
 1.25650116e+00
 1.25679156e+00
 1.25793859e+00
 1.26044150e+00
 1.26450786e+00
 1.26996937e+00
 1.27653171e+00
 1.28396321e+00
 1.29211438e+00
 1.30087255e+00
 1.31012902e+00
 1.31976841e+00
 1.32966906e+00
 1.33970660e+00
 1.34975728e+00
 1.35969998e+00
 1.36941719e+00
 1.37879616e+00
 1.38773178e+00
 1.39613099e+00
 1.40391704e+00
 1.41103154e+00
 1.41743389e+00
 1.42309921e+00
 1.42801604e+00
 1.43218354e+00
 1.43560773e+00
 1.43829823e+00
 1.44027377e+00
 1.44158533e+00
 1.44234299e+00
 1.44270378e+00
 1.44280614e+00
 1.24439596e+00
 1.24522607e+00
 1.24760414e+00
 1.25128569e+00
 1.25605034e+00
 1.26175463e+00
 1.26829609e+00
 1.27558200e+00
 1.28352286e+00
 1.29202897e+00
 1.30100453e+00
 1.31034461e+00
 1.31993689e+00
 1.32966606e+00
 1.33941780e+00
 1.34908019e+00
 1.35854274e+00
 1.36769568e+00
 1.37643261e+00
 1.38465693e+00
 1.39228892e+00
 1.39926832e+00
 1.40555178e+00
 1.41110844e+00
 1.41591660e+00
 1.41996464e+00
 1.42326129e+00
 1.42586020e+00
 1.42788592e+00
 1.42951131e+00
 1.43084267e+00
 1.43179621e+00
 1.43215358e+00
 1.23663232e+00
 1.23760011e+00
 1.24026885e+00
 1.24416209e+00
 1.24892771e+00
 1.25443899e+00
 1.26067870e+00
 1.26762727e+00
 1.27522969e+00
 1.28340349e+00
 1.29205035e+00
 1.30106246e+00
 1.31032749e+00
 1.31973426e+00
 1.32917698e+00
 1.33855479e+00
 1.34776606e+00
 1.35670372e+00
 1.36525683e+00
 1.37332109e+00
 1.38081282e+00
 1.38767376e+00
 1.39386475e+00
 1.39935802e+00
 1.40413270e+00
 1.40817163e+00
 1.41145695e+00
 1.41396046e+00
 1.41563615e+00
 1.41645915e+00
 1.41655015e+00
 1.41627701e+00
 1.41611192e+00
 1.23869815e+00
 1.23872761e+00
 1.23918322e+00
 1.24074317e+00
 1.24375710e+00
 1.24814628e+00
 1.25366684e+00
 1.26009900e+00
 1.26727967e+00
 1.27507804e+00
 1.28337313e+00
 1.29204414e+00
 1.30097204e+00
 1.31004634e+00
 1.31917095e+00
 1.32826117e+00
 1.33722843e+00
 1.34596878e+00
 1.35436155e+00
 1.36228510e+00
 1.36964863e+00
 1.37640231e+00
 1.38251941e+00
 1.38798310e+00
 1.39278557e+00
 1.39692753e+00
 1.40042074e+00
 1.40330082e+00
 1.40563913e+00
 1.40752039e+00
 1.40897234e+00
 1.40992074e+00
 1.41025335e+00
 1.22739573e+00
 1.22825308e+00
 1.23049341e+00
 1.23355285e+00
 1.23721849e+00
 1.24160103e+00
 1.24682022e+00
 1.25287316e+00
 1.25967552e+00
 1.26711605e+00
 1.27507175e+00
 1.28341021e+00
 1.29200341e+00
 1.30073990e+00
 1.30953615e+00
 1.31833587e+00
 1.32706971e+00
 1.33563923e+00
 1.34390870e+00
 1.35171678e+00
 1.35895715e+00
 1.36560298e+00
 1.37165001e+00
 1.37709066e+00
 1.38193176e+00
 1.38619455e+00
 1.38990059e+00
 1.39307805e+00
 1.39578601e+00
 1.39811223e+00
 1.40008698e+00
 1.40153453e+00
 1.40208691e+00
 1.22568831e+00
 1.22583877e+00
 1.22656073e+00
 1.22830908e+00
 1.23124985e+00
 1.23527470e+00
 1.24022436e+00
 1.24598316e+00
 1.25246746e+00
 1.25959551e+00
 1.26725234e+00
 1.27528543e+00
 1.28355803e+00
 1.29195657e+00
 1.30040708e+00
 1.30891339e+00
 1.31742636e+00
 1.32585770e+00
 1.33406486e+00
 1.34179250e+00
 1.34889874e+00
 1.35542057e+00
 1.36139390e+00
 1.36679550e+00
 1.37163807e+00
 1.37597451e+00
 1.37982365e+00
 1.38311879e+00
 1.38570126e+00
 1.38737295e+00
 1.38805090e+00
 1.38801196e+00
 1.38787848e+00
 1.21741979e+00
 1.21795139e+00
 1.21948203e+00
 1.22190891e+00
 1.22517273e+00
 1.22923033e+00
 1.23403538e+00
 1.23954642e+00
 1.24574322e+00
 1.25260859e+00
 1.26003397e+00
 1.26779807e+00
 1.27577187e+00
 1.28384620e+00
 1.29190974e+00
 1.30012791e+00
 1.30843377e+00
 1.31675001e+00
 1.32500163e+00
 1.33270050e+00
 1.33962680e+00
 1.34598790e+00
 1.35190253e+00
 1.35724560e+00
 1.36201330e+00
 1.36634323e+00
 1.37033320e+00
 1.37396434e+00
 1.37711487e+00
 1.37968969e+00
 1.38172938e+00
 1.38321048e+00
 1.38379155e+00
 1.21039474e+00
 1.21116621e+00
 1.21326685e+00
 1.21623852e+00
 1.21976695e+00
 1.22382089e+00
 1.22845810e+00
 1.23369470e+00
 1.23958736e+00
 1.24624136e+00
 1.25355341e+00
 1.26107287e+00
 1.26876359e+00
 1.27658128e+00
 1.28414402e+00
 1.29212021e+00
 1.30023808e+00
 1.30840431e+00
 1.31689793e+00
 1.32464153e+00
 1.33127762e+00
 1.33740535e+00
 1.34334754e+00
 1.34863049e+00
 1.35320295e+00
 1.35737646e+00
 1.36138206e+00
 1.36533169e+00
 1.36914133e+00
 1.37244789e+00
 1.37473249e+00
 1.37578230e+00
 1.37600961e+00
 1.20900016e+00
 1.20947147e+00
 1.21076541e+00
 1.21278133e+00
 1.21560598e+00
 1.21927561e+00
 1.22365245e+00
 1.22854079e+00
 1.23406268e+00
 1.24055069e+00
 1.24797730e+00
 1.25522316e+00
 1.26259686e+00
 1.27039035e+00
 1.27714907e+00
 1.28505067e+00
 1.29301829e+00
 1.30084361e+00
 1.30994739e+00
 1.31781193e+00
 1.32396938e+00
 1.32971241e+00
 1.33592974e+00
 1.34116746e+00
 1.34538427e+00
 1.34921687e+00
 1.35297531e+00
 1.35691058e+00
 1.36121282e+00
 1.36573912e+00
 1.37000120e+00
 1.37328928e+00
 1.37458178e+00
 1.20947422e+00
 1.20919707e+00
 1.20892548e+00
 1.20972321e+00
 1.21199549e+00
 1.21545818e+00
 1.21973079e+00
 1.22417343e+00
 1.22923535e+00
 1.23554693e+00
 1.24350502e+00
 1.25035187e+00
 1.25723553e+00
 1.26558763e+00
 1.27087466e+00
 1.27911004e+00
 1.28699819e+00
 1.29402258e+00
 1.30436375e+00
 1.31234638e+00
 1.31783026e+00
 1.32287219e+00
 1.32989183e+00
 1.33504387e+00
 1.33873507e+00
 1.34210601e+00
 1.34539530e+00
 1.34876717e+00
 1.35278442e+00
 1.35763194e+00
 1.36220728e+00
 1.36529449e+00
 1.36634196e+00
 1.20453056e+00
 1.20422443e+00
 1.20423874e+00
 1.20592759e+00
 1.20878641e+00
 1.21229687e+00
 1.21688325e+00
 1.22063192e+00
 1.22524154e+00
 1.23121379e+00
 1.24031442e+00
 1.24655697e+00
 1.25257159e+00
 1.26249415e+00
 1.26524534e+00
 1.27449766e+00
 1.28240170e+00
 1.28791717e+00
 1.30034246e+00
 1.30823860e+00
 1.31303533e+00
 1.31682759e+00
 1.32549154e+00
 1.33032773e+00
 1.33340927e+00
 1.33629354e+00
 1.33914488e+00
 1.34151565e+00
 1.34426773e+00
 1.34898558e+00
 1.35412839e+00
 1.35755820e+00
 1.35866522e+00
 1.19492990e+00
 1.19556065e+00
 1.19826208e+00
 1.20286202e+00
 1.20661674e+00
 1.20969911e+00
 1.21531086e+00
 1.21788093e+00
 1.22231075e+00
 1.22762143e+00
 1.23842648e+00
 1.24390657e+00
 1.24862652e+00
 1.26114420e+00
 1.26039666e+00
 1.27133521e+00
 1.27933254e+00
 1.28273655e+00
 1.29792080e+00
 1.30535015e+00
 1.30975154e+00
 1.31170382e+00
 1.32284256e+00
 1.32694922e+00
 1.32954844e+00
 1.33194843e+00
 1.33465718e+00
 1.33601575e+00
 1.33658381e+00
 1.34086510e+00
 1.34763988e+00
 1.35290586e+00
 1.35461541e+00
 1.18576792e+00
 1.18806204e+00
 1.19445156e+00
 1.20168751e+00
 1.20569265e+00
 1.20768640e+00
 1.21487601e+00
 1.21597875e+00
 1.22061124e+00
 1.22509432e+00
 1.23758783e+00
 1.24238317e+00
 1.24579950e+00
 1.26098093e+00
 1.25690969e+00
 1.26956913e+00
 1.27767259e+00
 1.27908492e+00
 1.29681662e+00
 1.30357580e+00
 1.30795920e+00
 1.30805014e+00
 1.32167232e+00
 1.32485123e+00
 1.32724721e+00
 1.32921168e+00
 1.33205095e+00
 1.33279657e+00
 1.33102012e+00
 1.33442549e+00
 1.34261752e+00
 1.35045130e+00
 1.35339824e+00
 1.18204600e+00
 1.18538971e+00
 1.19346282e+00
 1.20155041e+00
 1.20551150e+00
 1.20685550e+00
 1.21488997e+00
 1.21526274e+00
 1.22007818e+00
 1.22415843e+00
 1.23738014e+00
 1.24189379e+00
 1.24474497e+00
 1.26108333e+00
 1.25561145e+00
 1.26901528e+00
 1.27716476e+00
 1.27774332e+00
 1.29653492e+00
 1.30296349e+00
 1.30741491e+00
 1.30669195e+00
 1.32139144e+00
 1.32412365e+00
 1.32649254e+00
 1.32826573e+00
 1.33120978e+00
 1.33178395e+00
 1.32896641e+00
 1.33189514e+00
 1.34054943e+00
 1.34952096e+00
 1.35326100e+00
