 0.00000000e+00
 -1.52499982e-15
 5.78911297e-15
 -2.48259189e-15
 2.29807411e-15
 -3.72202594e-16
 1.76981854e-16
 9.88580234e-18
 -1.84758083e-17
 2.18041272e-17
 0.00000000e+00
 -2.83807256e-04
 -2.76111667e-04
 -2.51763642e-04
 -2.16323191e-04
 -1.75736619e-04
 -1.33305154e-04
 -9.19012722e-05
 -5.48078948e-05
 -2.53958015e-05
 -6.50579137e-06
 0.00000000e+00
 -1.11291694e-03
 -1.07751043e-03
 -9.80177130e-04
 -8.42730540e-04
 -6.85139877e-04
 -5.19953791e-04
 -3.58552775e-04
 -2.13862330e-04
 -9.91008560e-05
 -2.53981637e-05
 0.00000000e+00
 -2.38282932e-03
 -2.30475106e-03
 -2.09697155e-03
 -1.80812841e-03
 -1.47408759e-03
 -1.12058008e-03
 -7.73484050e-04
 -4.61605531e-04
 -2.13951508e-04
 -5.48362822e-05
 0.00000000e+00
 -3.85762571e-03
 -3.74788045e-03
 -3.44371153e-03
 -2.99593245e-03
 -2.45619669e-03
 -1.87327411e-03
 -1.29569023e-03
 -7.74212297e-04
 -3.59049105e-04
 -9.20406832e-05
 0.00000000e+00
 -5.39398311e-03
 -5.26622371e-03
 -4.88451217e-03
 -4.28292897e-03
 -3.53059230e-03
 -2.70349346e-03
 -1.87594152e-03
 -1.12347474e-03
 -5.21607035e-04
 -1.33748269e-04
 0.00000000e+00
 -7.01457762e-03
 -6.83421853e-03
 -6.32787851e-03
 -5.55849840e-03
 -4.59722564e-03
 -3.53465612e-03
 -2.46436994e-03
 -1.48178615e-03
 -6.89412230e-04
 -1.76882136e-04
 0.00000000e+00
 -8.36110632e-03
 -8.17065072e-03
 -7.60715089e-03
 -6.70522584e-03
 -5.55605253e-03
 -4.29099851e-03
 -3.01392626e-03
 -1.82485355e-03
 -8.52246328e-04
 -2.18870640e-04
 0.00000000e+00
 -9.46645619e-03
 -9.27171507e-03
 -8.65664610e-03
 -7.62652915e-03
 -6.30820591e-03
 -4.89827814e-03
 -3.47651543e-03
 -2.12693920e-03
 -9.98838098e-04
 -2.56715175e-04
 0.00000000e+00
 -1.03079425e-02
 -1.00806769e-02
 -9.37586366e-03
 -8.22859264e-03
 -6.77319112e-03
 -5.29294339e-03
 -3.79449701e-03
 -2.34779510e-03
 -1.10801580e-03
 -2.84260086e-04
 0.00000000e+00
 -1.06360000e-02
 -1.03811177e-02
 -9.63003005e-03
 -8.43859860e-03
 -6.92569024e-03
 -5.43066379e-03
 -3.90902957e-03
 -2.43168195e-03
 -1.14952161e-03
 -2.94140439e-04
 0.00000000e+00
