 1.34231200e+00
 1.34064099e+00
 1.33673661e+00
 1.33325715e+00
 1.33249195e+00
 1.33343759e+00
 1.33074702e+00
 1.33405139e+00
 1.32700839e+00
 1.32276417e+00
 1.31864225e+00
 1.32034097e+00
 1.30579873e+00
 1.30394623e+00
 1.29349481e+00
 1.29233930e+00
 1.28870320e+00
 1.27273983e+00
 1.25754497e+00
 1.26183660e+00
 1.24544002e+00
 1.24496564e+00
 1.24101239e+00
 1.23262244e+00
 1.23056297e+00
 1.22710601e+00
 1.21939466e+00
 1.21401659e+00
 1.20848249e+00
 1.20320637e+00
 1.19887077e+00
 1.19602883e+00
 1.19504000e+00
 1.34550038e+00
 1.34363643e+00
 1.33952344e+00
 1.33555730e+00
 1.33420782e+00
 1.33439957e+00
 1.33207336e+00
 1.33437029e+00
 1.32797781e+00
 1.32356236e+00
 1.31964257e+00
 1.32044693e+00
 1.30698810e+00
 1.30439812e+00
 1.29453554e+00
 1.29286456e+00
 1.28893203e+00
 1.27342380e+00
 1.25892775e+00
 1.26182930e+00
 1.24665704e+00
 1.24542526e+00
 1.24139994e+00
 1.23335411e+00
 1.23093797e+00
 1.22725688e+00
 1.21990836e+00
 1.21444367e+00
 1.20906252e+00
 1.20404206e+00
 1.20018310e+00
 1.19790522e+00
 1.19734500e+00
 1.35348772e+00
 1.35147421e+00
 1.34683409e+00
 1.34189232e+00
 1.33903763e+00
 1.33758024e+00
 1.33562227e+00
 1.33578879e+00
 1.33067034e+00
 1.32602391e+00
 1.32238906e+00
 1.32118282e+00
 1.31018453e+00
 1.30598525e+00
 1.29741988e+00
 1.29450405e+00
 1.28976032e+00
 1.27551316e+00
 1.26264524e+00
 1.26228213e+00
 1.24989701e+00
 1.24693538e+00
 1.24263287e+00
 1.23539205e+00
 1.23209494e+00
 1.22790217e+00
 1.22133589e+00
 1.21582198e+00
 1.21085101e+00
 1.20663461e+00
 1.20402856e+00
 1.20306365e+00
 1.20301771e+00
 1.36241664e+00
 1.36056602e+00
 1.35593847e+00
 1.35048006e+00
 1.34617131e+00
 1.34313905e+00
 1.34076317e+00
 1.33902320e+00
 1.33478058e+00
 1.33015047e+00
 1.32645304e+00
 1.32332046e+00
 1.31469863e+00
 1.30909030e+00
 1.30167778e+00
 1.29736171e+00
 1.29155348e+00
 1.27901442e+00
 1.26782229e+00
 1.26408942e+00
 1.25436565e+00
 1.24969552e+00
 1.24487419e+00
 1.23840697e+00
 1.23411773e+00
 1.22939752e+00
 1.22353894e+00
 1.21824993e+00
 1.21383387e+00
 1.21060950e+00
 1.20910552e+00
 1.20892557e+00
 1.20907615e+00
 1.36866739e+00
 1.36735232e+00
 1.36384174e+00
 1.35913465e+00
 1.35446057e+00
 1.35048618e+00
 1.34725012e+00
 1.34424513e+00
 1.34023731e+00
 1.33573275e+00
 1.33165349e+00
 1.32726666e+00
 1.32014673e+00
 1.31380773e+00
 1.30697979e+00
 1.30147571e+00
 1.29470037e+00
 1.28379833e+00
 1.27381785e+00
 1.26772145e+00
 1.25956374e+00
 1.25371567e+00
 1.24824919e+00
 1.24216406e+00
 1.23708046e+00
 1.23194957e+00
 1.22653460e+00
 1.22164885e+00
 1.21775143e+00
 1.21505904e+00
 1.21361188e+00
 1.21305084e+00
 1.21293919e+00
 1.37269584e+00
 1.37215188e+00
 1.37029061e+00
 1.36701305e+00
 1.36291087e+00
 1.35874914e+00
 1.35489691e+00
 1.35115192e+00
 1.34702381e+00
 1.34252947e+00
 1.33800784e+00
 1.33295084e+00
 1.32651336e+00
 1.31993873e+00
 1.31321569e+00
 1.30682711e+00
 1.29938595e+00
 1.28968030e+00
 1.28041952e+00
 1.27303918e+00
 1.26540974e+00
 1.25883780e+00
 1.25274461e+00
 1.24662165e+00
 1.24098578e+00
 1.23555557e+00
 1.23034731e+00
 1.22579199e+00
 1.22220392e+00
 1.21957771e+00
 1.21764443e+00
 1.21624488e+00
 1.21568846e+00
 1.38090520e+00
 1.38006000e+00
 1.37784760e+00
 1.37480127e+00
 1.37123588e+00
 1.36736683e+00
 1.36338477e+00
 1.35930850e+00
 1.35499619e+00
 1.35038716e+00
 1.34551285e+00
 1.34010171e+00
 1.33387074e+00
 1.32722784e+00
 1.32037105e+00
 1.31336648e+00
 1.30554025e+00
 1.29652333e+00
 1.28763609e+00
 1.27964281e+00
 1.27196431e+00
 1.26488219e+00
 1.25823538e+00
 1.25181889e+00
 1.24576828e+00
 1.24008323e+00
 1.23488171e+00
 1.23042990e+00
 1.22697527e+00
 1.22467347e+00
 1.22353038e+00
 1.22324753e+00
 1.22325965e+00
 1.38418334e+00
 1.38403249e+00
 1.38338003e+00
 1.38189084e+00
 1.37945349e+00
 1.37622100e+00
 1.37245428e+00
 1.36834054e+00
 1.36392545e+00
 1.35918484e+00
 1.35407114e+00
 1.34844609e+00
 1.34220743e+00
 1.33548872e+00
 1.32842464e+00
 1.32100273e+00
 1.31295001e+00
 1.30423468e+00
 1.29549396e+00
 1.28717825e+00
 1.27923135e+00
 1.27170744e+00
 1.26456649e+00
 1.25775275e+00
 1.25132421e+00
 1.24535952e+00
 1.23998169e+00
 1.23532170e+00
 1.23144698e+00
 1.22838111e+00
 1.22617391e+00
 1.22487272e+00
 1.22445092e+00
 1.39315004e+00
 1.39297159e+00
 1.39230342e+00
 1.39089134e+00
 1.38862337e+00
 1.38560368e+00
 1.38201756e+00
 1.37799809e+00
 1.37359074e+00
 1.36878153e+00
 1.36352557e+00
 1.35775375e+00
 1.35142582e+00
 1.34458940e+00
 1.33731350e+00
 1.32959836e+00
 1.32137476e+00
 1.31271962e+00
 1.30396964e+00
 1.29541289e+00
 1.28713967e+00
 1.27919618e+00
 1.27159616e+00
 1.26435508e+00
 1.25753576e+00
 1.25123759e+00
 1.24558255e+00
 1.24066565e+00
 1.23646964e+00
 1.23282828e+00
 1.22961406e+00
 1.22713884e+00
 1.22616642e+00
 1.40697105e+00
 1.40619596e+00
 1.40415538e+00
 1.40144016e+00
 1.39847570e+00
 1.39534314e+00
 1.39192917e+00
 1.38811155e+00
 1.38382204e+00
 1.37902823e+00
 1.37370555e+00
 1.36782827e+00
 1.36138687e+00
 1.35440738e+00
 1.34693229e+00
 1.33898718e+00
 1.33059541e+00
 1.32186122e+00
 1.31299394e+00
 1.30419506e+00
 1.29558559e+00
 1.28723736e+00
 1.27920044e+00
 1.27152717e+00
 1.26429186e+00
 1.25759555e+00
 1.25157377e+00
 1.24642134e+00
 1.24242848e+00
 1.23993977e+00
 1.23907265e+00
 1.23929711e+00
 1.23956320e+00
 1.41024124e+00
 1.41002212e+00
 1.40938577e+00
 1.40834475e+00
 1.40683922e+00
 1.40476063e+00
 1.40202458e+00
 1.39860637e+00
 1.39452290e+00
 1.38980013e+00
 1.38445530e+00
 1.37849745e+00
 1.37193933e+00
 1.36480847e+00
 1.35714498e+00
 1.34899434e+00
 1.34041855e+00
 1.33152522e+00
 1.32246888e+00
 1.31340613e+00
 1.30446003e+00
 1.29572247e+00
 1.28726943e+00
 1.27917494e+00
 1.27151757e+00
 1.26437583e+00
 1.25781748e+00
 1.25188997e+00
 1.24661620e+00
 1.24201121e+00
 1.23817842e+00
 1.23547894e+00
 1.23447940e+00
 1.41341881e+00
 1.41396625e+00
 1.41518106e+00
 1.41615521e+00
 1.41617567e+00
 1.41501688e+00
 1.41277731e+00
 1.40962493e+00
 1.40567933e+00
 1.40100609e+00
 1.39564066e+00
 1.38960724e+00
 1.38293110e+00
 1.37564643e+00
 1.36779905e+00
 1.35944745e+00
 1.35066921e+00
 1.34157009e+00
 1.33228041e+00
 1.32293491e+00
 1.31365490e+00
 1.30454538e+00
 1.29570166e+00
 1.28721676e+00
 1.27918327e+00
 1.27168546e+00
 1.26478027e+00
 1.25847594e+00
 1.25274571e+00
 1.24763029e+00
 1.24339158e+00
 1.24052071e+00
 1.23949883e+00
 1.43642556e+00
 1.43581402e+00
 1.43421312e+00
 1.43210451e+00
 1.42981890e+00
 1.42736931e+00
 1.42457440e+00
 1.42124167e+00
 1.41725117e+00
 1.41255216e+00
 1.40713540e+00
 1.40101331e+00
 1.39421184e+00
 1.38676920e+00
 1.37873671e+00
 1.37018058e+00
 1.36118486e+00
 1.35185350e+00
 1.34230627e+00
 1.33266848e+00
 1.32306142e+00
 1.31359949e+00
 1.30439329e+00
 1.29555526e+00
 1.28720610e+00
 1.27948292e+00
 1.27255205e+00
 1.26662194e+00
 1.26192751e+00
 1.25863678e+00
 1.25669913e+00
 1.25580086e+00
 1.25555810e+00
 1.44751603e+00
 1.44701646e+00
 1.44568471e+00
 1.44385298e+00
 1.44173379e+00
 1.43932505e+00
 1.43649936e+00
 1.43311479e+00
 1.42906868e+00
 1.42430508e+00
 1.41880442e+00
 1.41257227e+00
 1.40563238e+00
 1.39802402e+00
 1.38980159e+00
 1.38103532e+00
 1.37181219e+00
 1.36223537e+00
 1.35242074e+00
 1.34249070e+00
 1.33256846e+00
 1.32277564e+00
 1.31323330e+00
 1.30406544e+00
 1.29540400e+00
 1.28739502e+00
 1.28020348e+00
 1.27400964e+00
 1.26898675e+00
 1.26525640e+00
 1.26282599e+00
 1.26154172e+00
 1.26115605e+00
 1.45078489e+00
 1.45123687e+00
 1.45217490e+00
 1.45274796e+00
 1.45235290e+00
 1.45085750e+00
 1.44838397e+00
 1.44506721e+00
 1.44097310e+00
 1.43611784e+00
 1.43050336e+00
 1.42413798e+00
 1.41704414e+00
 1.40926046e+00
 1.40084213e+00
 1.39186109e+00
 1.38240575e+00
 1.37257953e+00
 1.36249777e+00
 1.35228343e+00
 1.34206303e+00
 1.33196406e+00
 1.32211403e+00
 1.31263999e+00
 1.30366674e+00
 1.29531071e+00
 1.28766655e+00
 1.28078788e+00
 1.27468031e+00
 1.26935106e+00
 1.26495026e+00
 1.26190702e+00
 1.26079841e+00
 1.47371954e+00
 1.47297719e+00
 1.47109783e+00
 1.46874484e+00
 1.46628986e+00
 1.46367867e+00
 1.46068131e+00
 1.45710549e+00
 1.45284310e+00
 1.44784239e+00
 1.44208225e+00
 1.43556219e+00
 1.42830021e+00
 1.42033254e+00
 1.41171360e+00
 1.40251570e+00
 1.39282809e+00
 1.38275514e+00
 1.37241348e+00
 1.36192858e+00
 1.35143134e+00
 1.34105529e+00
 1.33093431e+00
 1.32120038e+00
 1.31198088e+00
 1.30339632e+00
 1.29556344e+00
 1.28861414e+00
 1.28273173e+00
 1.27815827e+00
 1.27508338e+00
 1.27344996e+00
 1.27296500e+00
 1.48072099e+00
 1.48072810e+00
 1.48052613e+00
 1.47971099e+00
 1.47808846e+00
 1.47570146e+00
 1.47263351e+00
 1.46890142e+00
 1.46447292e+00
 1.45930924e+00
 1.45338593e+00
 1.44669761e+00
 1.43925830e+00
 1.43110149e+00
 1.42228024e+00
 1.41286670e+00
 1.40295089e+00
 1.39263862e+00
 1.38204879e+00
 1.37131044e+00
 1.36055974e+00
 1.34993721e+00
 1.33958506e+00
 1.32964499e+00
 1.32025698e+00
 1.31155985e+00
 1.30369049e+00
 1.29677009e+00
 1.29086741e+00
 1.28597784e+00
 1.28211684e+00
 1.27950775e+00
 1.27856318e+00
 1.49515338e+00
 1.49470356e+00
 1.49351136e+00
 1.49184365e+00
 1.48978674e+00
 1.48724384e+00
 1.48408959e+00
 1.48024700e+00
 1.47567668e+00
 1.47035441e+00
 1.46426486e+00
 1.45740444e+00
 1.44978551e+00
 1.44143945e+00
 1.43241809e+00
 1.42279361e+00
 1.41265710e+00
 1.40211622e+00
 1.39129252e+00
 1.38031891e+00
 1.36933713e+00
 1.35849511e+00
 1.34794410e+00
 1.33783581e+00
 1.32831979e+00
 1.31954286e+00
 1.31165463e+00
 1.30482582e+00
 1.29927365e+00
 1.29523790e+00
 1.29281765e+00
 1.29174841e+00
 1.29148979e+00
 1.50361592e+00
 1.50357773e+00
 1.50328582e+00
 1.50240584e+00
 1.50074039e+00
 1.49826907e+00
 1.49503078e+00
 1.49104871e+00
 1.48632236e+00
 1.48083932e+00
 1.47458629e+00
 1.46755798e+00
 1.45976404e+00
 1.45123376e+00
 1.44201827e+00
 1.43219057e+00
 1.42184358e+00
 1.41108713e+00
 1.40004525e+00
 1.38885418e+00
 1.37766056e+00
 1.36661912e+00
 1.35588958e+00
 1.34563268e+00
 1.33600422e+00
 1.32714468e+00
 1.31916045e+00
 1.31209417e+00
 1.30590049e+00
 1.30049323e+00
 1.29594362e+00
 1.29271223e+00
 1.29151345e+00
 1.51796438e+00
 1.51748079e+00
 1.51616351e+00
 1.51424840e+00
 1.51184139e+00
 1.50890691e+00
 1.50537158e+00
 1.50117691e+00
 1.49627892e+00
 1.49064159e+00
 1.48423786e+00
 1.47705441e+00
 1.46909641e+00
 1.46039118e+00
 1.45099022e+00
 1.44096896e+00
 1.43042360e+00
 1.41946655e+00
 1.40822336e+00
 1.39683201e+00
 1.38544245e+00
 1.37421461e+00
 1.36331506e+00
 1.35291337e+00
 1.34317824e+00
 1.33427352e+00
 1.32635701e+00
 1.31958923e+00
 1.31415058e+00
 1.31022152e+00
 1.30785083e+00
 1.30677564e+00
 1.30650478e+00
 1.52670912e+00
 1.52643806e+00
 1.52554080e+00
 1.52389646e+00
 1.52150539e+00
 1.51844457e+00
 1.51475793e+00
 1.51042945e+00
 1.50541279e+00
 1.49965967e+00
 1.49313365e+00
 1.48581613e+00
 1.47770970e+00
 1.46884115e+00
 1.45926402e+00
 1.44905900e+00
 1.43832847e+00
 1.42718796e+00
 1.41576230e+00
 1.40418823e+00
 1.39261677e+00
 1.38121111e+00
 1.37014155e+00
 1.35958117e+00
 1.34970376e+00
 1.34068203e+00
 1.33268077e+00
 1.32583852e+00
 1.32023452e+00
 1.31586141e+00
 1.31266266e+00
 1.31065051e+00
 1.30995148e+00
 1.53594936e+00
 1.53545858e+00
 1.53411934e+00
 1.53216231e+00
 1.52968781e+00
 1.52666312e+00
 1.52301990e+00
 1.51869903e+00
 1.51365179e+00
 1.50783690e+00
 1.50122332e+00
 1.49379557e+00
 1.48555793e+00
 1.47653772e+00
 1.46679150e+00
 1.45640981e+00
 1.44550752e+00
 1.43420421e+00
 1.42261877e+00
 1.41088133e+00
 1.39914194e+00
 1.38756688e+00
 1.37632813e+00
 1.36559471e+00
 1.35553067e+00
 1.34629597e+00
 1.33804153e+00
 1.33089262e+00
 1.32493040e+00
 1.32020002e+00
 1.31675122e+00
 1.31465183e+00
 1.31394838e+00
 1.54002068e+00
 1.53991035e+00
 1.53942829e+00
 1.53830893e+00
 1.53641533e+00
 1.53373329e+00
 1.53027424e+00
 1.52603749e+00
 1.52100939e+00
 1.51516791e+00
 1.50849205e+00
 1.50097356e+00
 1.49262117e+00
 1.48346022e+00
 1.47354631e+00
 1.46298729e+00
 1.45192595e+00
 1.44048740e+00
 1.42877166e+00
 1.41689275e+00
 1.40499925e+00
 1.39326506e+00
 1.38186787e+00
 1.37096996e+00
 1.36071511e+00
 1.35123929e+00
 1.34268514e+00
 1.33521734e+00
 1.32902833e+00
 1.32429586e+00
 1.32107976e+00
 1.31926963e+00
 1.31869224e+00
 1.54739042e+00
 1.54705001e+00
 1.54612829e+00
 1.54473260e+00
 1.54278963e+00
 1.54015630e+00
 1.53675191e+00
 1.53255133e+00
 1.52753625e+00
 1.52167741e+00
 1.51494920e+00
 1.50735103e+00
 1.49890128e+00
 1.48961386e+00
 1.47952419e+00
 1.46876922e+00
 1.45756026e+00
 1.44602869e+00
 1.43422272e+00
 1.42222582e+00
 1.41018841e+00
 1.39830291e+00
 1.38676760e+00
 1.37574439e+00
 1.36535014e+00
 1.35568044e+00
 1.34682871e+00
 1.33889000e+00
 1.33196596e+00
 1.32620235e+00
 1.32183357e+00
 1.31911971e+00
 1.31820592e+00
 1.55242299e+00
 1.55236270e+00
 1.55193956e+00
 1.55077654e+00
 1.54876903e+00
 1.54599405e+00
 1.54250299e+00
 1.53828085e+00
 1.53327201e+00
 1.52740099e+00
 1.52061603e+00
 1.51293679e+00
 1.50441397e+00
 1.49503198e+00
 1.48474631e+00
 1.47373616e+00
 1.46239151e+00
 1.45084045e+00
 1.43899661e+00
 1.42690338e+00
 1.41472389e+00
 1.40268137e+00
 1.39102676e+00
 1.37994024e+00
 1.36950579e+00
 1.35977906e+00
 1.35082749e+00
 1.34273933e+00
 1.33560017e+00
 1.32946230e+00
 1.32443604e+00
 1.32093022e+00
 1.31963595e+00
 1.56182054e+00
 1.56105394e+00
 1.55913967e+00
 1.55672000e+00
 1.55403985e+00
 1.55099175e+00
 1.54741682e+00
 1.54320749e+00
 1.53824951e+00
 1.53238749e+00
 1.52551978e+00
 1.51773374e+00
 1.50917636e+00
 1.49977943e+00
 1.48927015e+00
 1.47785498e+00
 1.46639846e+00
 1.45496462e+00
 1.44313707e+00
 1.43096224e+00
 1.41863528e+00
 1.40640114e+00
 1.39462679e+00
 1.38355075e+00
 1.37318980e+00
 1.36355735e+00
 1.35470709e+00
 1.34678056e+00
 1.34009359e+00
 1.33508249e+00
 1.33203759e+00
 1.33072779e+00
 1.33043374e+00
 1.56180803e+00
 1.56169357e+00
 1.56115108e+00
 1.55987741e+00
 1.55778063e+00
 1.55492769e+00
 1.55142459e+00
 1.54732839e+00
 1.54252141e+00
 1.53671215e+00
 1.52969114e+00
 1.52172755e+00
 1.51319134e+00
 1.50394755e+00
 1.49321374e+00
 1.48105181e+00
 1.46955808e+00
 1.45848959e+00
 1.44669153e+00
 1.43444181e+00
 1.42197246e+00
 1.40946666e+00
 1.39753032e+00
 1.38656219e+00
 1.37636883e+00
 1.36694802e+00
 1.35831427e+00
 1.35044029e+00
 1.34350767e+00
 1.33785255e+00
 1.33372974e+00
 1.33122200e+00
 1.33037359e+00
 1.56407587e+00
 1.56403913e+00
 1.56375010e+00
 1.56279940e+00
 1.56087901e+00
 1.55803309e+00
 1.55455625e+00
 1.55066783e+00
 1.54615861e+00
 1.54047990e+00
 1.53315947e+00
 1.52488757e+00
 1.51644232e+00
 1.50761809e+00
 1.49679076e+00
 1.48318046e+00
 1.47186794e+00
 1.46156369e+00
 1.44967980e+00
 1.43737017e+00
 1.42480900e+00
 1.41189934e+00
 1.39967753e+00
 1.38900603e+00
 1.37900155e+00
 1.36986058e+00
 1.36166488e+00
 1.35397080e+00
 1.34665689e+00
 1.33995800e+00
 1.33440294e+00
 1.33065588e+00
 1.32932153e+00
 1.56906074e+00
 1.56879956e+00
 1.56791589e+00
 1.56624996e+00
 1.56369225e+00
 1.56038712e+00
 1.55680423e+00
 1.55325980e+00
 1.54921564e+00
 1.54380443e+00
 1.53594518e+00
 1.52718827e+00
 1.51892486e+00
 1.51078207e+00
 1.50031577e+00
 1.48402940e+00
 1.47339863e+00
 1.46436679e+00
 1.45206461e+00
 1.43976014e+00
 1.42722430e+00
 1.41376299e+00
 1.40097674e+00
 1.39102213e+00
 1.38104655e+00
 1.37214182e+00
 1.36475623e+00
 1.35765563e+00
 1.35056998e+00
 1.34356140e+00
 1.33752613e+00
 1.33352212e+00
 1.33212997e+00
 1.57358931e+00
 1.57306277e+00
 1.57155612e+00
 1.56916156e+00
 1.56583457e+00
 1.56187266e+00
 1.55815313e+00
 1.55517526e+00
 1.55168317e+00
 1.54674862e+00
 1.53805932e+00
 1.52864838e+00
 1.52070889e+00
 1.51327795e+00
 1.50406850e+00
 1.48346585e+00
 1.47433760e+00
 1.46700076e+00
 1.45377216e+00
 1.44162242e+00
 1.42924970e+00
 1.41518365e+00
 1.40133859e+00
 1.39285612e+00
 1.38246640e+00
 1.37361260e+00
 1.36748699e+00
 1.36116029e+00
 1.35504975e+00
 1.34816364e+00
 1.34145689e+00
 1.33692145e+00
 1.33538527e+00
 1.57644402e+00
 1.57584664e+00
 1.57409236e+00
 1.57124741e+00
 1.56722966e+00
 1.56256048e+00
 1.55872094e+00
 1.55652891e+00
 1.55348122e+00
 1.54923149e+00
 1.53951893e+00
 1.52938020e+00
 1.52193970e+00
 1.51489912e+00
 1.50793717e+00
 1.48176753e+00
 1.47493212e+00
 1.46934527e+00
 1.45478755e+00
 1.44297284e+00
 1.43082166e+00
 1.41629451e+00
 1.40085063e+00
 1.39465996e+00
 1.38326990e+00
 1.37423173e+00
 1.36979213e+00
 1.36379839e+00
 1.35946633e+00
 1.35327574e+00
 1.34549425e+00
 1.33956094e+00
 1.33747409e+00
 1.57778426e+00
 1.57719741e+00
 1.57550324e+00
 1.57247846e+00
 1.56797505e+00
 1.56273742e+00
 1.55880344e+00
 1.55738551e+00
 1.55454175e+00
 1.55097401e+00
 1.54036230e+00
 1.52962030e+00
 1.52271322e+00
 1.51566084e+00
 1.51110172e+00
 1.47987753e+00
 1.47532286e+00
 1.47103586e+00
 1.45524304e+00
 1.44380887e+00
 1.43182040e+00
 1.41709028e+00
 1.40001219e+00
 1.39617668e+00
 1.38359134e+00
 1.37425671e+00
 1.37151210e+00
 1.36513387e+00
 1.36281546e+00
 1.35765232e+00
 1.34903302e+00
 1.34129928e+00
 1.33838760e+00
 1.57814600e+00
 1.57765872e+00
 1.57603046e+00
 1.57291333e+00
 1.56821257e+00
 1.56274755e+00
 1.55877172e+00
 1.55769003e+00
 1.55488402e+00
 1.55161277e+00
 1.54063624e+00
 1.52965501e+00
 1.52298878e+00
 1.51585190e+00
 1.51235608e+00
 1.47904692e+00
 1.47547204e+00
 1.47165961e+00
 1.45535800e+00
 1.44409554e+00
 1.43216107e+00
 1.41739459e+00
 1.39959975e+00
 1.39679616e+00
 1.38365895e+00
 1.37417506e+00
 1.37218982e+00
 1.36546544e+00
 1.36409197e+00
 1.35944442e+00
 1.35065158e+00
 1.34211199e+00
 1.33861000e+00
