 0.00000000e+00
 6.77142654e-18
 -2.29691470e-17
 -6.41905831e-18
 -1.06206674e-16
 -8.68736378e-17
 -4.38619786e-16
 -6.50908496e-18
 -7.65691514e-17
 -3.94087244e-17
 1.58316598e-18
 4.55644530e-18
 1.76630346e-18
 1.96458248e-18
 1.73821166e-18
 0.00000000e+00
 -5.68191591e-06
 -2.65488000e-06
 -6.28095353e-07
 -2.73703947e-07
 -2.27318254e-07
 -2.56480142e-07
 -2.75099505e-07
 -2.76842215e-07
 -2.54605177e-07
 -2.16441863e-07
 -1.66226486e-07
 -1.14799816e-07
 -6.70131423e-08
 -3.21532779e-08
 3.78981266e-10
 0.00000000e+00
 -4.38059021e-06
 -3.52831407e-06
 -1.78503008e-06
 -9.72583091e-07
 -9.01091883e-07
 -1.01098352e-06
 -1.09418651e-06
 -1.09540324e-06
 -1.01091366e-06
 -8.56542290e-07
 -6.60136133e-07
 -4.53776789e-07
 -2.67129607e-07
 -1.21517021e-07
 -3.32972379e-08
 0.00000000e+00
 -1.81372209e-06
 -1.79387748e-06
 -1.70687427e-06
 -1.69891357e-06
 -1.94349643e-06
 -2.25210207e-06
 -2.44083460e-06
 -2.44115408e-06
 -2.25119796e-06
 -1.90693707e-06
 -1.46950363e-06
 -1.01015811e-06
 -5.94702519e-07
 -2.71411179e-07
 -6.70096966e-08
 0.00000000e+00
 3.98204223e-07
 -1.37487762e-07
 -1.31292161e-06
 -2.47292368e-06
 -3.37519861e-06
 -4.00786487e-06
 -4.33489326e-06
 -4.32196765e-06
 -3.97890965e-06
 -3.36826518e-06
 -2.59519082e-06
 -1.78413206e-06
 -1.05022435e-06
 -4.79066501e-07
 -1.22759100e-07
 0.00000000e+00
 -1.32330238e-06
 -1.76611829e-06
 -2.90793025e-06
 -4.29742650e-06
 -5.53745333e-06
 -6.42494798e-06
 -6.86337772e-06
 -6.79969314e-06
 -6.24226500e-06
 -5.27920618e-06
 -4.06732906e-06
 -2.79682020e-06
 -1.64686586e-06
 -7.51476101e-07
 -1.88912612e-07
 0.00000000e+00
 -5.52445153e-06
 -5.75870820e-06
 -6.46689225e-06
 -7.55461946e-06
 -8.74174881e-06
 -9.69961982e-06
 -1.01671514e-05
 -9.98974214e-06
 -9.14053277e-06
 -7.72482359e-06
 -5.95475922e-06
 -4.09821888e-06
 -2.41453065e-06
 -1.10194044e-06
 -2.80593995e-07
 0.00000000e+00
 -9.78725078e-06
 -1.00298654e-05
 -1.07127804e-05
 -1.17360658e-05
 -1.29138248e-05
 -1.39154186e-05
 -1.43709823e-05
 -1.40222490e-05
 -1.27996467e-05
 -1.08230871e-05
 -8.36088420e-06
 -5.76766676e-06
 -3.40384174e-06
 -1.55476127e-06
 -3.92007866e-07
 0.00000000e+00
 -1.43304230e-05
 -1.45389829e-05
 -1.52352654e-05
 -1.64284219e-05
 -1.78545388e-05
 -1.90495116e-05
 -1.95324817e-05
 -1.89821236e-05
 -1.73183649e-05
 -1.46870756e-05
 -1.14062936e-05
 -7.91260124e-06
 -4.68780716e-06
 -2.14482708e-06
 -5.46001571e-07
 0.00000000e+00
 -1.75847511e-05
 -1.81035787e-05
 -1.95001524e-05
 -2.14400841e-05
 -2.34869548e-05
 -2.50612663e-05
 -2.56150578e-05
 -2.48360809e-05
 -2.26872296e-05
 -1.93588147e-05
 -1.51975114e-05
 -1.06718093e-05
 -6.38093746e-06
 -2.93282040e-06
 -7.40453610e-07
 0.00000000e+00
 -2.20295529e-05
 -2.26329238e-05
 -2.44235673e-05
 -2.70989498e-05
 -2.98824290e-05
 -3.18533255e-05
 -3.24093123e-05
 -3.13430807e-05
 -2.86921088e-05
 -2.47071711e-05
 -1.97630556e-05
 -1.42270567e-05
 -8.68996050e-06
 -4.03788531e-06
 -1.03358314e-06
 0.00000000e+00
 -2.56627716e-05
 -2.66741626e-05
 -2.95030843e-05
 -3.33961412e-05
 -3.69684698e-05
 -3.90872843e-05
 -3.94201781e-05
 -3.80035250e-05
 -3.48691359e-05
 -3.03114197e-05
 -2.49124459e-05
 -1.87596541e-05
 -1.20243217e-05
 -5.76211943e-06
 -1.46779768e-06
 0.00000000e+00
 -2.91272216e-05
 -3.06607273e-05
 -3.50473721e-05
 -4.05245176e-05
 -4.43715748e-05
 -4.60397954e-05
 -4.58690462e-05
 -4.41349574e-05
 -4.06103210e-05
 -3.54423867e-05
 -3.00599053e-05
 -2.41405594e-05
 -1.70034641e-05
 -8.88496041e-06
 -2.38256499e-06
 0.00000000e+00
 -3.10305085e-05
 -3.39509956e-05
 -4.14841072e-05
 -4.84039783e-05
 -5.10064728e-05
 -5.17312938e-05
 -5.09312527e-05
 -4.90437448e-05
 -4.53596701e-05
 -3.92971437e-05
 -3.43474744e-05
 -2.93839139e-05
 -2.34937516e-05
 -1.52404271e-05
 -4.62324712e-06
 0.00000000e+00
 -3.24305716e-05
 -3.74200941e-05
 -4.85682030e-05
 -5.53257080e-05
 -5.53373007e-05
 -5.54038372e-05
 -5.40631415e-05
 -5.21830330e-05
 -4.86151599e-05
 -4.14545558e-05
 -3.71189414e-05
 -3.30543662e-05
 -2.89042310e-05
 -2.47032719e-05
 -1.40067316e-05
 0.00000000e+00
 -3.30000000e-05
 -3.94561774e-05
 -5.21047963e-05
 -5.81457391e-05
 -5.67443516e-05
 -5.66723777e-05
 -5.51074512e-05
 -5.32511147e-05
 -4.98101373e-05
 -4.20874727e-05
 -3.80863025e-05
 -3.43154347e-05
 -3.08811175e-05
 -2.89599891e-05
 -2.75626397e-05
 -2.70000000e-05
