 1.00000000e+00
 1.00000000e+00
 1.00000000e+00
 1.00000000e+00
 1.00000000e+00
 1.00000000e+00
 1.00000000e+00
 1.00000000e+00
 1.00000000e+00
 1.00000000e+00
 1.00000000e+00
 1.01846284e+00
 1.02008634e+00
 1.02123918e+00
 1.02028986e+00
 1.01782737e+00
 1.01392585e+00
 1.00916871e+00
 1.00466711e+00
 1.00148520e+00
 1.00011761e+00
 1.00000000e+00
 1.08690812e+00
 1.08737056e+00
 1.08605949e+00
 1.08122590e+00
 1.07159644e+00
 1.05642120e+00
 1.03789409e+00
 1.02029000e+00
 1.00765473e+00
 1.00148674e+00
 1.00000000e+00
 1.19763055e+00
 1.19418532e+00
 1.18835537e+00
 1.17884904e+00
 1.15880101e+00
 1.12647555e+00
 1.08678114e+00
 1.04868773e+00
 1.02030499e+00
 1.00467114e+00
 1.00000000e+00
 1.30188725e+00
 1.30722193e+00
 1.31153044e+00
 1.30047634e+00
 1.26837577e+00
 1.21556130e+00
 1.15036236e+00
 1.08690967e+00
 1.03797818e+00
 1.00919218e+00
 1.00000000e+00
 1.46078847e+00
 1.45687439e+00
 1.44724955e+00
 1.42563263e+00
 1.37985565e+00
 1.30667966e+00
 1.21612585e+00
 1.12697768e+00
 1.05667406e+00
 1.01399108e+00
 1.00000000e+00
 1.55305830e+00
 1.55495323e+00
 1.55089064e+00
 1.52612201e+00
 1.47035744e+00
 1.38125461e+00
 1.27022752e+00
 1.15997659e+00
 1.07206382e+00
 1.01793906e+00
 1.00000000e+00
 1.63189368e+00
 1.62860787e+00
 1.61779678e+00
 1.58830192e+00
 1.52703203e+00
 1.42925176e+00
 1.30481554e+00
 1.18074463e+00
 1.08134168e+00
 1.02024042e+00
 1.00000000e+00
 1.65220609e+00
 1.65327073e+00
 1.64585520e+00
 1.61353058e+00
 1.55189181e+00
 1.45369002e+00
 1.32050951e+00
 1.19036360e+00
 1.08319986e+00
 1.02009396e+00
 1.00000000e+00
 1.66191865e+00
 1.66325143e+00
 1.65414678e+00
 1.61573882e+00
 1.55707743e+00
 1.46518442e+00
 1.32284250e+00
 1.19562711e+00
 1.07733082e+00
 1.01571835e+00
 1.00000000e+00
 1.66751100e+00
 1.66834287e+00
 1.65603726e+00
 1.61333097e+00
 1.55657481e+00
 1.46931499e+00
 1.32123791e+00
 1.19872125e+00
 1.07215087e+00
 1.01104891e+00
 1.00000000e+00
