 8.38130000e-02
 8.98384750e-02
 9.02538715e-02
 5.68430988e-02
 1.30722218e-02
 3.50423401e-02
 2.77101719e-02
 1.47980277e-02
 3.02146634e-02
 9.14797005e-02
 7.72113381e-02
 7.48679181e-02
 8.55083064e-02
 5.87228969e-02
 3.76182920e-02
 3.27960567e-02
 3.34970000e-02
 6.00593865e-02
 7.05788350e-02
 7.26032630e-02
 3.89431116e-02
 -6.75918648e-03
 -2.91093686e-03
 -1.66694339e-02
 -3.08690118e-02
 -1.21789415e-02
 4.91690082e-02
 5.22784293e-02
 6.26210048e-02
 7.92989542e-02
 6.21954118e-02
 4.46976022e-02
 4.65275166e-02
 6.56309799e-02
 4.88073719e-02
 4.72202366e-02
 3.38136344e-02
 -8.55844786e-03
 -6.67490785e-02
 -1.03925890e-01
 -1.37773563e-01
 -1.56064225e-01
 -1.30400879e-01
 -6.32199910e-02
 -1.78650422e-02
 2.67703726e-02
 6.31803790e-02
 6.81937197e-02
 5.68022712e-02
 3.67095154e-02
 2.21790704e-02
 5.01980659e-02
 3.61793571e-02
 -3.96129171e-03
 -7.05796616e-02
 -1.56206832e-01
 -2.37862155e-01
 -3.01341545e-01
 -3.27534637e-01
 -2.94843507e-01
 -2.11154434e-01
 -1.16938621e-01
 -2.70058996e-02
 4.01732300e-02
 7.04912430e-02
 7.20467620e-02
 6.04324686e-02
 5.41442679e-02
 4.28729149e-02
 2.38731002e-02
 -3.40541047e-02
 -1.28177699e-01
 -2.46526010e-01
 -3.66200511e-01
 -4.58686651e-01
 -4.95305540e-01
 -4.57025750e-01
 -3.52680188e-01
 -2.17014170e-01
 -8.54406141e-02
 1.22171305e-02
 6.29535118e-02
 7.80260076e-02
 7.97111744e-02
 7.98759360e-02
 4.60861004e-02
 2.07587107e-02
 -5.17175898e-02
 -1.64298774e-01
 -3.04273798e-01
 -4.46900582e-01
 -5.57655525e-01
 -6.02375265e-01
 -5.61725918e-01
 -4.44370626e-01
 -2.85349566e-01
 -1.29434364e-01
 -1.44179891e-02
 4.21472843e-02
 4.76012543e-02
 2.83861019e-02
 1.68757846e-02
 3.36620152e-02
 1.24081785e-02
 -5.39593481e-02
 -1.63861419e-01
 -3.02861503e-01
 -4.44781899e-01
 -5.55304457e-01
 -6.00944178e-01
 -5.63205989e-01
 -4.49853551e-01
 -2.93891688e-01
 -1.39675326e-01
 -2.49205499e-02
 3.26193558e-02
 3.93390110e-02
 2.14887422e-02
 1.06285029e-02
 6.18883004e-02
 3.80264537e-02
 -2.64371050e-02
 -1.19893571e-01
 -2.31729682e-01
 -3.44632419e-01
 -4.32762043e-01
 -4.69877085e-01
 -4.41347163e-01
 -3.52880550e-01
 -2.29878189e-01
 -1.06784434e-01
 -1.20198449e-02
 4.37565253e-02
 6.87386689e-02
 7.80260992e-02
 8.05781586e-02
 1.23422407e-02
 9.04389048e-03
 -7.80223116e-03
 -4.57855096e-02
 -1.00410873e-01
 -1.58757998e-01
 -2.05161003e-01
 -2.25420749e-01
 -2.11782203e-01
 -1.66804556e-01
 -1.03037871e-01
 -3.80286729e-02
 1.28625879e-02
 4.23673559e-02
 5.32829682e-02
 5.48738034e-02
 5.46094052e-02
 6.93403217e-02
 6.64726111e-02
 6.25695898e-02
 6.33438839e-02
 6.87458372e-02
 7.59159812e-02
 8.15419280e-02
 8.26467980e-02
 7.77642475e-02
 6.80240237e-02
 5.69622852e-02
 4.85060349e-02
 4.39826624e-02
 4.03011970e-02
 3.17121946e-02
 1.76791299e-02
 1.00265187e-02
 6.72870553e-02
 7.81831968e-02
 1.10576773e-01
 1.64358819e-01
 2.35177069e-01
 3.09719568e-01
 3.68055786e-01
 3.90489181e-01
 3.66218864e-01
 2.99928793e-01
 2.11613913e-01
 1.28264753e-01
 7.14131468e-02
 4.91254165e-02
 5.75702665e-02
 8.21651286e-02
 9.57135515e-02
 4.61933426e-02
 6.77878743e-02
 1.33176109e-01
 2.38106744e-01
 3.68997041e-01
 5.02357258e-01
 6.05566666e-01
 6.45550819e-01
 6.03564953e-01
 4.86825347e-01
 3.28937147e-01
 1.77304139e-01
 7.20400831e-02
 2.53219530e-02
 1.74168076e-02
 1.94651914e-02
 2.02137922e-02
 1.68760645e-02
 5.14116105e-02
 1.46678249e-01
 2.88439818e-01
 4.60912010e-01
 6.35954198e-01
 7.71159220e-01
 8.23133592e-01
 7.66881340e-01
 6.10522845e-01
 3.96110065e-01
 1.85454089e-01
 3.72702375e-02
 -1.97295509e-02
 -8.32812999e-03
 1.99502019e-02
 3.14943385e-02
 4.80321003e-02
 7.83223965e-02
 1.69498271e-01
 3.19588067e-01
 5.13321840e-01
 7.13299182e-01
 8.67941115e-01
 9.26757621e-01
 8.60497101e-01
 6.76831104e-01
 4.20987894e-01
 1.60517273e-01
 -3.47602869e-02
 -1.08988823e-01
 -5.31426301e-02
 4.55512075e-02
 8.92468278e-02
 7.46775202e-02
 9.64548535e-02
 1.75042504e-01
 3.29122911e-01
 5.35994161e-01
 7.49714675e-01
 9.14515878e-01
 9.76585618e-01
 9.04317209e-01
 7.04465826e-01
 4.22217394e-01
 1.24239977e-01
 -1.22091483e-01
 -2.56549876e-01
 -2.12994421e-01
 -5.09113517e-03
 1.01166096e-01
 7.02023282e-02
 7.27254145e-02
 1.57775203e-01
 3.26837990e-01
 5.42703868e-01
 7.63096216e-01
 9.32187886e-01
 9.95588221e-01
 9.20265298e-01
 7.12668886e-01
 4.16557979e-01
 9.70045280e-02
 -1.86795094e-01
 -3.89352799e-01
 -4.75477052e-01
 -2.84402597e-01
 8.27653159e-02
 0.00000000e+00
 3.77428631e-02
 1.48937520e-01
 3.24890336e-01
 5.43911825e-01
 7.66017514e-01
 9.36344847e-01
 9.99953290e-01
 9.23867982e-01
 7.13890317e-01
 4.13864591e-01
 8.71272965e-02
 -2.08761924e-01
 -4.38983224e-01
 -5.93982233e-01
 -6.79976840e-01
 -7.07107000e-01
