 1.58025500e+00
 1.57821656e+00
 1.57358647e+00
 1.56988329e+00
 1.56996702e+00
 1.57193758e+00
 1.56684172e+00
 1.55979471e+00
 1.55460200e+00
 1.54967206e+00
 1.54330475e+00
 1.53519451e+00
 1.52764553e+00
 1.50748958e+00
 1.50960701e+00
 1.48936336e+00
 1.48122270e+00
 1.46832373e+00
 1.44722560e+00
 1.45101328e+00
 1.43158701e+00
 1.42005414e+00
 1.40309023e+00
 1.39133165e+00
 1.38662826e+00
 1.37332058e+00
 1.36823347e+00
 1.36434673e+00
 1.35854446e+00
 1.34980776e+00
 1.34007030e+00
 1.33245666e+00
 1.32958500e+00
 1.57919511e+00
 1.57760698e+00
 1.57364720e+00
 1.57017100e+00
 1.56985952e+00
 1.57111683e+00
 1.56638003e+00
 1.55961941e+00
 1.55435385e+00
 1.54935010e+00
 1.54291716e+00
 1.53492818e+00
 1.52694027e+00
 1.50801706e+00
 1.50862675e+00
 1.48950242e+00
 1.48084059e+00
 1.46787601e+00
 1.44784405e+00
 1.44995692e+00
 1.43155374e+00
 1.41959598e+00
 1.40311234e+00
 1.39141893e+00
 1.38600771e+00
 1.37342671e+00
 1.36789283e+00
 1.36360948e+00
 1.35748329e+00
 1.34881375e+00
 1.33953145e+00
 1.33266665e+00
 1.33025767e+00
 1.57628579e+00
 1.57549702e+00
 1.57312615e+00
 1.57042594e+00
 1.56934311e+00
 1.56907727e+00
 1.56502686e+00
 1.55897903e+00
 1.55359101e+00
 1.54837167e+00
 1.54180817e+00
 1.53401975e+00
 1.52514476e+00
 1.50906448e+00
 1.50616409e+00
 1.48962485e+00
 1.47977365e+00
 1.46671264e+00
 1.44917476e+00
 1.44730328e+00
 1.43119911e+00
 1.41840148e+00
 1.40305384e+00
 1.39148843e+00
 1.38447894e+00
 1.37341741e+00
 1.36689422e+00
 1.36155623e+00
 1.35475032e+00
 1.34641382e+00
 1.33847838e+00
 1.33329331e+00
 1.33161458e+00
 1.57229683e+00
 1.57201013e+00
 1.57101978e+00
 1.56945427e+00
 1.56800778e+00
 1.56649446e+00
 1.56291530e+00
 1.55765260e+00
 1.55223978e+00
 1.54672658e+00
 1.54005420e+00
 1.53231833e+00
 1.52283514e+00
 1.50958259e+00
 1.50314279e+00
 1.48916400e+00
 1.47817849e+00
 1.46515914e+00
 1.45015301e+00
 1.44406449e+00
 1.43009644e+00
 1.41678362e+00
 1.40264172e+00
 1.39116805e+00
 1.38260967e+00
 1.37274108e+00
 1.36525075e+00
 1.35865236e+00
 1.35130899e+00
 1.34363043e+00
 1.33722749e+00
 1.33336306e+00
 1.33213302e+00
 1.56837801e+00
 1.56836002e+00
 1.56808749e+00
 1.56723671e+00
 1.56576929e+00
 1.56363412e+00
 1.56022163e+00
 1.55551671e+00
 1.55018564e+00
 1.54441862e+00
 1.53766221e+00
 1.52984156e+00
 1.52027345e+00
 1.50890217e+00
 1.50010828e+00
 1.48778678e+00
 1.47614922e+00
 1.46334879e+00
 1.45003305e+00
 1.44087807e+00
 1.42812648e+00
 1.41486095e+00
 1.40163952e+00
 1.39020499e+00
 1.38061561e+00
 1.37119356e+00
 1.36300169e+00
 1.35547193e+00
 1.34796308e+00
 1.34094164e+00
 1.33536620e+00
 1.33190480e+00
 1.33075161e+00
 1.56587423e+00
 1.56580889e+00
 1.56546284e+00
 1.56454869e+00
 1.56289385e+00
 1.56043533e+00
 1.55701307e+00
 1.55257893e+00
 1.54734659e+00
 1.54143262e+00
 1.53460370e+00
 1.52670224e+00
 1.51735400e+00
 1.50695304e+00
 1.49703140e+00
 1.48549759e+00
 1.47366843e+00
 1.46116709e+00
 1.44866480e+00
 1.43777879e+00
 1.42546442e+00
 1.41254809e+00
 1.39993103e+00
 1.38851775e+00
 1.37836653e+00
 1.36890605e+00
 1.36029501e+00
 1.35237237e+00
 1.34505928e+00
 1.33866053e+00
 1.33355601e+00
 1.33012622e+00
 1.32888485e+00
 1.56540957e+00
 1.56493979e+00
 1.56366994e+00
 1.56185354e+00
 1.55958637e+00
 1.55676899e+00
 1.55323309e+00
 1.54887392e+00
 1.54370129e+00
 1.53773147e+00
 1.53085944e+00
 1.52295331e+00
 1.51387588e+00
 1.50393218e+00
 1.49363443e+00
 1.48242115e+00
 1.47065115e+00
 1.45842339e+00
 1.44621771e+00
 1.43451755e+00
 1.42228728e+00
 1.40972659e+00
 1.39749133e+00
 1.38610780e+00
 1.37567969e+00
 1.36606119e+00
 1.35727222e+00
 1.34936704e+00
 1.34253592e+00
 1.33712692e+00
 1.33343728e+00
 1.33146128e+00
 1.33087533e+00
 1.56063838e+00
 1.56027850e+00
 1.55924371e+00
 1.55758421e+00
 1.55529490e+00
 1.55235816e+00
 1.54874225e+00
 1.54439024e+00
 1.53925043e+00
 1.53328009e+00
 1.52641092e+00
 1.51856391e+00
 1.50970828e+00
 1.50001236e+00
 1.48967882e+00
 1.47862928e+00
 1.46700352e+00
 1.45498585e+00
 1.44287975e+00
 1.43085547e+00
 1.41863505e+00
 1.40632831e+00
 1.39433712e+00
 1.38300009e+00
 1.37245579e+00
 1.36273531e+00
 1.35391486e+00
 1.34613158e+00
 1.33957016e+00
 1.33440369e+00
 1.33072814e+00
 1.32854987e+00
 1.32783083e+00
 1.55518057e+00
 1.55496406e+00
 1.55413724e+00
 1.55248506e+00
 1.55006768e+00
 1.54703296e+00
 1.54339842e+00
 1.53907960e+00
 1.53398593e+00
 1.52805289e+00
 1.52122884e+00
 1.51347365e+00
 1.50479140e+00
 1.49527346e+00
 1.48503209e+00
 1.47412132e+00
 1.46265339e+00
 1.45079760e+00
 1.43875551e+00
 1.42664371e+00
 1.41445700e+00
 1.40232127e+00
 1.39049669e+00
 1.37922420e+00
 1.36865825e+00
 1.35890796e+00
 1.35010301e+00
 1.34240923e+00
 1.33598445e+00
 1.33089516e+00
 1.32711363e+00
 1.32468596e+00
 1.32382888e+00
 1.55076767e+00
 1.54995654e+00
 1.54800567e+00
 1.54570348e+00
 1.54328509e+00
 1.54050672e+00
 1.53709517e+00
 1.53291162e+00
 1.52790076e+00
 1.52203233e+00
 1.51528109e+00
 1.50763152e+00
 1.49909739e+00
 1.48973688e+00
 1.47963223e+00
 1.46886803e+00
 1.45755629e+00
 1.44584296e+00
 1.43388413e+00
 1.42180106e+00
 1.40968726e+00
 1.39768620e+00
 1.38599560e+00
 1.37480836e+00
 1.36428042e+00
 1.35454316e+00
 1.34572953e+00
 1.33799612e+00
 1.33155077e+00
 1.32666166e+00
 1.32353010e+00
 1.32201198e+00
 1.32160671e+00
 1.53274267e+00
 1.53349222e+00
 1.53497707e+00
 1.53579224e+00
 1.53518149e+00
 1.53317226e+00
 1.53003538e+00
 1.52595762e+00
 1.52101205e+00
 1.51521057e+00
 1.50854397e+00
 1.50100617e+00
 1.49261153e+00
 1.48340397e+00
 1.47345265e+00
 1.46284531e+00
 1.45169154e+00
 1.44012237e+00
 1.42827678e+00
 1.41628598e+00
 1.40427996e+00
 1.39241091e+00
 1.38085278e+00
 1.36977817e+00
 1.35934164e+00
 1.34967606e+00
 1.34088765e+00
 1.33303814e+00
 1.32612042e+00
 1.32008140e+00
 1.31500185e+00
 1.31137745e+00
 1.31002542e+00
 1.53905634e+00
 1.53796578e+00
 1.53531875e+00
 1.53222582e+00
 1.52919180e+00
 1.52605292e+00
 1.52248522e+00
 1.51827829e+00
 1.51332901e+00
 1.50758244e+00
 1.50100571e+00
 1.49358514e+00
 1.48533035e+00
 1.47627747e+00
 1.46648815e+00
 1.45604663e+00
 1.44505808e+00
 1.43364523e+00
 1.42194115e+00
 1.41008308e+00
 1.39821467e+00
 1.38649201e+00
 1.37508161e+00
 1.36415103e+00
 1.35386152e+00
 1.34436560e+00
 1.33580714e+00
 1.32832963e+00
 1.32210610e+00
 1.31736171e+00
 1.31427137e+00
 1.31271887e+00
 1.31228573e+00
 1.52321469e+00
 1.52335216e+00
 1.52333436e+00
 1.52244055e+00
 1.52043635e+00
 1.51753176e+00
 1.51394429e+00
 1.50972118e+00
 1.50480854e+00
 1.49913942e+00
 1.49266799e+00
 1.48537459e+00
 1.47726535e+00
 1.46837217e+00
 1.45875204e+00
 1.44848514e+00
 1.43767235e+00
 1.42643165e+00
 1.41489363e+00
 1.40319804e+00
 1.39149334e+00
 1.37993707e+00
 1.36869355e+00
 1.35792969e+00
 1.34781322e+00
 1.33851528e+00
 1.33021243e+00
 1.32307063e+00
 1.31718969e+00
 1.31254134e+00
 1.30903118e+00
 1.30672005e+00
 1.30589013e+00
 1.51937976e+00
 1.51846621e+00
 1.51619925e+00
 1.51344551e+00
 1.51063483e+00
 1.50765922e+00
 1.50424683e+00
 1.50020520e+00
 1.49543805e+00
 1.48989722e+00
 1.48355567e+00
 1.47640277e+00
 1.46844730e+00
 1.45972042e+00
 1.45027674e+00
 1.44019346e+00
 1.42956815e+00
 1.41851570e+00
 1.40716494e+00
 1.39565583e+00
 1.38413776e+00
 1.37276791e+00
 1.36170832e+00
 1.35112179e+00
 1.34116778e+00
 1.33200090e+00
 1.32377719e+00
 1.31667560e+00
 1.31092440e+00
 1.30676881e+00
 1.30429483e+00
 1.30320938e+00
 1.30294801e+00
 1.49621572e+00
 1.49677406e+00
 1.49793154e+00
 1.49865049e+00
 1.49822021e+00
 1.49650685e+00
 1.49367825e+00
 1.48991742e+00
 1.48532331e+00
 1.47992625e+00
 1.47372679e+00
 1.46672379e+00
 1.45892926e+00
 1.45037494e+00
 1.44111454e+00
 1.43122346e+00
 1.42079702e+00
 1.40994776e+00
 1.39880261e+00
 1.38750025e+00
 1.37618891e+00
 1.36502409e+00
 1.35416531e+00
 1.34377121e+00
 1.33399097e+00
 1.32494858e+00
 1.31671669e+00
 1.30928721e+00
 1.30257617e+00
 1.29653199e+00
 1.29136404e+00
 1.28770141e+00
 1.28635254e+00
 1.49641536e+00
 1.49578643e+00
 1.49411460e+00
 1.49183037e+00
 1.48922329e+00
 1.48632543e+00
 1.48301583e+00
 1.47914750e+00
 1.47460769e+00
 1.46932632e+00
 1.46326656e+00
 1.45641671e+00
 1.44878704e+00
 1.44040946e+00
 1.43133758e+00
 1.42164597e+00
 1.41142839e+00
 1.40079542e+00
 1.38987175e+00
 1.37879364e+00
 1.36770663e+00
 1.35676335e+00
 1.34612114e+00
 1.33593974e+00
 1.32637941e+00
 1.31760054e+00
 1.30976516e+00
 1.30303624e+00
 1.29756306e+00
 1.29344147e+00
 1.29066334e+00
 1.28910698e+00
 1.28861279e+00
 1.48516479e+00
 1.48447930e+00
 1.48266861e+00
 1.48024491e+00
 1.47757610e+00
 1.47471072e+00
 1.47149472e+00
 1.46774654e+00
 1.46333731e+00
 1.45819323e+00
 1.45227814e+00
 1.44558218e+00
 1.43811755e+00
 1.42991768e+00
 1.42103694e+00
 1.41154977e+00
 1.40154895e+00
 1.39114323e+00
 1.38045469e+00
 1.36961623e+00
 1.35876922e+00
 1.34806148e+00
 1.33764539e+00
 1.32767682e+00
 1.31831599e+00
 1.30973311e+00
 1.30212197e+00
 1.29571767e+00
 1.29078922e+00
 1.28754339e+00
 1.28591600e+00
 1.28542115e+00
 1.28536840e+00
 1.45978202e+00
 1.46043635e+00
 1.46187454e+00
 1.46300378e+00
 1.46301354e+00
 1.46170673e+00
 1.45925410e+00
 1.45586510e+00
 1.45165527e+00
 1.44666131e+00
 1.44088827e+00
 1.43434066e+00
 1.42703622e+00
 1.41901096e+00
 1.41032057e+00
 1.40103987e+00
 1.39126105e+00
 1.38109119e+00
 1.37064950e+00
 1.36006469e+00
 1.34947273e+00
 1.33901467e+00
 1.32883431e+00
 1.31907516e+00
 1.30987484e+00
 1.30135296e+00
 1.29358456e+00
 1.28655835e+00
 1.28015768e+00
 1.27426545e+00
 1.26905470e+00
 1.26523825e+00
 1.26380513e+00
 1.46118913e+00
 1.46037219e+00
 1.45829968e+00
 1.45571922e+00
 1.45309762e+00
 1.45042586e+00
 1.44745732e+00
 1.44395951e+00
 1.43979433e+00
 1.43489667e+00
 1.42924157e+00
 1.42282773e+00
 1.41567317e+00
 1.40781518e+00
 1.39931063e+00
 1.39023503e+00
 1.38068044e+00
 1.37075250e+00
 1.36056742e+00
 1.35024930e+00
 1.33992795e+00
 1.32973699e+00
 1.31981166e+00
 1.31028600e+00
 1.30128967e+00
 1.29294737e+00
 1.28538870e+00
 1.27877697e+00
 1.27334348e+00
 1.26935670e+00
 1.26694253e+00
 1.26585945e+00
 1.26559194e+00
 1.44423054e+00
 1.44404416e+00
 1.44341742e+00
 1.44224600e+00
 1.44050851e+00
 1.43823088e+00
 1.43540267e+00
 1.43196785e+00
 1.42786274e+00
 1.42304215e+00
 1.41748405e+00
 1.41118700e+00
 1.40416885e+00
 1.39646735e+00
 1.38814046e+00
 1.37926497e+00
 1.36993346e+00
 1.36025061e+00
 1.35032973e+00
 1.34029006e+00
 1.33025494e+00
 1.32035056e+00
 1.31070502e+00
 1.30144696e+00
 1.29270389e+00
 1.28460182e+00
 1.27726818e+00
 1.27083404e+00
 1.26541968e+00
 1.26109875e+00
 1.25789550e+00
 1.25586944e+00
 1.25516446e+00
 1.42819902e+00
 1.42831685e+00
 1.42850554e+00
 1.42837470e+00
 1.42755330e+00
 1.42587226e+00
 1.42334416e+00
 1.42003817e+00
 1.41599980e+00
 1.41124180e+00
 1.40576328e+00
 1.39956720e+00
 1.39267110e+00
 1.38511273e+00
 1.37695178e+00
 1.36826751e+00
 1.35915420e+00
 1.34971631e+00
 1.34006453e+00
 1.33031307e+00
 1.32057827e+00
 1.31097844e+00
 1.30163455e+00
 1.29267083e+00
 1.28421323e+00
 1.27638186e+00
 1.26927365e+00
 1.26294064e+00
 1.25739656e+00
 1.25269420e+00
 1.24902407e+00
 1.24667650e+00
 1.24587116e+00
 1.42197912e+00
 1.42162139e+00
 1.42060120e+00
 1.41905232e+00
 1.41709089e+00
 1.41472237e+00
 1.41186636e+00
 1.40843594e+00
 1.40437328e+00
 1.39964434e+00
 1.39422920e+00
 1.38812146e+00
 1.38133360e+00
 1.37390274e+00
 1.36589207e+00
 1.35738590e+00
 1.34848189e+00
 1.33928511e+00
 1.32990407e+00
 1.32044776e+00
 1.31102472e+00
 1.30174388e+00
 1.29271664e+00
 1.28406087e+00
 1.27590490e+00
 1.26838926e+00
 1.26166625e+00
 1.25589187e+00
 1.25119127e+00
 1.24759070e+00
 1.24500063e+00
 1.24336303e+00
 1.24278475e+00
 1.41216331e+00
 1.41166172e+00
 1.41033093e+00
 1.40847919e+00
 1.40626498e+00
 1.40368563e+00
 1.40067659e+00
 1.39716411e+00
 1.39308355e+00
 1.38838486e+00
 1.38303235e+00
 1.37700740e+00
 1.37031514e+00
 1.36299287e+00
 1.35511198e+00
 1.34676636e+00
 1.33805870e+00
 1.32909511e+00
 1.31998270e+00
 1.31082506e+00
 1.30172197e+00
 1.29277164e+00
 1.28407114e+00
 1.27572324e+00
 1.26784557e+00
 1.26057463e+00
 1.25407073e+00
 1.24853065e+00
 1.24420223e+00
 1.24135308e+00
 1.24007215e+00
 1.23993010e+00
 1.24004662e+00
 1.39710375e+00
 1.39719919e+00
 1.39716434e+00
 1.39647006e+00
 1.39493097e+00
 1.39265060e+00
 1.38975092e+00
 1.38628171e+00
 1.38224250e+00
 1.37760453e+00
 1.37232889e+00
 1.36638809e+00
 1.35977878e+00
 1.35254012e+00
 1.34476219e+00
 1.33655573e+00
 1.32802830e+00
 1.31928535e+00
 1.31043537e+00
 1.30157612e+00
 1.29279660e+00
 1.28418705e+00
 1.27582554e+00
 1.26778771e+00
 1.26016737e+00
 1.25306834e+00
 1.24657906e+00
 1.24073945e+00
 1.23548684e+00
 1.23064000e+00
 1.22614091e+00
 1.22257501e+00
 1.22115718e+00
 1.39133041e+00
 1.39057261e+00
 1.38878412e+00
 1.38673866e+00
 1.38464369e+00
 1.38226396e+00
 1.37938917e+00
 1.37596830e+00
 1.37200467e+00
 1.36746221e+00
 1.36228138e+00
 1.35643037e+00
 1.34989047e+00
 1.34269873e+00
 1.33498948e+00
 1.32689949e+00
 1.31853553e+00
 1.30999421e+00
 1.30139627e+00
 1.29283252e+00
 1.28437030e+00
 1.27611038e+00
 1.26810902e+00
 1.26039496e+00
 1.25304330e+00
 1.24615577e+00
 1.23981186e+00
 1.23408890e+00
 1.22916559e+00
 1.22543254e+00
 1.22332188e+00
 1.22270284e+00
 1.22269017e+00
 1.37433100e+00
 1.37481983e+00
 1.37567214e+00
 1.37581791e+00
 1.37477035e+00
 1.37265554e+00
 1.36977850e+00
 1.36637628e+00
 1.36252924e+00
 1.35812859e+00
 1.35304772e+00
 1.34729834e+00
 1.34081857e+00
 1.33361235e+00
 1.32593341e+00
 1.31793938e+00
 1.30972832e+00
 1.30135689e+00
 1.29299612e+00
 1.28473101e+00
 1.27655440e+00
 1.26864879e+00
 1.26104578e+00
 1.25367030e+00
 1.24659062e+00
 1.23996923e+00
 1.23390703e+00
 1.22843658e+00
 1.22354309e+00
 1.21914600e+00
 1.21522566e+00
 1.21220750e+00
 1.21102040e+00
 1.37208748e+00
 1.37175723e+00
 1.37080934e+00
 1.36924738e+00
 1.36702589e+00
 1.36422040e+00
 1.36100892e+00
 1.35758120e+00
 1.35397184e+00
 1.34979301e+00
 1.34475578e+00
 1.33914292e+00
 1.33273927e+00
 1.32539860e+00
 1.31772901e+00
 1.30980786e+00
 1.30176301e+00
 1.29350172e+00
 1.28535417e+00
 1.27742774e+00
 1.26944059e+00
 1.26188921e+00
 1.25475833e+00
 1.24772664e+00
 1.24085838e+00
 1.23450331e+00
 1.22881291e+00
 1.22381243e+00
 1.21954096e+00
 1.21602909e+00
 1.21333962e+00
 1.21162124e+00
 1.21102975e+00
 1.37105832e+00
 1.37007259e+00
 1.36743788e+00
 1.36390949e+00
 1.36018779e+00
 1.35656696e+00
 1.35298821e+00
 1.34958500e+00
 1.34650974e+00
 1.34268957e+00
 1.33745879e+00
 1.33209182e+00
 1.32585078e+00
 1.31812016e+00
 1.31052678e+00
 1.30261229e+00
 1.29481258e+00
 1.28654746e+00
 1.27856044e+00
 1.27112339e+00
 1.26308464e+00
 1.25589984e+00
 1.24936977e+00
 1.24268677e+00
 1.23585141e+00
 1.22970842e+00
 1.22440696e+00
 1.21988661e+00
 1.21635202e+00
 1.21410461e+00
 1.21328240e+00
 1.21343223e+00
 1.21364573e+00
 1.36501754e+00
 1.36391661e+00
 1.36095615e+00
 1.35701293e+00
 1.35308745e+00
 1.34951784e+00
 1.34577072e+00
 1.34235791e+00
 1.34035309e+00
 1.33710996e+00
 1.33109422e+00
 1.32624737e+00
 1.32037843e+00
 1.31175633e+00
 1.30452799e+00
 1.29641098e+00
 1.28906736e+00
 1.28060786e+00
 1.27265670e+00
 1.26607773e+00
 1.25748968e+00
 1.25075819e+00
 1.24497667e+00
 1.23870120e+00
 1.23153131e+00
 1.22557111e+00
 1.22065960e+00
 1.21638443e+00
 1.21294534e+00
 1.21043119e+00
 1.20892935e+00
 1.20827174e+00
 1.20811760e+00
 1.35722807e+00
 1.35614530e+00
 1.35318112e+00
 1.34939109e+00
 1.34625341e+00
 1.34369559e+00
 1.33969667e+00
 1.33587146e+00
 1.33569641e+00
 1.33332144e+00
 1.32553847e+00
 1.32169070e+00
 1.31651483e+00
 1.30624464e+00
 1.29997771e+00
 1.29122150e+00
 1.28470028e+00
 1.27580325e+00
 1.26765788e+00
 1.26254719e+00
 1.25263301e+00
 1.24660146e+00
 1.24158848e+00
 1.23593089e+00
 1.22781738e+00
 1.22216933e+00
 1.21769195e+00
 1.21350023e+00
 1.21002518e+00
 1.20690447e+00
 1.20423017e+00
 1.20233507e+00
 1.20164825e+00
 1.35031919e+00
 1.34906750e+00
 1.34576709e+00
 1.34220062e+00
 1.34056925e+00
 1.33983327e+00
 1.33516077e+00
 1.33028420e+00
 1.33261285e+00
 1.33132840e+00
 1.32084557e+00
 1.31847200e+00
 1.31425656e+00
 1.30166907e+00
 1.29702545e+00
 1.28712186e+00
 1.28177825e+00
 1.27226249e+00
 1.26366020e+00
 1.26058567e+00
 1.24860373e+00
 1.24361521e+00
 1.23912193e+00
 1.23442601e+00
 1.22469169e+00
 1.21966617e+00
 1.21560204e+00
 1.21136482e+00
 1.20807086e+00
 1.20469232e+00
 1.20129211e+00
 1.19861440e+00
 1.19762448e+00
 1.34573055e+00
 1.34412207e+00
 1.34017133e+00
 1.33684970e+00
 1.33680646e+00
 1.33801052e+00
 1.33239645e+00
 1.32624470e+00
 1.33096129e+00
 1.33065575e+00
 1.31750202e+00
 1.31658323e+00
 1.31326523e+00
 1.29846733e+00
 1.29552619e+00
 1.28438360e+00
 1.28018506e+00
 1.27009694e+00
 1.26096507e+00
 1.25984027e+00
 1.24578149e+00
 1.24189220e+00
 1.23754507e+00
 1.23391558e+00
 1.22242433e+00
 1.21819143e+00
 1.21438621e+00
 1.21002383e+00
 1.20705202e+00
 1.20376871e+00
 1.20014450e+00
 1.19715399e+00
 1.19598170e+00
 1.34413700e+00
 1.34222426e+00
 1.33796544e+00
 1.33482859e+00
 1.33548355e+00
 1.33755670e+00
 1.33147190e+00
 1.32473219e+00
 1.33046060e+00
 1.33055667e+00
 1.31626067e+00
 1.31596574e+00
 1.31302108e+00
 1.29729115e+00
 1.29509790e+00
 1.28340417e+00
 1.27969348e+00
 1.26936951e+00
 1.25999639e+00
 1.25969788e+00
 1.24474238e+00
 1.24134586e+00
 1.23698536e+00
 1.23384811e+00
 1.22156497e+00
 1.21771919e+00
 1.21398929e+00
 1.20955678e+00
 1.20673844e+00
 1.20353415e+00
 1.19983821e+00
 1.19679642e+00
 1.19561800e+00
