 -1.08110000e-02
 -1.06587624e-02
 -1.03535502e-02
 -1.00161353e-02
 -9.38135161e-03
 -8.61784702e-03
 -7.81068936e-03
 -7.00336553e-03
 -6.37693877e-03
 -6.01117541e-03
 -5.89100000e-03
 -1.05304799e-02
 -1.04043497e-02
 -1.01079401e-02
 -9.73963520e-03
 -9.13213425e-03
 -8.39056345e-03
 -7.60230988e-03
 -6.82586696e-03
 -6.21907908e-03
 -5.85869610e-03
 -5.74210777e-03
 -9.70790877e-03
 -9.61623734e-03
 -9.35864732e-03
 -8.97038446e-03
 -8.41717435e-03
 -7.73817127e-03
 -7.00948902e-03
 -6.30843710e-03
 -5.74541220e-03
 -5.38865311e-03
 -5.26788853e-03
 -8.44787971e-03
 -8.38124150e-03
 -8.17186508e-03
 -7.81876801e-03
 -7.33234364e-03
 -6.74317704e-03
 -6.11046956e-03
 -5.50758862e-03
 -5.00872014e-03
 -4.66563695e-03
 -4.53682018e-03
 -6.96736330e-03
 -6.90221302e-03
 -6.71404797e-03
 -6.41181586e-03
 -6.00571352e-03
 -5.52181582e-03
 -5.00639647e-03
 -4.51928465e-03
 -4.12463376e-03
 -3.87900704e-03
 -3.80069384e-03
 -5.31539602e-03
 -5.26871928e-03
 -5.12607411e-03
 -4.88848608e-03
 -4.57079751e-03
 -4.19896765e-03
 -3.80835966e-03
 -3.44132075e-03
 -3.13810963e-03
 -2.93041336e-03
 -2.85314978e-03
 -3.72574186e-03
 -3.68872846e-03
 -3.57353747e-03
 -3.38939494e-03
 -3.15713721e-03
 -2.89572753e-03
 -2.62742057e-03
 -2.38048708e-03
 -2.18407540e-03
 -2.06147088e-03
 -2.02143124e-03
 -2.34582597e-03
 -2.29312500e-03
 -2.17517844e-03
 -2.03665607e-03
 -1.88645947e-03
 -1.72705844e-03
 -1.56781439e-03
 -1.42556810e-03
 -1.31916208e-03
 -1.25851067e-03
 -1.23957390e-03
 -1.07465291e-03
 -1.06050992e-03
 -1.01423172e-03
 -9.47584510e-04
 -8.75150688e-04
 -8.00305353e-04
 -7.26734575e-04
 -6.62123889e-04
 -6.15173181e-04
 -5.89843068e-04
 -5.82863227e-04
 -2.62721343e-04
 -2.65732625e-04
 -2.59337539e-04
 -2.43035141e-04
 -2.24363504e-04
 -2.05107983e-04
 -1.86276935e-04
 -1.69828737e-04
 -1.58234046e-04
 -1.52429563e-04
 -1.50376900e-04
 0.00000000e+00
 -3.79166477e-14
 -6.60954695e-15
 2.22454515e-14
 4.67825594e-15
 -1.47731321e-15
 2.17218942e-16
 -3.39350710e-17
 7.19429756e-17
 0.00000000e+00
 0.00000000e+00
