 0.00000000e+00
 2.98689800e-38
 -4.76502313e-40
 -9.29536372e-38
 -9.11616552e-38
 -5.74286860e-39
 -2.50196162e-38
 2.16038148e-39
 2.05537241e-38
 1.73184603e-39
 -5.96583676e-39
 1.00556637e-38
 -9.25022428e-39
 4.58518910e-39
 3.43972981e-39
 0.00000000e+00
 1.21283316e-39
 -1.53025172e-29
 -6.08375149e-29
 -1.37157581e-28
 -2.49788262e-28
 -4.13407863e-28
 -6.51849750e-28
 -9.85229548e-28
 -1.39243916e-27
 -1.76074299e-27
 -1.89438746e-27
 -1.64959372e-27
 -1.10473661e-27
 -5.26372489e-28
 -1.33956352e-28
 0.00000000e+00
 -8.03552484e-40
 -6.02427873e-29
 -2.39499486e-28
 -5.39964835e-28
 -9.83449061e-28
 -1.62797226e-27
 -2.56806246e-27
 -3.88445021e-27
 -5.49600097e-27
 -6.95883500e-27
 -7.49604868e-27
 -6.53061890e-27
 -4.36810399e-27
 -2.07404303e-27
 -5.26191481e-28
 0.00000000e+00
 2.08212522e-38
 -1.30350864e-28
 -5.18221789e-28
 -1.16833902e-27
 -2.12788752e-27
 -3.52248489e-27
 -5.55709106e-27
 -8.40637179e-27
 -1.18911209e-26
 -1.50396713e-26
 -1.61522622e-26
 -1.39870397e-26
 -9.27012874e-27
 -4.36276444e-27
 -1.10303769e-27
 0.00000000e+00
 -8.88689631e-38
 -2.14211020e-28
 -8.51599548e-28
 -1.91917605e-27
 -3.49191933e-27
 -5.76869274e-27
 -9.06765958e-27
 -1.36356169e-26
 -1.91172056e-26
 -2.38824560e-26
 -2.52358907e-26
 -2.14382371e-26
 -1.39631342e-26
 -6.51312893e-27
 -1.64485227e-27
 0.00000000e+00
 -9.08835357e-39
 -2.92061003e-28
 -1.16075966e-27
 -2.61256423e-27
 -4.73800035e-27
 -7.77593026e-27
 -1.20859332e-26
 -1.78685179e-26
 -2.44872696e-26
 -2.97571159e-26
 -3.05044279e-26
 -2.51919407e-26
 -1.61026541e-26
 -7.46880552e-27
 -1.88734071e-27
 0.00000000e+00
 -4.53493039e-39
 -3.41221369e-28
 -1.35533551e-27
 -3.04305773e-27
 -5.48458402e-27
 -8.89279701e-27
 -1.35500501e-26
 -1.94756784e-26
 -2.57642740e-26
 -3.01063928e-26
 -2.97097128e-26
 -2.38078125e-26
 -1.49775999e-26
 -6.92760505e-27
 -1.75276219e-27
 0.00000000e+00
 -4.06487646e-38
 -3.47795311e-28
 -1.38031157e-27
 -3.08862834e-27
 -5.51943396e-27
 -8.80451390e-27
 -1.30727143e-26
 -1.81377366e-26
 -2.30068110e-26
 -2.57325879e-26
 -2.44220148e-26
 -1.90417290e-26
 -1.18346550e-26
 -5.46835604e-27
 -1.38539030e-27
 0.00000000e+00
 -4.72165095e-38
 -3.14401823e-28
 -1.24664958e-27
 -2.77910386e-27
 -4.92006185e-27
 -7.71104465e-27
 -1.11389796e-26
 -1.49007586e-26
 -1.81225708e-26
 -1.94381437e-26
 -1.78132903e-26
 -1.35802872e-26
 -8.36744305e-27
 -3.86567309e-27
 -9.80438385e-28
 0.00000000e+00
 -3.97299470e-38
 -2.55976893e-28
 -1.01414013e-27
 -2.25300831e-27
 -3.95465031e-27
 -6.09927062e-27
 -8.59575585e-27
 -1.11329570e-26
 -1.30558043e-26
 -1.35204117e-26
 -1.20489771e-26
 -9.03396907e-27
 -5.53447432e-27
 -2.55729742e-27
 -6.49101943e-28
 0.00000000e+00
 1.72695864e-38
 -1.89255876e-28
 -7.49315725e-28
 -1.66022146e-27
 -2.89480545e-27
 -4.40946856e-27
 -6.09719383e-27
 -7.70452616e-27
 -8.79131519e-27
 -8.87304788e-27
 -7.75357181e-27
 -5.74942603e-27
 -3.50986067e-27
 -1.62199163e-27
 -4.11880870e-28
 0.00000000e+00
 -2.05971864e-38
 -1.26060448e-28
 -4.98895831e-28
 -1.10343887e-27
 -1.91560137e-27
 -2.89422268e-27
 -3.95255116e-27
 -4.91514614e-27
 -5.51072645e-27
 -5.47259170e-27
 -4.72512929e-27
 -3.48114441e-27
 -2.12089833e-27
 -9.80142068e-28
 -2.48943740e-28
 0.00000000e+00
 1.95662473e-39
 -7.28614608e-29
 -2.88290614e-28
 -6.37032280e-28
 -1.10332484e-27
 -1.65971913e-27
 -2.25160461e-27
 -2.77613512e-27
 -3.08367343e-27
 -3.03650178e-27
 -2.60570968e-27
 -1.91351874e-27
 -1.16469074e-27
 -5.38241669e-28
 -1.36717648e-28
 0.00000000e+00
 2.69656891e-38
 -3.29876462e-29
 -1.30510321e-28
 -2.88278810e-28
 -4.98823943e-28
 -7.49059372e-28
 -1.01347242e-27
 -1.24528607e-27
 -1.37808608e-27
 -1.35243650e-27
 -1.15775938e-27
 -8.49135760e-28
 -5.16634371e-28
 -2.38749088e-28
 -6.06458731e-29
 0.00000000e+00
 3.42641334e-39
 -8.33803121e-30
 -3.29873194e-29
 -7.28577569e-29
 -1.26041047e-28
 -1.89189334e-28
 -2.55806193e-28
 -3.14056072e-28
 -3.47233948e-28
 -3.40492523e-28
 -2.91308518e-28
 -2.13595248e-28
 -1.29956764e-28
 -6.00577682e-29
 -1.52553239e-29
 0.00000000e+00
 0.00000000e+00
 1.94779518e-38
 7.94985306e-40
 -3.21560127e-39
 -4.75606422e-40
 -7.16496036e-39
 5.08950772e-39
 3.95345689e-40
 -1.38434390e-39
 -2.07421177e-39
 5.69906908e-40
 -1.97321156e-40
 8.35328048e-41
 -2.58545302e-40
 0.00000000e+00
 0.00000000e+00
