 1.72152500e+00
 1.72155454e+00
 1.72164113e+00
 1.72177823e+00
 1.72195542e+00
 1.72215819e+00
 1.72236842e+00
 1.72256608e+00
 1.72272946e+00
 1.72283431e+00
 1.72285765e+00
 1.72277449e+00
 1.72256296e+00
 1.72220488e+00
 1.72168006e+00
 1.72097810e+00
 1.72008759e+00
 1.71900914e+00
 1.71774461e+00
 1.71630758e+00
 1.71472361e+00
 1.71302409e+00
 1.71125032e+00
 1.70944651e+00
 1.70766087e+00
 1.70594117e+00
 1.70433389e+00
 1.70288569e+00
 1.70163940e+00
 1.70062998e+00
 1.69988658e+00
 1.69943132e+00
 1.69927800e+00
 1.72053089e+00
 1.72066823e+00
 1.72093776e+00
 1.72122672e+00
 1.72151140e+00
 1.72178828e+00
 1.72205264e+00
 1.72229290e+00
 1.72249159e+00
 1.72262647e+00
 1.72267517e+00
 1.72261321e+00
 1.72241898e+00
 1.72207438e+00
 1.72156000e+00
 1.72086548e+00
 1.71998029e+00
 1.71890511e+00
 1.71764258e+00
 1.71620668e+00
 1.71462311e+00
 1.71292370e+00
 1.71114988e+00
 1.70934631e+00
 1.70756165e+00
 1.70584460e+00
 1.70424333e+00
 1.70280708e+00
 1.70158299e+00
 1.70061285e+00
 1.69993127e+00
 1.69955465e+00
 1.69944877e+00
 1.71791589e+00
 1.71822177e+00
 1.71889982e+00
 1.71959609e+00
 1.72018627e+00
 1.72067953e+00
 1.72110382e+00
 1.72147077e+00
 1.72177485e+00
 1.72199944e+00
 1.72212400e+00
 1.72212545e+00
 1.72198295e+00
 1.72167881e+00
 1.72119567e+00
 1.72052360e+00
 1.71965437e+00
 1.71858917e+00
 1.71733274e+00
 1.71590027e+00
 1.71431797e+00
 1.71261892e+00
 1.71084497e+00
 1.70904211e+00
 1.70726036e+00
 1.70555118e+00
 1.70396755e+00
 1.70256607e+00
 1.70140609e+00
 1.70054628e+00
 1.70002843e+00
 1.69982417e+00
 1.69979034e+00
 1.71460292e+00
 1.71499357e+00
 1.71595623e+00
 1.71706508e+00
 1.71804585e+00
 1.71885294e+00
 1.71952562e+00
 1.72009619e+00
 1.72057243e+00
 1.72094450e+00
 1.72119431e+00
 1.72130058e+00
 1.72124362e+00
 1.72100675e+00
 1.72057540e+00
 1.71994096e+00
 1.71909835e+00
 1.71805019e+00
 1.71680423e+00
 1.71537760e+00
 1.71379764e+00
 1.71209917e+00
 1.71032503e+00
 1.70852314e+00
 1.70674587e+00
 1.70504877e+00
 1.70349150e+00
 1.70213997e+00
 1.70106603e+00
 1.70033670e+00
 1.69997125e+00
 1.69987478e+00
 1.69987224e+00
 1.71155615e+00
 1.71190798e+00
 1.71283805e+00
 1.71405448e+00
 1.71528204e+00
 1.71638594e+00
 1.71734591e+00
 1.71817570e+00
 1.71888098e+00
 1.71945298e+00
 1.71987427e+00
 1.72012459e+00
 1.72018542e+00
 1.72004173e+00
 1.71968204e+00
 1.71910022e+00
 1.71829483e+00
 1.71727104e+00
 1.71604012e+00
 1.71462190e+00
 1.71304545e+00
 1.71134770e+00
 1.70957307e+00
 1.70777175e+00
 1.70599897e+00
 1.70431450e+00
 1.70278317e+00
 1.70147471e+00
 1.70045723e+00
 1.69977505e+00
 1.69941022e+00
 1.69926937e+00
 1.69923924e+00
 1.70899625e+00
 1.70921446e+00
 1.70986505e+00
 1.71088556e+00
 1.71212218e+00
 1.71340561e+00
 1.71462710e+00
 1.71573689e+00
 1.71670968e+00
 1.71752366e+00
 1.71815606e+00
 1.71858511e+00
 1.71879274e+00
 1.71876580e+00
 1.71849610e+00
 1.71798090e+00
 1.71722281e+00
 1.71623054e+00
 1.71501924e+00
 1.71361195e+00
 1.71204009e+00
 1.71034289e+00
 1.70856672e+00
 1.70676403e+00
 1.70499245e+00
 1.70331396e+00
 1.70179322e+00
 1.70049208e+00
 1.69945605e+00
 1.69869488e+00
 1.69817923e+00
 1.69787358e+00
 1.69777005e+00
 1.70576922e+00
 1.70595000e+00
 1.70649786e+00
 1.70740706e+00
 1.70861700e+00
 1.71000754e+00
 1.71144617e+00
 1.71282923e+00
 1.71408666e+00
 1.71516984e+00
 1.71604247e+00
 1.71667720e+00
 1.71705488e+00
 1.71716392e+00
 1.71699944e+00
 1.71656267e+00
 1.71586058e+00
 1.71490607e+00
 1.71371844e+00
 1.71232419e+00
 1.71075753e+00
 1.70906003e+00
 1.70728004e+00
 1.70547166e+00
 1.70369349e+00
 1.70200651e+00
 1.70046974e+00
 1.69913217e+00
 1.69802253e+00
 1.69714688e+00
 1.69650380e+00
 1.69610391e+00
 1.69596728e+00
 1.70161830e+00
 1.70182148e+00
 1.70242204e+00
 1.70339357e+00
 1.70468644e+00
 1.70621569e+00
 1.70786538e+00
 1.70951437e+00
 1.71105970e+00
 1.71242390e+00
 1.71355235e+00
 1.71440866e+00
 1.71497084e+00
 1.71522824e+00
 1.71517910e+00
 1.71482878e+00
 1.71418876e+00
 1.71327641e+00
 1.71211518e+00
 1.71073518e+00
 1.70917346e+00
 1.70747381e+00
 1.70568618e+00
 1.70386544e+00
 1.70206954e+00
 1.70035635e+00
 1.69877874e+00
 1.69737915e+00
 1.69618746e+00
 1.69522616e+00
 1.69451756e+00
 1.69408302e+00
 1.69393666e+00
 1.69686972e+00
 1.69709656e+00
 1.69776969e+00
 1.69886207e+00
 1.70031808e+00
 1.70204955e+00
 1.70394057e+00
 1.70586264e+00
 1.70769489e+00
 1.70933896e+00
 1.71072382e+00
 1.71180364e+00
 1.71255293e+00
 1.71296153e+00
 1.71303047e+00
 1.71276905e+00
 1.71219313e+00
 1.71132439e+00
 1.71019025e+00
 1.70882421e+00
 1.70726596e+00
 1.70556123e+00
 1.70376099e+00
 1.70192017e+00
 1.70009533e+00
 1.69834160e+00
 1.69670919e+00
 1.69524116e+00
 1.69397439e+00
 1.69294231e+00
 1.69217616e+00
 1.69170325e+00
 1.69154319e+00
 1.69154459e+00
 1.69181697e+00
 1.69261860e+00
 1.69390342e+00
 1.69559546e+00
 1.69759009e+00
 1.69975977e+00
 1.70196676e+00
 1.70407994e+00
 1.70598959e+00
 1.70761487e+00
 1.70890371e+00
 1.70982824e+00
 1.71037890e+00
 1.71055921e+00
 1.71038194e+00
 1.70986678e+00
 1.70903918e+00
 1.70793003e+00
 1.70657572e+00
 1.70501819e+00
 1.70330461e+00
 1.70148663e+00
 1.69961891e+00
 1.69775711e+00
 1.69595550e+00
 1.69426506e+00
 1.69273284e+00
 1.69140267e+00
 1.69031557e+00
 1.68950854e+00
 1.68901145e+00
 1.68884354e+00
 1.68598516e+00
 1.68630860e+00
 1.68725668e+00
 1.68876416e+00
 1.69072779e+00
 1.69301503e+00
 1.69547657e+00
 1.69796125e+00
 1.70033096e+00
 1.70247217e+00
 1.70430162e+00
 1.70576594e+00
 1.70683724e+00
 1.70750716e+00
 1.70778130e+00
 1.70767509e+00
 1.70721110e+00
 1.70641762e+00
 1.70532816e+00
 1.70398128e+00
 1.70242053e+00
 1.70069411e+00
 1.69885408e+00
 1.69695513e+00
 1.69505293e+00
 1.69320265e+00
 1.69145782e+00
 1.68986995e+00
 1.68848811e+00
 1.68735785e+00
 1.68651885e+00
 1.68600216e+00
 1.68582765e+00
 1.68062864e+00
 1.68100388e+00
 1.68209906e+00
 1.68382592e+00
 1.68604922e+00
 1.68860451e+00
 1.69131872e+00
 1.69402847e+00
 1.69659296e+00
 1.69890095e+00
 1.70087262e+00
 1.70245745e+00
 1.70362945e+00
 1.70438167e+00
 1.70472102e+00
 1.70466428e+00
 1.70423551e+00
 1.70346454e+00
 1.70238631e+00
 1.70104061e+00
 1.69947190e+00
 1.69772894e+00
 1.69586414e+00
 1.69393253e+00
 1.69199062e+00
 1.69009533e+00
 1.68830309e+00
 1.68666903e+00
 1.68524575e+00
 1.68408143e+00
 1.68321742e+00
 1.68268558e+00
 1.68250600e+00
 1.67609792e+00
 1.67651474e+00
 1.67772339e+00
 1.67960782e+00
 1.68200142e+00
 1.68471516e+00
 1.68756258e+00
 1.69037735e+00
 1.69302259e+00
 1.69539369e+00
 1.69741694e+00
 1.69904574e+00
 1.70025595e+00
 1.70104090e+00
 1.70140713e+00
 1.70137092e+00
 1.70095596e+00
 1.70019197e+00
 1.69911392e+00
 1.69776173e+00
 1.69617996e+00
 1.69441748e+00
 1.69252689e+00
 1.69056376e+00
 1.68858572e+00
 1.68665155e+00
 1.68482017e+00
 1.68314937e+00
 1.68169405e+00
 1.68050400e+00
 1.67962139e+00
 1.67907836e+00
 1.67889506e+00
 1.67322629e+00
 1.67363861e+00
 1.67483254e+00
 1.67668872e+00
 1.67903685e+00
 1.68168711e+00
 1.68445681e+00
 1.68718692e+00
 1.68974881e+00
 1.69204481e+00
 1.69400543e+00
 1.69558551e+00
 1.69675992e+00
 1.69751960e+00
 1.69786807e+00
 1.69781867e+00
 1.69739260e+00
 1.69661758e+00
 1.69552715e+00
 1.69416017e+00
 1.69256046e+00
 1.69077644e+00
 1.68886063e+00
 1.68686898e+00
 1.68486010e+00
 1.68289426e+00
 1.68103220e+00
 1.67933345e+00
 1.67785431e+00
 1.67664544e+00
 1.67574942e+00
 1.67519842e+00
 1.67501249e+00
 1.67234260e+00
 1.67269475e+00
 1.67371667e+00
 1.67531270e+00
 1.67734564e+00
 1.67965965e+00
 1.68209999e+00
 1.68452674e+00
 1.68682220e+00
 1.68889324e+00
 1.69067036e+00
 1.69210523e+00
 1.69316764e+00
 1.69384256e+00
 1.69412749e+00
 1.69403028e+00
 1.69356746e+00
 1.69276301e+00
 1.69164759e+00
 1.69025788e+00
 1.68863612e+00
 1.68682969e+00
 1.68489057e+00
 1.68287471e+00
 1.68084125e+00
 1.67885134e+00
 1.67696678e+00
 1.67524807e+00
 1.67375222e+00
 1.67253028e+00
 1.67162492e+00
 1.67106833e+00
 1.67088053e+00
 1.67303217e+00
 1.67327897e+00
 1.67400391e+00
 1.67516045e+00
 1.67667263e+00
 1.67844151e+00
 1.68035589e+00
 1.68230389e+00
 1.68418235e+00
 1.68590265e+00
 1.68739318e+00
 1.68859951e+00
 1.68948339e+00
 1.69002110e+00
 1.69020174e+00
 1.69002564e+00
 1.68950296e+00
 1.68865257e+00
 1.68750108e+00
 1.68608210e+00
 1.68443558e+00
 1.68260722e+00
 1.68064795e+00
 1.67861318e+00
 1.67656196e+00
 1.67455569e+00
 1.67265653e+00
 1.67092535e+00
 1.66941935e+00
 1.66818967e+00
 1.66727892e+00
 1.66671917e+00
 1.66653034e+00
 1.67415400e+00
 1.67429903e+00
 1.67473149e+00
 1.67544093e+00
 1.67640309e+00
 1.67757498e+00
 1.67889488e+00
 1.68028753e+00
 1.68167204e+00
 1.68296966e+00
 1.68410955e+00
 1.68503231e+00
 1.68569160e+00
 1.68605439e+00
 1.68610056e+00
 1.68582205e+00
 1.68522183e+00
 1.68431289e+00
 1.68311720e+00
 1.68166473e+00
 1.67999262e+00
 1.67814441e+00
 1.67616940e+00
 1.67412190e+00
 1.67206023e+00
 1.67004542e+00
 1.66813941e+00
 1.66640291e+00
 1.66489297e+00
 1.66366052e+00
 1.66274798e+00
 1.66218724e+00
 1.66199809e+00
 1.67484602e+00
 1.67491039e+00
 1.67510769e+00
 1.67544765e+00
 1.67593830e+00
 1.67657711e+00
 1.67734437e+00
 1.67820140e+00
 1.67909399e+00
 1.67995898e+00
 1.68073149e+00
 1.68135109e+00
 1.68176595e+00
 1.68193542e+00
 1.68183103e+00
 1.68143677e+00
 1.68074864e+00
 1.67977382e+00
 1.67852962e+00
 1.67704230e+00
 1.67534597e+00
 1.67348168e+00
 1.67149664e+00
 1.66944347e+00
 1.66737920e+00
 1.66536389e+00
 1.66345874e+00
 1.66172391e+00
 1.66021600e+00
 1.65898553e+00
 1.65807463e+00
 1.65751496e+00
 1.65732618e+00
 1.67468732e+00
 1.67469087e+00
 1.67470994e+00
 1.67476676e+00
 1.67488952e+00
 1.67510191e+00
 1.67541354e+00
 1.67581431e+00
 1.67627403e+00
 1.67674653e+00
 1.67717649e+00
 1.67750644e+00
 1.67768280e+00
 1.67766009e+00
 1.67740369e+00
 1.67689113e+00
 1.67611250e+00
 1.67507003e+00
 1.67377700e+00
 1.67225637e+00
 1.67053941e+00
 1.66866452e+00
 1.66667645e+00
 1.66462560e+00
 1.66256711e+00
 1.66055956e+00
 1.65866304e+00
 1.65693684e+00
 1.65543689e+00
 1.65421319e+00
 1.65330743e+00
 1.65275098e+00
 1.65256329e+00
 1.67347766e+00
 1.67343958e+00
 1.67333606e+00
 1.67319610e+00
 1.67305882e+00
 1.67296271e+00
 1.67293520e+00
 1.67298537e+00
 1.67310121e+00
 1.67325162e+00
 1.67339177e+00
 1.67346988e+00
 1.67343377e+00
 1.67323622e+00
 1.67283890e+00
 1.67221490e+00
 1.67135005e+00
 1.67024297e+00
 1.66890414e+00
 1.66735417e+00
 1.66562199e+00
 1.66374347e+00
 1.66176059e+00
 1.65972094e+00
 1.65767720e+00
 1.65568594e+00
 1.65380578e+00
 1.65209497e+00
 1.65060866e+00
 1.64939625e+00
 1.64849894e+00
 1.64794772e+00
 1.64776181e+00
 1.67119465e+00
 1.67113309e+00
 1.67095928e+00
 1.67070326e+00
 1.67040716e+00
 1.67011519e+00
 1.66986345e+00
 1.66967200e+00
 1.66954099e+00
 1.66945105e+00
 1.66936717e+00
 1.66924441e+00
 1.66903418e+00
 1.66868987e+00
 1.66817158e+00
 1.66744982e+00
 1.66650787e+00
 1.66534249e+00
 1.66396299e+00
 1.66238903e+00
 1.66064819e+00
 1.65877412e+00
 1.65680570e+00
 1.65478705e+00
 1.65276760e+00
 1.65080132e+00
 1.64894508e+00
 1.64725596e+00
 1.64578838e+00
 1.64459118e+00
 1.64370510e+00
 1.64316077e+00
 1.64297718e+00
 1.66797839e+00
 1.66790706e+00
 1.66770326e+00
 1.66739524e+00
 1.66702306e+00
 1.66662998e+00
 1.66625339e+00
 1.66591756e+00
 1.66562942e+00
 1.66537791e+00
 1.66513639e+00
 1.66486696e+00
 1.66452565e+00
 1.66406778e+00
 1.66345321e+00
 1.66265112e+00
 1.66164368e+00
 1.66042754e+00
 1.65901288e+00
 1.65742037e+00
 1.65567765e+00
 1.65381666e+00
 1.65187287e+00
 1.64988599e+00
 1.64790107e+00
 1.64596869e+00
 1.64414357e+00
 1.64248173e+00
 1.64103709e+00
 1.63985822e+00
 1.63898556e+00
 1.63844944e+00
 1.63826862e+00
 1.66404743e+00
 1.66397685e+00
 1.66377377e+00
 1.66346236e+00
 1.66307703e+00
 1.66265549e+00
 1.66223145e+00
 1.66182862e+00
 1.66145678e+00
 1.66111048e+00
 1.66076999e+00
 1.66040405e+00
 1.65997352e+00
 1.65943595e+00
 1.65875110e+00
 1.65788713e+00
 1.65682596e+00
 1.65556586e+00
 1.65412020e+00
 1.65251318e+00
 1.65077445e+00
 1.64893514e+00
 1.64702691e+00
 1.64508369e+00
 1.64314454e+00
 1.64125536e+00
 1.63946817e+00
 1.63783813e+00
 1.63641923e+00
 1.63526030e+00
 1.63440196e+00
 1.63387451e+00
 1.63369659e+00
 1.65966297e+00
 1.65960064e+00
 1.65942002e+00
 1.65913900e+00
 1.65878360e+00
 1.65838314e+00
 1.65796497e+00
 1.65754967e+00
 1.65714758e+00
 1.65675701e+00
 1.65636408e+00
 1.65594366e+00
 1.65546109e+00
 1.65487546e+00
 1.65414534e+00
 1.65323700e+00
 1.65213230e+00
 1.65083264e+00
 1.64935730e+00
 1.64773705e+00
 1.64600620e+00
 1.64419642e+00
 1.64233518e+00
 1.64044889e+00
 1.63856823e+00
 1.63673236e+00
 1.63498966e+00
 1.63339462e+00
 1.63200246e+00
 1.63086351e+00
 1.63001924e+00
 1.62950018e+00
 1.62932506e+00
 1.65510831e+00
 1.65505757e+00
 1.65490924e+00
 1.65467458e+00
 1.65437066e+00
 1.65401763e+00
 1.65363540e+00
 1.65324021e+00
 1.65284160e+00
 1.65244059e+00
 1.65202849e+00
 1.65158600e+00
 1.65108238e+00
 1.65047677e+00
 1.64972425e+00
 1.64878704e+00
 1.64764640e+00
 1.64630836e+00
 1.64480090e+00
 1.64316499e+00
 1.64144301e+00
 1.63966909e+00
 1.63786632e+00
 1.63605151e+00
 1.63424396e+00
 1.63247311e+00
 1.63078169e+00
 1.62922337e+00
 1.62785602e+00
 1.62673371e+00
 1.62590076e+00
 1.62538880e+00
 1.62521619e+00
 1.65063752e+00
 1.65059834e+00
 1.65048292e+00
 1.65029708e+00
 1.65004964e+00
 1.64975210e+00
 1.64941737e+00
 1.64905709e+00
 1.64867927e+00
 1.64828699e+00
 1.64787672e+00
 1.64743517e+00
 1.64693513e+00
 1.64633382e+00
 1.64557921e+00
 1.64462620e+00
 1.64345439e+00
 1.64207588e+00
 1.64053025e+00
 1.63887240e+00
 1.63715682e+00
 1.63542274e+00
 1.63368900e+00
 1.63196080e+00
 1.63024270e+00
 1.62855079e+00
 1.62691905e+00
 1.62539868e+00
 1.62405123e+00
 1.62293744e+00
 1.62210698e+00
 1.62159468e+00
 1.62142151e+00
 1.64644913e+00
 1.64642158e+00
 1.64633791e+00
 1.64619675e+00
 1.64600002e+00
 1.64575391e+00
 1.64546622e+00
 1.64514373e+00
 1.64479210e+00
 1.64441635e+00
 1.64401878e+00
 1.64359289e+00
 1.64311506e+00
 1.64253846e+00
 1.64179936e+00
 1.64084105e+00
 1.63964036e+00
 1.63821720e+00
 1.63662504e+00
 1.63493594e+00
 1.63322102e+00
 1.63152780e+00
 1.62987129e+00
 1.62824344e+00
 1.62663118e+00
 1.62503391e+00
 1.62347341e+00
 1.62199466e+00
 1.62066106e+00
 1.61954456e+00
 1.61870923e+00
 1.61819638e+00
 1.61802400e+00
 1.64272961e+00
 1.64270795e+00
 1.64264065e+00
 1.64252529e+00
 1.64236382e+00
 1.64215956e+00
 1.64191345e+00
 1.64162532e+00
 1.64129778e+00
 1.64093849e+00
 1.64055689e+00
 1.64015440e+00
 1.63971163e+00
 1.63917590e+00
 1.63846664e+00
 1.63751091e+00
 1.63628197e+00
 1.63480983e+00
 1.63316299e+00
 1.63143235e+00
 1.62971022e+00
 1.62805574e+00
 1.62648054e+00
 1.62496252e+00
 1.62346896e+00
 1.62198061e+00
 1.62050554e+00
 1.61907909e+00
 1.61775817e+00
 1.61661715e+00
 1.61573864e+00
 1.61519021e+00
 1.61500507e+00
 1.63958143e+00
 1.63955620e+00
 1.63948551e+00
 1.63937972e+00
 1.63924487e+00
 1.63907726e+00
 1.63886732e+00
 1.63860736e+00
 1.63829777e+00
 1.63795035e+00
 1.63758314e+00
 1.63720615e+00
 1.63680528e+00
 1.63632120e+00
 1.63565159e+00
 1.63470353e+00
 1.63344647e+00
 1.63192341e+00
 1.63021714e+00
 1.62843664e+00
 1.62669936e+00
 1.62507880e+00
 1.62358330e+00
 1.62217714e+00
 1.62080719e+00
 1.61943493e+00
 1.61805628e+00
 1.61669957e+00
 1.61541259e+00
 1.61425703e+00
 1.61331523e+00
 1.61268886e+00
 1.61246795e+00
 1.63699939e+00
 1.63697494e+00
 1.63691168e+00
 1.63682742e+00
 1.63672585e+00
 1.63659398e+00
 1.63641442e+00
 1.63617520e+00
 1.63587618e+00
 1.63553461e+00
 1.63517797e+00
 1.63482420e+00
 1.63446564e+00
 1.63403681e+00
 1.63341045e+00
 1.63247228e+00
 1.63118820e+00
 1.62961684e+00
 1.62785264e+00
 1.62601927e+00
 1.62426143e+00
 1.62266824e+00
 1.62124411e+00
 1.61994188e+00
 1.61868880e+00
 1.61742769e+00
 1.61614479e+00
 1.61486814e+00
 1.61364619e+00
 1.61253375e+00
 1.61160020e+00
 1.61095369e+00
 1.61071921e+00
 1.63504749e+00
 1.63503063e+00
 1.63499182e+00
 1.63494346e+00
 1.63487810e+00
 1.63477673e+00
 1.63461959e+00
 1.63439367e+00
 1.63409898e+00
 1.63375840e+00
 1.63340833e+00
 1.63307255e+00
 1.63275016e+00
 1.63237123e+00
 1.63178406e+00
 1.63085535e+00
 1.62954779e+00
 1.62793644e+00
 1.62612348e+00
 1.62424229e+00
 1.62246333e+00
 1.62089010e+00
 1.61952237e+00
 1.61830516e+00
 1.61714887e+00
 1.61598007e+00
 1.61477721e+00
 1.61357222e+00
 1.61242235e+00
 1.61139019e+00
 1.61053843e+00
 1.60994677e+00
 1.60972785e+00
 1.63382242e+00
 1.63381757e+00
 1.63380853e+00
 1.63379167e+00
 1.63375216e+00
 1.63367033e+00
 1.63352641e+00
 1.63330752e+00
 1.63301358e+00
 1.63267183e+00
 1.63232513e+00
 1.63200052e+00
 1.63170243e+00
 1.63135858e+00
 1.63079881e+00
 1.62987684e+00
 1.62855292e+00
 1.62691518e+00
 1.62506970e+00
 1.62315486e+00
 1.62135999e+00
 1.61979895e+00
 1.61846724e+00
 1.61730597e+00
 1.61621384e+00
 1.61510619e+00
 1.61395574e+00
 1.61279844e+00
 1.61169951e+00
 1.61073240e+00
 1.60996604e+00
 1.60946081e+00
 1.60927766e+00
 1.63340400e+00
 1.63340648e+00
 1.63341031e+00
 1.63340492e+00
 1.63337431e+00
 1.63329903e+00
 1.63315939e+00
 1.63294265e+00
 1.63264860e+00
 1.63230609e+00
 1.63196041e+00
 1.63163957e+00
 1.63135003e+00
 1.63101884e+00
 1.63046891e+00
 1.62954939e+00
 1.62821956e+00
 1.62657260e+00
 1.62471573e+00
 1.62278871e+00
 1.62098793e+00
 1.61943100e+00
 1.61811165e+00
 1.61696992e+00
 1.61590028e+00
 1.61481404e+00
 1.61368173e+00
 1.61254093e+00
 1.61145969e+00
 1.61051572e+00
 1.60978155e+00
 1.60931567e+00
 1.60915600e+00
