 1.44985800e+00
 1.44945170e+00
 1.44823574e+00
 1.44621886e+00
 1.44341530e+00
 1.43984435e+00
 1.43553065e+00
 1.43050891e+00
 1.42482141e+00
 1.41851235e+00
 1.41163624e+00
 1.40425048e+00
 1.39642982e+00
 1.38824486e+00
 1.37978005e+00
 1.37111752e+00
 1.36235269e+00
 1.35357621e+00
 1.34488426e+00
 1.33636615e+00
 1.32810620e+00
 1.32018737e+00
 1.31268582e+00
 1.30567610e+00
 1.29922278e+00
 1.29338557e+00
 1.28821626e+00
 1.28376209e+00
 1.28006510e+00
 1.27715602e+00
 1.27505955e+00
 1.27379410e+00
 1.27337100e+00
 1.44951622e+00
 1.44914321e+00
 1.44798420e+00
 1.44601524e+00
 1.44324614e+00
 1.43969931e+00
 1.43540356e+00
 1.43039597e+00
 1.42472000e+00
 1.41842106e+00
 1.41155374e+00
 1.40417623e+00
 1.39636252e+00
 1.38818396e+00
 1.37972443e+00
 1.37106667e+00
 1.36230543e+00
 1.35353170e+00
 1.34484117e+00
 1.33632320e+00
 1.32806216e+00
 1.32014069e+00
 1.31263489e+00
 1.30561857e+00
 1.29915579e+00
 1.29330500e+00
 1.28811612e+00
 1.28363259e+00
 1.27988953e+00
 1.27690846e+00
 1.27470670e+00
 1.27331262e+00
 1.27281337e+00
 1.44860172e+00
 1.44828138e+00
 1.44725049e+00
 1.44541064e+00
 1.44273981e+00
 1.43926358e+00
 1.43502076e+00
 1.43005518e+00
 1.42441372e+00
 1.41814495e+00
 1.41130405e+00
 1.40395102e+00
 1.39615824e+00
 1.38799867e+00
 1.37955507e+00
 1.37091140e+00
 1.36216097e+00
 1.35339536e+00
 1.34470914e+00
 1.33619165e+00
 1.32792736e+00
 1.31999811e+00
 1.31247961e+00
 1.30544368e+00
 1.29895278e+00
 1.29306172e+00
 1.28781486e+00
 1.28324487e+00
 1.27936802e+00
 1.27618313e+00
 1.27369977e+00
 1.27201935e+00
 1.27140159e+00
 1.44739394e+00
 1.44710167e+00
 1.44616352e+00
 1.44445754e+00
 1.44191417e+00
 1.43854111e+00
 1.43438047e+00
 1.42948215e+00
 1.42389725e+00
 1.41767800e+00
 1.41088093e+00
 1.40356794e+00
 1.39581003e+00
 1.38768166e+00
 1.37926462e+00
 1.37064398e+00
 1.36191150e+00
 1.35315916e+00
 1.34448018e+00
 1.33596372e+00
 1.32769422e+00
 1.31975244e+00
 1.31221319e+00
 1.30514554e+00
 1.29860916e+00
 1.29265376e+00
 1.28731581e+00
 1.28261475e+00
 1.27854908e+00
 1.27510964e+00
 1.27234659e+00
 1.27047037e+00
 1.26979414e+00
 1.44618824e+00
 1.44588698e+00
 1.44494659e+00
 1.44328370e+00
 1.44082605e+00
 1.43755262e+00
 1.43348715e+00
 1.42867400e+00
 1.42316431e+00
 1.41701210e+00
 1.41027524e+00
 1.40301689e+00
 1.39530733e+00
 1.38722183e+00
 1.37884168e+00
 1.37025254e+00
 1.36154495e+00
 1.35281077e+00
 1.34414205e+00
 1.33562753e+00
 1.32735139e+00
 1.31939324e+00
 1.31182644e+00
 1.30471721e+00
 1.29812200e+00
 1.29208587e+00
 1.28663993e+00
 1.28180017e+00
 1.27757444e+00
 1.27399492e+00
 1.27117661e+00
 1.26933391e+00
 1.26868825e+00
 1.44506310e+00
 1.44472384e+00
 1.44370536e+00
 1.44199184e+00
 1.43954593e+00
 1.43633493e+00
 1.43235550e+00
 1.42763319e+00
 1.42221068e+00
 1.41613943e+00
 1.40947686e+00
 1.40228627e+00
 1.39463739e+00
 1.38660567e+00
 1.37827211e+00
 1.36972241e+00
 1.36104627e+00
 1.35233503e+00
 1.34367978e+00
 1.33516871e+00
 1.32688555e+00
 1.31890882e+00
 1.31131040e+00
 1.30415425e+00
 1.29749478e+00
 1.29137605e+00
 1.28583276e+00
 1.28089699e+00
 1.27661711e+00
 1.27308578e+00
 1.27044244e+00
 1.26881737e+00
 1.26827241e+00
 1.44369235e+00
 1.44334191e+00
 1.44229285e+00
 1.44054661e+00
 1.43809385e+00
 1.43491658e+00
 1.43100453e+00
 1.42636770e+00
 1.42103622e+00
 1.41505456e+00
 1.40847683e+00
 1.40136482e+00
 1.39378724e+00
 1.38581901e+00
 1.37754074e+00
 1.36903780e+00
 1.36039920e+00
 1.35171564e+00
 1.34307744e+00
 1.33457224e+00
 1.32628335e+00
 1.31828853e+00
 1.31065875e+00
 1.30345727e+00
 1.29673928e+00
 1.29055352e+00
 1.28494752e+00
 1.27997871e+00
 1.27572821e+00
 1.27230161e+00
 1.26980096e+00
 1.26828840e+00
 1.26778353e+00
 1.44201320e+00
 1.44166673e+00
 1.44062592e+00
 1.43888776e+00
 1.43644842e+00
 1.43330262e+00
 1.42944678e+00
 1.42488699e+00
 1.41964447e+00
 1.41375560e+00
 1.40726910e+00
 1.40024350e+00
 1.39274549e+00
 1.38484880e+00
 1.37663323e+00
 1.36818354e+00
 1.35958808e+00
 1.35093695e+00
 1.34231990e+00
 1.33382426e+00
 1.32553319e+00
 1.31752436e+00
 1.30986903e+00
 1.30263181e+00
 1.29587187e+00
 1.28964650e+00
 1.28401755e+00
 1.27905862e+00
 1.27485586e+00
 1.27149592e+00
 1.26904870e+00
 1.26756135e+00
 1.26706224e+00
 1.44012080e+00
 1.43977553e+00
 1.43874001e+00
 1.43701442e+00
 1.43459773e+00
 1.43148829e+00
 1.42768631e+00
 1.42319811e+00
 1.41804068e+00
 1.41224412e+00
 1.40585142e+00
 1.39891680e+00
 1.39150402e+00
 1.38368485e+00
 1.37553783e+00
 1.36714684e+00
 1.35859956e+00
 1.34998559e+00
 1.34139443e+00
 1.33291348e+00
 1.32462630e+00
 1.31661142e+00
 1.30894176e+00
 1.30168518e+00
 1.29490647e+00
 1.28867126e+00
 1.28305036e+00
 1.27812159e+00
 1.27396553e+00
 1.27065638e+00
 1.26825361e+00
 1.26679769e+00
 1.26631023e+00
 1.43798845e+00
 1.43764798e+00
 1.43662633e+00
 1.43492300e+00
 1.43253769e+00
 1.42947073e+00
 1.42572452e+00
 1.42130612e+00
 1.41623075e+00
 1.41052449e+00
 1.40422549e+00
 1.39738357e+00
 1.39005902e+00
 1.38232116e+00
 1.37424680e+00
 1.36591872e+00
 1.35742393e+00
 1.34885172e+00
 1.34029171e+00
 1.33183186e+00
 1.32355686e+00
 1.31554709e+00
 1.30787829e+00
 1.30062242e+00
 1.29384968e+00
 1.28763112e+00
 1.28204048e+00
 1.27715321e+00
 1.27304224e+00
 1.26977256e+00
 1.26739720e+00
 1.26595547e+00
 1.26547204e+00
 1.43563927e+00
 1.43530406e+00
 1.43429823e+00
 1.43262126e+00
 1.43027273e+00
 1.42725320e+00
 1.42356557e+00
 1.41921714e+00
 1.41422207e+00
 1.40860385e+00
 1.40239695e+00
 1.39564730e+00
 1.38841171e+00
 1.38075676e+00
 1.37275735e+00
 1.36449500e+00
 1.35605608e+00
 1.34752981e+00
 1.33900630e+00
 1.33057466e+00
 1.32232140e+00
 1.31432953e+00
 1.30667825e+00
 1.29944365e+00
 1.29269995e+00
 1.28652076e+00
 1.28097922e+00
 1.27614644e+00
 1.27208875e+00
 1.26886493e+00
 1.26652408e+00
 1.26510372e+00
 1.26462754e+00
 1.43308952e+00
 1.43276025e+00
 1.43177208e+00
 1.43012405e+00
 1.42781532e+00
 1.42484614e+00
 1.42121913e+00
 1.41694110e+00
 1.41202515e+00
 1.40649277e+00
 1.40037560e+00
 1.39371629e+00
 1.38656851e+00
 1.37899618e+00
 1.37107219e+00
 1.36287683e+00
 1.35449591e+00
 1.34601884e+00
 1.33753663e+00
 1.32913999e+00
 1.32091784e+00
 1.31295628e+00
 1.30533813e+00
 1.29814312e+00
 1.29144823e+00
 1.28532788e+00
 1.27985334e+00
 1.27509143e+00
 1.27110294e+00
 1.26794095e+00
 1.26564923e+00
 1.26426057e+00
 1.26379539e+00
 1.43036279e+00
 1.43003959e+00
 1.42906955e+00
 1.42745143e+00
 1.42518390e+00
 1.42226648e+00
 1.41870098e+00
 1.41449326e+00
 1.40965509e+00
 1.40420615e+00
 1.39817574e+00
 1.39160377e+00
 1.38454117e+00
 1.37704943e+00
 1.36919959e+00
 1.36107077e+00
 1.35274841e+00
 1.34432234e+00
 1.33588478e+00
 1.32752843e+00
 1.31934494e+00
 1.31142364e+00
 1.30385087e+00
 1.29670943e+00
 1.29007827e+00
 1.28403178e+00
 1.27863895e+00
 1.27396226e+00
 1.27005667e+00
 1.26696868e+00
 1.26473558e+00
 1.26338463e+00
 1.26293244e+00
 1.42748389e+00
 1.42716696e+00
 1.42621556e+00
 1.42462801e+00
 1.42240228e+00
 1.41953701e+00
 1.41603291e+00
 1.41189455e+00
 1.40713222e+00
 1.40176382e+00
 1.39581653e+00
 1.38932795e+00
 1.38234663e+00
 1.37493193e+00
 1.36715323e+00
 1.35908867e+00
 1.35082351e+00
 1.34244820e+00
 1.33405638e+00
 1.32574295e+00
 1.31760236e+00
 1.30972713e+00
 1.30220676e+00
 1.29512672e+00
 1.28856738e+00
 1.28260288e+00
 1.27729983e+00
 1.27271630e+00
 1.26890115e+00
 1.26589386e+00
 1.26372461e+00
 1.26241466e+00
 1.26197661e+00
 1.42448367e+00
 1.42417308e+00
 1.42324048e+00
 1.42168368e+00
 1.41949975e+00
 1.41668618e+00
 1.41324239e+00
 1.40917149e+00
 1.40448217e+00
 1.39919061e+00
 1.39332202e+00
 1.38691194e+00
 1.38000684e+00
 1.37266419e+00
 1.36495194e+00
 1.35694745e+00
 1.34873593e+00
 1.34040861e+00
 1.33206071e+00
 1.32378935e+00
 1.31569164e+00
 1.30786299e+00
 1.30039565e+00
 1.29337723e+00
 1.28688931e+00
 1.28100572e+00
 1.27579104e+00
 1.27129929e+00
 1.26757352e+00
 1.26464619e+00
 1.26254039e+00
 1.26127128e+00
 1.26084734e+00
 1.42139941e+00
 1.42109509e+00
 1.42018109e+00
 1.41865450e+00
 1.41651137e+00
 1.41374792e+00
 1.41036212e+00
 1.40635557e+00
 1.40173537e+00
 1.39651597e+00
 1.39072077e+00
 1.38438336e+00
 1.37754833e+00
 1.37027143e+00
 1.36261935e+00
 1.35466878e+00
 1.34650502e+00
 1.33822022e+00
 1.32991118e+00
 1.32167718e+00
 1.31361773e+00
 1.30583066e+00
 1.29841027e+00
 1.29144577e+00
 1.28501952e+00
 1.27920520e+00
 1.27406603e+00
 1.26965320e+00
 1.26600529e+00
 1.26314875e+00
 1.26109992e+00
 1.25986777e+00
 1.25945664e+00
 1.41827424e+00
 1.41797587e+00
 1.41707947e+00
 1.41558146e+00
 1.41347680e+00
 1.41076039e+00
 1.40742881e+00
 1.40348216e+00
 1.39892599e+00
 1.39377310e+00
 1.38804511e+00
 1.38177374e+00
 1.37500170e+00
 1.36778314e+00
 1.36018349e+00
 1.35227885e+00
 1.34415473e+00
 1.33590424e+00
 1.32762584e+00
 1.31942085e+00
 1.31139088e+00
 1.30363553e+00
 1.29625040e+00
 1.28932533e+00
 1.28294277e+00
 1.27717600e+00
 1.27208735e+00
 1.26772666e+00
 1.26413044e+00
 1.26132214e+00
 1.25931380e+00
 1.25810917e+00
 1.25770786e+00
 1.41515369e+00
 1.41486072e+00
 1.41398026e+00
 1.41250801e+00
 1.41043796e+00
 1.40776389e+00
 1.40448120e+00
 1.40058868e+00
 1.39609046e+00
 1.39099768e+00
 1.38533013e+00
 1.37911761e+00
 1.37240089e+00
 1.36523239e+00
 1.35767627e+00
 1.34980801e+00
 1.34171335e+00
 1.33348650e+00
 1.32522771e+00
 1.31704036e+00
 1.30902793e+00
 1.30129129e+00
 1.29392639e+00
 1.28702260e+00
 1.28066127e+00
 1.27491445e+00
 1.26984336e+00
 1.26549700e+00
 1.26191126e+00
 1.25910936e+00
 1.25710381e+00
 1.25589971e+00
 1.25549831e+00
 1.41208395e+00
 1.41179532e+00
 1.41092775e+00
 1.40947664e+00
 1.40743553e+00
 1.40479759e+00
 1.40155735e+00
 1.39771250e+00
 1.39326572e+00
 1.38822643e+00
 1.38261247e+00
 1.37645152e+00
 1.36978225e+00
 1.36265516e+00
 1.35513291e+00
 1.34729027e+00
 1.33921322e+00
 1.33099727e+00
 1.32274474e+00
 1.31456140e+00
 1.30655276e+00
 1.29882067e+00
 1.29146076e+00
 1.28456073e+00
 1.27819958e+00
 1.27244704e+00
 1.26736300e+00
 1.26299667e+00
 1.25938590e+00
 1.25655734e+00
 1.25452789e+00
 1.25330711e+00
 1.25289971e+00
 1.40910010e+00
 1.40881459e+00
 1.40795654e+00
 1.40652168e+00
 1.40450379e+00
 1.40189596e+00
 1.39869217e+00
 1.39488904e+00
 1.39048774e+00
 1.38549585e+00
 1.37992910e+00
 1.37381291e+00
 1.36718361e+00
 1.36008942e+00
 1.35259118e+00
 1.34476269e+00
 1.33669015e+00
 1.32847065e+00
 1.32020917e+00
 1.31201460e+00
 1.30399516e+00
 1.29625410e+00
 1.28888649e+00
 1.28197758e+00
 1.27560266e+00
 1.26982787e+00
 1.26471109e+00
 1.26030234e+00
 1.25664353e+00
 1.25376788e+00
 1.25169940e+00
 1.25045325e+00
 1.25003711e+00
 1.40622010e+00
 1.40593727e+00
 1.40508739e+00
 1.40366661e+00
 1.40166907e+00
 1.39908793e+00
 1.39591675e+00
 1.39215113e+00
 1.38779072e+00
 1.38284124e+00
 1.37731631e+00
 1.37123902e+00
 1.36464312e+00
 1.35757411e+00
 1.35009047e+00
 1.34226452e+00
 1.33418262e+00
 1.32594376e+00
 1.31765648e+00
 1.30943404e+00
 1.30138879e+00
 1.29362661e+00
 1.28624268e+00
 1.27931956e+00
 1.27292779e+00
 1.26712823e+00
 1.26197485e+00
 1.25751686e+00
 1.25379921e+00
 1.25086183e+00
 1.24873810e+00
 1.24745327e+00
 1.24702319e+00
 1.40346110e+00
 1.40318100e+00
 1.40233944e+00
 1.40093272e+00
 1.39895521e+00
 1.39640000e+00
 1.39326001e+00
 1.38952965e+00
 1.38520699e+00
 1.38029603e+00
 1.37480861e+00
 1.36876565e+00
 1.36219807e+00
 1.35514800e+00
 1.34767064e+00
 1.33983617e+00
 1.33173078e+00
 1.32345580e+00
 1.31512435e+00
 1.30685583e+00
 1.29876888e+00
 1.29097423e+00
 1.28356893e+00
 1.27663364e+00
 1.27023363e+00
 1.26442277e+00
 1.25924885e+00
 1.25475787e+00
 1.25099609e+00
 1.24800927e+00
 1.24583982e+00
 1.24452267e+00
 1.24408092e+00
 1.40084332e+00
 1.40056620e+00
 1.39973372e+00
 1.39834244e+00
 1.39638664e+00
 1.39385875e+00
 1.39075039e+00
 1.38705427e+00
 1.38276687e+00
 1.37789104e+00
 1.37243763e+00
 1.36642585e+00
 1.35988349e+00
 1.35284827e+00
 1.34537078e+00
 1.33751792e+00
 1.32937531e+00
 1.32104695e+00
 1.31265170e+00
 1.30431706e+00
 1.29617070e+00
 1.28833138e+00
 1.28090101e+00
 1.27396030e+00
 1.26756953e+00
 1.26177423e+00
 1.25661332e+00
 1.25212636e+00
 1.24835753e+00
 1.24535512e+00
 1.24316733e+00
 1.24183572e+00
 1.24138852e+00
 1.39838723e+00
 1.39811399e+00
 1.39729293e+00
 1.39592024e+00
 1.39398963e+00
 1.39149209e+00
 1.38841671e+00
 1.38475364e+00
 1.38049813e+00
 1.37565337e+00
 1.37023079e+00
 1.36424857e+00
 1.35773079e+00
 1.35070913e+00
 1.34322760e+00
 1.33534839e+00
 1.32715597e+00
 1.31875730e+00
 1.31027802e+00
 1.30185555e+00
 1.29362951e+00
 1.28573055e+00
 1.27826952e+00
 1.27133043e+00
 1.26496994e+00
 1.25922410e+00
 1.25411973e+00
 1.24968558e+00
 1.24595893e+00
 1.24298566e+00
 1.24081501e+00
 1.23949155e+00
 1.23904663e+00
 1.39611769e+00
 1.39584862e+00
 1.39504094e+00
 1.39369159e+00
 1.39179245e+00
 1.38933011e+00
 1.38628856e+00
 1.38265481e+00
 1.37842478e+00
 1.37360508e+00
 1.36821009e+00
 1.36225755e+00
 1.35576657e+00
 1.34876037e+00
 1.34127379e+00
 1.33336263e+00
 1.32510978e+00
 1.31662544e+00
 1.30804267e+00
 1.29951012e+00
 1.29118188e+00
 1.28320440e+00
 1.27570239e+00
 1.26876769e+00
 1.26245596e+00
 1.25679326e+00
 1.25179065e+00
 1.24746059e+00
 1.24382791e+00
 1.24093125e+00
 1.23881673e+00
 1.23752762e+00
 1.23709430e+00
 1.39403975e+00
 1.39378032e+00
 1.39299859e+00
 1.39168586e+00
 1.38982875e+00
 1.38740662e+00
 1.38439573e+00
 1.38078135e+00
 1.37656516e+00
 1.37176207e+00
 1.36639163e+00
 1.36047087e+00
 1.35401186e+00
 1.34702611e+00
 1.33953624e+00
 1.33159007e+00
 1.32326892e+00
 1.31468668e+00
 1.30598391e+00
 1.29732083e+00
 1.28886742e+00
 1.28078930e+00
 1.27323012e+00
 1.26629507e+00
 1.26004292e+00
 1.25449068e+00
 1.24963018e+00
 1.24545068e+00
 1.24195745e+00
 1.23917675e+00
 1.23714776e+00
 1.23591031e+00
 1.23549413e+00
 1.39223494e+00
 1.39197952e+00
 1.39121627e+00
 1.38994414e+00
 1.38813948e+00
 1.38575847e+00
 1.38276471e+00
 1.37914977e+00
 1.37493046e+00
 1.37013435e+00
 1.36478647e+00
 1.35890148e+00
 1.35248187e+00
 1.34552383e+00
 1.33803448e+00
 1.33005249e+00
 1.32165859e+00
 1.31297107e+00
 1.30413734e+00
 1.29532828e+00
 1.28672979e+00
 1.27852861e+00
 1.27089178e+00
 1.26394348e+00
 1.25775092e+00
 1.25232553e+00
 1.24763847e+00
 1.24364827e+00
 1.24033084e+00
 1.23769512e+00
 1.23577499e+00
 1.23460700e+00
 1.23421503e+00
 1.39056666e+00
 1.39034122e+00
 1.38966235e+00
 1.38849789e+00
 1.38677388e+00
 1.38441966e+00
 1.38141059e+00
 1.37776597e+00
 1.37352536e+00
 1.36872846e+00
 1.36340286e+00
 1.35755851e+00
 1.35118628e+00
 1.34426373e+00
 1.33677945e+00
 1.32876264e+00
 1.32029545e+00
 1.31150165e+00
 1.30253396e+00
 1.29357198e+00
 1.28481599e+00
 1.27647379e+00
 1.26873894e+00
 1.26175910e+00
 1.25561497e+00
 1.25031845e+00
 1.24582341e+00
 1.24205337e+00
 1.23894147e+00
 1.23646342e+00
 1.23464417e+00
 1.23353074e+00
 1.23315640e+00
 1.38917530e+00
 1.38902578e+00
 1.38851103e+00
 1.38747889e+00
 1.38579270e+00
 1.38340147e+00
 1.38032825e+00
 1.37662649e+00
 1.37235242e+00
 1.36755132e+00
 1.36224892e+00
 1.35644872e+00
 1.35012980e+00
 1.34324861e+00
 1.33577329e+00
 1.32772401e+00
 1.31918732e+00
 1.31029357e+00
 1.30119837e+00
 1.29208771e+00
 1.28317359e+00
 1.27468243e+00
 1.26683552e+00
 1.25980635e+00
 1.25369159e+00
 1.24851035e+00
 1.24420767e+00
 1.24067612e+00
 1.23780220e+00
 1.23551084e+00
 1.23379433e+00
 1.23271115e+00
 1.23233852e+00
 1.38865837e+00
 1.38853190e+00
 1.38804244e+00
 1.38696890e+00
 1.38517809e+00
 1.38266879e+00
 1.37949692e+00
 1.37572701e+00
 1.37141772e+00
 1.36661328e+00
 1.36133435e+00
 1.35557776e+00
 1.34931302e+00
 1.34247461e+00
 1.33501025e+00
 1.32693223e+00
 1.31833443e+00
 1.30935444e+00
 1.30014794e+00
 1.29090516e+00
 1.28184674e+00
 1.27321332e+00
 1.26525284e+00
 1.25816415e+00
 1.25205837e+00
 1.24696646e+00
 1.24283442e+00
 1.23953310e+00
 1.23691349e+00
 1.23485863e+00
 1.23331467e+00
 1.23231955e+00
 1.23197074e+00
 1.38889201e+00
 1.38872141e+00
 1.38808421e+00
 1.38679982e+00
 1.38481760e+00
 1.38216742e+00
 1.37890016e+00
 1.37507092e+00
 1.37073329e+00
 1.36592802e+00
 1.36067009e+00
 1.35495073e+00
 1.34873369e+00
 1.34193310e+00
 1.33447920e+00
 1.32637802e+00
 1.31773211e+00
 1.30868600e+00
 1.29939311e+00
 1.29004638e+00
 1.28087229e+00
 1.27212025e+00
 1.26406106e+00
 1.25691541e+00
 1.25080421e+00
 1.24577088e+00
 1.24176931e+00
 1.23865635e+00
 1.23625926e+00
 1.23444252e+00
 1.23311992e+00
 1.23227468e+00
 1.23197457e+00
 1.38936399e+00
 1.38910394e+00
 1.38825069e+00
 1.38675390e+00
 1.38461822e+00
 1.38186789e+00
 1.37853688e+00
 1.37466931e+00
 1.37031421e+00
 1.36550972e+00
 1.36026655e+00
 1.35457220e+00
 1.34838823e+00
 1.34161377e+00
 1.33416737e+00
 1.32605088e+00
 1.31737409e+00
 1.30828658e+00
 1.29893900e+00
 1.28952587e+00
 1.28027704e+00
 1.27144607e+00
 1.26331941e+00
 1.25613294e+00
 1.25001218e+00
 1.24500972e+00
 1.24108845e+00
 1.23809696e+00
 1.23584617e+00
 1.23419565e+00
 1.23305117e+00
 1.23236007e+00
 1.23212055e+00
 1.38958600e+00
 1.38926850e+00
 1.38831821e+00
 1.38674198e+00
 1.38455209e+00
 1.38176724e+00
 1.37841442e+00
 1.37453382e+00
 1.37017292e+00
 1.36536898e+00
 1.36013114e+00
 1.35444560e+00
 1.34827350e+00
 1.34150837e+00
 1.33406470e+00
 1.32594282e+00
 1.31725538e+00
 1.30815379e+00
 1.29878750e+00
 1.28935154e+00
 1.28007690e+00
 1.27121821e+00
 1.26306754e+00
 1.25586628e+00
 1.24974111e+00
 1.24474793e+00
 1.24085357e+00
 1.23790386e+00
 1.23570321e+00
 1.23411032e+00
 1.23302993e+00
 1.23240275e+00
 1.23219700e+00
