 1.50654800e+00
 1.50627102e+00
 1.50544673e+00
 1.50409470e+00
 1.50224526e+00
 1.49993662e+00
 1.49721149e+00
 1.49411815e+00
 1.49069693e+00
 1.48698494e+00
 1.48301569e+00
 1.47883284e+00
 1.47447047e+00
 1.46986321e+00
 1.46492213e+00
 1.45959889e+00
 1.45389543e+00
 1.44790513e+00
 1.44181314e+00
 1.43577025e+00
 1.42983371e+00
 1.42406177e+00
 1.41855429e+00
 1.41340261e+00
 1.40868096e+00
 1.40441658e+00
 1.40062133e+00
 1.39733234e+00
 1.39458742e+00
 1.39241856e+00
 1.39085105e+00
 1.38990319e+00
 1.38958600e+00
 1.50660956e+00
 1.50628959e+00
 1.50539566e+00
 1.50399147e+00
 1.50211173e+00
 1.49978867e+00
 1.49705832e+00
 1.49396366e+00
 1.49054270e+00
 1.48683116e+00
 1.48286197e+00
 1.47867711e+00
 1.47430755e+00
 1.46969201e+00
 1.46474542e+00
 1.45942105e+00
 1.45372236e+00
 1.44774164e+00
 1.44165811e+00
 1.43561925e+00
 1.42968523e+00
 1.42391601e+00
 1.41840940e+00
 1.41325545e+00
 1.40852618e+00
 1.40424937e+00
 1.40043803e+00
 1.39712590e+00
 1.39434568e+00
 1.39212208e+00
 1.39047477e+00
 1.38942957e+00
 1.38905481e+00
 1.50663046e+00
 1.50624733e+00
 1.50520402e+00
 1.50366385e+00
 1.50170052e+00
 1.49933696e+00
 1.49659201e+00
 1.49349424e+00
 1.49007472e+00
 1.48636508e+00
 1.48239633e+00
 1.47820569e+00
 1.47381661e+00
 1.46917830e+00
 1.46421648e+00
 1.45888935e+00
 1.45320443e+00
 1.44725060e+00
 1.44119113e+00
 1.43516458e+00
 1.42923830e+00
 1.42347660e+00
 1.41797201e+00
 1.41281071e+00
 1.40805913e+00
 1.40374634e+00
 1.39988742e+00
 1.39650727e+00
 1.39362439e+00
 1.39124568e+00
 1.38938481e+00
 1.38812278e+00
 1.38765830e+00
 1.50619916e+00
 1.50579382e+00
 1.50466946e+00
 1.50301554e+00
 1.50096324e+00
 1.49855231e+00
 1.49579080e+00
 1.49269201e+00
 1.48927745e+00
 1.48557292e+00
 1.48160594e+00
 1.47740700e+00
 1.47299143e+00
 1.46832143e+00
 1.46333828e+00
 1.45800845e+00
 1.45234483e+00
 1.44643051e+00
 1.44040736e+00
 1.43440161e+00
 1.42848857e+00
 1.42273765e+00
 1.41723483e+00
 1.41206015e+00
 1.40727348e+00
 1.40290521e+00
 1.39897186e+00
 1.39548860e+00
 1.39246027e+00
 1.38988719e+00
 1.38781349e+00
 1.38640256e+00
 1.38589356e+00
 1.50488434e+00
 1.50451440e+00
 1.50345852e+00
 1.50184343e+00
 1.49979264e+00
 1.49737512e+00
 1.49461571e+00
 1.49152738e+00
 1.48812633e+00
 1.48443331e+00
 1.48047165e+00
 1.47626492e+00
 1.47182263e+00
 1.46711951e+00
 1.46211417e+00
 1.45678397e+00
 1.45114726e+00
 1.44527959e+00
 1.43930080e+00
 1.43332379e+00
 1.42742939e+00
 1.42169098e+00
 1.41618834e+00
 1.41099445e+00
 1.40616375e+00
 1.40172825e+00
 1.39770700e+00
 1.39411387e+00
 1.39096067e+00
 1.38827864e+00
 1.38616078e+00
 1.38477362e+00
 1.38428720e+00
 1.50258363e+00
 1.50229347e+00
 1.50142282e+00
 1.49999445e+00
 1.49807156e+00
 1.49572766e+00
 1.49301453e+00
 1.48996186e+00
 1.48659045e+00
 1.48292008e+00
 1.47897106e+00
 1.47476177e+00
 1.47029923e+00
 1.46556900e+00
 1.46054629e+00
 1.45522043e+00
 1.44961460e+00
 1.44379638e+00
 1.43786619e+00
 1.43192431e+00
 1.42605331e+00
 1.42032837e+00
 1.41482418e+00
 1.40960768e+00
 1.40473042e+00
 1.40022798e+00
 1.39612723e+00
 1.39245608e+00
 1.38925718e+00
 1.38660741e+00
 1.38461841e+00
 1.38339349e+00
 1.38298238e+00
 1.49980495e+00
 1.49955489e+00
 1.49879952e+00
 1.49753358e+00
 1.49577275e+00
 1.49355846e+00
 1.49093975e+00
 1.48795657e+00
 1.48463789e+00
 1.48100650e+00
 1.47708216e+00
 1.47288094e+00
 1.46841029e+00
 1.46366506e+00
 1.45863478e+00
 1.45332019e+00
 1.44774849e+00
 1.44198016e+00
 1.43610024e+00
 1.43019794e+00
 1.42435427e+00
 1.41864408e+00
 1.41313841e+00
 1.40790054e+00
 1.40298251e+00
 1.39842681e+00
 1.39427383e+00
 1.39057253e+00
 1.38739086e+00
 1.38481555e+00
 1.38293029e+00
 1.38178749e+00
 1.38140561e+00
 1.49667306e+00
 1.49643983e+00
 1.49574010e+00
 1.49457382e+00
 1.49294455e+00
 1.49086720e+00
 1.48836968e+00
 1.48548506e+00
 1.48224368e+00
 1.47867081e+00
 1.47478726e+00
 1.47060929e+00
 1.46614682e+00
 1.46140275e+00
 1.45637825e+00
 1.45108377e+00
 1.44554985e+00
 1.43983149e+00
 1.43400242e+00
 1.42814270e+00
 1.42232983e+00
 1.41663710e+00
 1.41113333e+00
 1.40588100e+00
 1.40093565e+00
 1.39634894e+00
 1.39217505e+00
 1.38847710e+00
 1.38532763e+00
 1.38279925e+00
 1.38095135e+00
 1.37982538e+00
 1.37944700e+00
 1.49308125e+00
 1.49286797e+00
 1.49222546e+00
 1.49114811e+00
 1.48963268e+00
 1.48768296e+00
 1.48531233e+00
 1.48254215e+00
 1.47939725e+00
 1.47590166e+00
 1.47207659e+00
 1.46793955e+00
 1.46350378e+00
 1.45877900e+00
 1.45377548e+00
 1.44851142e+00
 1.44302011e+00
 1.43735285e+00
 1.43157552e+00
 1.42576099e+00
 1.41998280e+00
 1.41431233e+00
 1.40881755e+00
 1.40356235e+00
 1.39860732e+00
 1.39401268e+00
 1.38984207e+00
 1.38616393e+00
 1.38304796e+00
 1.38055781e+00
 1.37874466e+00
 1.37764390e+00
 1.37727499e+00
 1.48910751e+00
 1.48890811e+00
 1.48830781e+00
 1.48730102e+00
 1.48588122e+00
 1.48404499e+00
 1.48179547e+00
 1.47914344e+00
 1.47610563e+00
 1.47270164e+00
 1.46895121e+00
 1.46487259e+00
 1.46048205e+00
 1.45579475e+00
 1.45082785e+00
 1.44560540e+00
 1.44016298e+00
 1.43454973e+00
 1.42882629e+00
 1.42306028e+00
 1.41732175e+00
 1.41168049e+00
 1.40620466e+00
 1.40096055e+00
 1.39601360e+00
 1.39143013e+00
 1.38727846e+00
 1.38362766e+00
 1.38054347e+00
 1.37808346e+00
 1.37629339e+00
 1.37520608e+00
 1.37484141e+00
 1.48476841e+00
 1.48458122e+00
 1.48401731e+00
 1.48307040e+00
 1.48173228e+00
 1.47999563e+00
 1.47785713e+00
 1.47531947e+00
 1.47239167e+00
 1.46908765e+00
 1.46542412e+00
 1.46141892e+00
 1.45709021e+00
 1.45245708e+00
 1.44754165e+00
 1.44237220e+00
 1.43698622e+00
 1.43143170e+00
 1.42576604e+00
 1.42005321e+00
 1.41436072e+00
 1.40875730e+00
 1.40331177e+00
 1.39809283e+00
 1.39316949e+00
 1.38861153e+00
 1.38448892e+00
 1.38086967e+00
 1.37781651e+00
 1.37538363e+00
 1.37361449e+00
 1.37254048e+00
 1.37218040e+00
 1.48009827e+00
 1.47992165e+00
 1.47938933e+00
 1.47849448e+00
 1.47722758e+00
 1.47557877e+00
 1.47354055e+00
 1.47110999e+00
 1.46828992e+00
 1.46508883e+00
 1.46151976e+00
 1.45759904e+00
 1.45334551e+00
 1.44878066e+00
 1.44392986e+00
 1.43882435e+00
 1.43350305e+00
 1.42801347e+00
 1.42241109e+00
 1.41675756e+00
 1.41111867e+00
 1.40556259e+00
 1.40015887e+00
 1.39497794e+00
 1.39009099e+00
 1.38556935e+00
 1.38148317e+00
 1.37789915e+00
 1.37487788e+00
 1.37247149e+00
 1.37072184e+00
 1.36965957e+00
 1.36930338e+00
 1.47514026e+00
 1.47497266e+00
 1.47446736e+00
 1.47361734e+00
 1.47241233e+00
 1.47084084e+00
 1.46889253e+00
 1.46656047e+00
 1.46384285e+00
 1.46074359e+00
 1.45727213e+00
 1.45344277e+00
 1.44927397e+00
 1.44478833e+00
 1.44001312e+00
 1.43498139e+00
 1.42973309e+00
 1.42431555e+00
 1.41878312e+00
 1.41319605e+00
 1.40761904e+00
 1.40211996e+00
 1.39676884e+00
 1.39163714e+00
 1.38679706e+00
 1.38232038e+00
 1.37827679e+00
 1.37473183e+00
 1.37174464e+00
 1.36936603e+00
 1.36763696e+00
 1.36658737e+00
 1.36623547e+00
 1.46993600e+00
 1.46977636e+00
 1.46929488e+00
 1.46848428e+00
 1.46733372e+00
 1.46583056e+00
 1.46396257e+00
 1.46172015e+00
 1.45909810e+00
 1.45609683e+00
 1.45272269e+00
 1.44898777e+00
 1.44490960e+00
 1.44051089e+00
 1.43581973e+00
 1.43087017e+00
 1.42570268e+00
 1.42036447e+00
 1.41490921e+00
 1.40939623e+00
 1.40388952e+00
 1.39845668e+00
 1.39316792e+00
 1.38809511e+00
 1.38331069e+00
 1.37888626e+00
 1.37489084e+00
 1.37138891e+00
 1.36843850e+00
 1.36608942e+00
 1.36438185e+00
 1.36334529e+00
 1.36299775e+00
 1.46453463e+00
 1.46438198e+00
 1.46392139e+00
 1.46314529e+00
 1.46204238e+00
 1.46059930e+00
 1.45880262e+00
 1.45664096e+00
 1.45410682e+00
 1.45119800e+00
 1.44791834e+00
 1.44427797e+00
 1.44029315e+00
 1.43598613e+00
 1.43138511e+00
 1.42652440e+00
 1.42144459e+00
 1.41619266e+00
 1.41082169e+00
 1.40539033e+00
 1.39996198e+00
 1.39460387e+00
 1.38938609e+00
 1.38438045e+00
 1.37965918e+00
 1.37529338e+00
 1.37135127e+00
 1.36789638e+00
 1.36498576e+00
 1.36266840e+00
 1.36098390e+00
 1.35996135e+00
 1.35961851e+00
 1.45899088e+00
 1.45884401e+00
 1.45840081e+00
 1.45765378e+00
 1.45659157e+00
 1.45520048e+00
 1.45346639e+00
 1.45137675e+00
 1.44892249e+00
 1.44609954e+00
 1.44290986e+00
 1.43936190e+00
 1.43547067e+00
 1.43125767e+00
 1.42675070e+00
 1.42198383e+00
 1.41699739e+00
 1.41183791e+00
 1.40655782e+00
 1.40121506e+00
 1.39587237e+00
 1.39059649e+00
 1.38545711e+00
 1.38052566e+00
 1.37587393e+00
 1.37157234e+00
 1.36768831e+00
 1.36428442e+00
 1.36141681e+00
 1.35913370e+00
 1.35747404e+00
 1.35646654e+00
 1.35612873e+00
 1.45335487e+00
 1.45321284e+00
 1.45278425e+00
 1.45206181e+00
 1.45103431e+00
 1.44968803e+00
 1.44800851e+00
 1.44598254e+00
 1.44360009e+00
 1.44085591e+00
 1.43775063e+00
 1.43429142e+00
 1.43049221e+00
 1.42637361e+00
 1.42196276e+00
 1.41729317e+00
 1.41240455e+00
 1.40734270e+00
 1.40215923e+00
 1.39691119e+00
 1.39166052e+00
 1.38647323e+00
 1.38141840e+00
 1.37656692e+00
 1.37198995e+00
 1.36775726e+00
 1.36393544e+00
 1.36058621e+00
 1.35776480e+00
 1.35551857e+00
 1.35388578e+00
 1.35289459e+00
 1.35256226e+00
 1.44767606e+00
 1.44753832e+00
 1.44712259e+00
 1.44642160e+00
 1.44542416e+00
 1.44411658e+00
 1.44248435e+00
 1.44051415e+00
 1.43819559e+00
 1.43552282e+00
 1.43249573e+00
 1.42912062e+00
 1.42541055e+00
 1.42138531e+00
 1.41707124e+00
 1.41250102e+00
 1.40771347e+00
 1.40275339e+00
 1.39767129e+00
 1.39252312e+00
 1.38736973e+00
 1.38227618e+00
 1.37731075e+00
 1.37254361e+00
 1.36804530e+00
 1.36388494e+00
 1.36012843e+00
 1.35683668e+00
 1.35406407e+00
 1.35185707e+00
 1.35025309e+00
 1.34927955e+00
 1.34895317e+00
 1.44201206e+00
 1.44187798e+00
 1.44147312e+00
 1.44079009e+00
 1.43981770e+00
 1.43854246e+00
 1.43695024e+00
 1.43502799e+00
 1.43276546e+00
 1.43015669e+00
 1.42720126e+00
 1.42390499e+00
 1.42028035e+00
 1.41634641e+00
 1.41212866e+00
 1.40765881e+00
 1.40297455e+00
 1.39811936e+00
 1.39314241e+00
 1.38809820e+00
 1.38304626e+00
 1.37805040e+00
 1.37317785e+00
 1.36849797e+00
 1.36408065e+00
 1.35999445e+00
 1.35630470e+00
 1.35307166e+00
 1.35034890e+00
 1.34818196e+00
 1.34660735e+00
 1.34565174e+00
 1.34533137e+00
 1.43642608e+00
 1.43629432e+00
 1.43589662e+00
 1.43522608e+00
 1.43427219e+00
 1.43302214e+00
 1.43146240e+00
 1.42958041e+00
 1.42736626e+00
 1.42481418e+00
 1.42192378e+00
 1.41870078e+00
 1.41515733e+00
 1.41131193e+00
 1.40718926e+00
 1.40281992e+00
 1.39824023e+00
 1.39349216e+00
 1.38862318e+00
 1.38368608e+00
 1.37873870e+00
 1.37384332e+00
 1.36906588e+00
 1.36447471e+00
 1.36013903e+00
 1.35612695e+00
 1.35250348e+00
 1.34932847e+00
 1.34665492e+00
 1.34452764e+00
 1.34298227e+00
 1.34204463e+00
 1.34173035e+00
 1.43096611e+00
 1.43083575e+00
 1.43044256e+00
 1.42978049e+00
 1.42884004e+00
 1.42760935e+00
 1.42607570e+00
 1.42422715e+00
 1.42205431e+00
 1.41955192e+00
 1.41672000e+00
 1.41356456e+00
 1.41009774e+00
 1.40633768e+00
 1.40230826e+00
 1.39803886e+00
 1.39356427e+00
 1.38892467e+00
 1.38416558e+00
 1.37933781e+00
 1.37449719e+00
 1.36970414e+00
 1.36502293e+00
 1.36052066e+00
 1.35626570e+00
 1.35232585e+00
 1.34876605e+00
 1.34564613e+00
 1.34301888e+00
 1.34092862e+00
 1.33941033e+00
 1.33848921e+00
 1.33818048e+00
 1.42567387e+00
 1.42554482e+00
 1.42515573e+00
 1.42450094e+00
 1.42357165e+00
 1.42235683e+00
 1.42084457e+00
 1.41902375e+00
 1.41688583e+00
 1.41442645e+00
 1.41164655e+00
 1.40855289e+00
 1.40515797e+00
 1.40147974e+00
 1.39754129e+00
 1.39337067e+00
 1.38900094e+00
 1.38447030e+00
 1.37982212e+00
 1.37510500e+00
 1.37037249e+00
 1.36568282e+00
 1.36109822e+00
 1.35668414e+00
 1.35250788e+00
 1.34863683e+00
 1.34513617e+00
 1.34206628e+00
 1.33948042e+00
 1.33742302e+00
 1.33592883e+00
 1.33502251e+00
 1.33471879e+00
 1.42060181e+00
 1.42047399e+00
 1.42008866e+00
 1.41944041e+00
 1.41852078e+00
 1.41731923e+00
 1.41582448e+00
 1.41402625e+00
 1.41191711e+00
 1.40949411e+00
 1.40675973e+00
 1.40372201e+00
 1.40039416e+00
 1.39679405e+00
 1.39294390e+00
 1.38887030e+00
 1.38460439e+00
 1.38018223e+00
 1.37564494e+00
 1.37103876e+00
 1.36641484e+00
 1.36182894e+00
 1.35734092e+00
 1.35301404e+00
 1.34891400e+00
 1.34510749e+00
 1.34166003e+00
 1.33863315e+00
 1.33608144e+00
 1.33405027e+00
 1.33257481e+00
 1.33167978e+00
 1.33137983e+00
 1.41580694e+00
 1.41568024e+00
 1.41529825e+00
 1.41465559e+00
 1.41374399e+00
 1.41255313e+00
 1.41107203e+00
 1.40929108e+00
 1.40720427e+00
 1.40481074e+00
 1.40211522e+00
 1.39912757e+00
 1.39586193e+00
 1.39233608e+00
 1.38857119e+00
 1.38459214e+00
 1.38042804e+00
 1.37611270e+00
 1.37168497e+00
 1.36718876e+00
 1.36267282e+00
 1.35819036e+00
 1.35379859e+00
 1.34955815e+00
 1.34553239e+00
 1.34178645e+00
 1.33838582e+00
 1.33539371e+00
 1.33286738e+00
 1.33085463e+00
 1.32939193e+00
 1.32850447e+00
 1.32820701e+00
 1.41134582e+00
 1.41121991e+00
 1.41084056e+00
 1.41020276e+00
 1.40929804e+00
 1.40811553e+00
 1.40664390e+00
 1.40487420e+00
 1.40280252e+00
 1.40043107e+00
 1.39776764e+00
 1.39482427e+00
 1.39161606e+00
 1.38816045e+00
 1.38447729e+00
 1.38058949e+00
 1.37652397e+00
 1.37231228e+00
 1.36799112e+00
 1.36360227e+00
 1.35919223e+00
 1.35481177e+00
 1.35051546e+00
 1.34636114e+00
 1.34240909e+00
 1.33872158e+00
 1.33536260e+00
 1.33239656e+00
 1.32988466e+00
 1.32787960e+00
 1.32642164e+00
 1.32553749e+00
 1.32524135e+00
 1.40726696e+00
 1.40714294e+00
 1.40676846e+00
 1.40613709e+00
 1.40523931e+00
 1.40406295e+00
 1.40259568e+00
 1.40082980e+00
 1.39876505e+00
 1.39640803e+00
 1.39377013e+00
 1.39086558e+00
 1.38771015e+00
 1.38432056e+00
 1.38071489e+00
 1.37691389e+00
 1.37294220e+00
 1.36882921e+00
 1.36460964e+00
 1.36032348e+00
 1.35601531e+00
 1.35173370e+00
 1.34753088e+00
 1.34346218e+00
 1.33958481e+00
 1.33595696e+00
 1.33263836e+00
 1.32969185e+00
 1.32718243e+00
 1.32517032e+00
 1.32370216e+00
 1.32280890e+00
 1.32250900e+00
 1.40363649e+00
 1.40351226e+00
 1.40313924e+00
 1.40251365e+00
 1.40162341e+00
 1.40045034e+00
 1.39897996e+00
 1.39720845e+00
 1.39514188e+00
 1.39279216e+00
 1.39017400e+00
 1.38730331e+00
 1.38419611e+00
 1.38086787e+00
 1.37733450e+00
 1.37361438e+00
 1.36972999e+00
 1.36570868e+00
 1.36158339e+00
 1.35739289e+00
 1.35318022e+00
 1.34899198e+00
 1.34487849e+00
 1.34089342e+00
 1.33709193e+00
 1.33352838e+00
 1.33025583e+00
 1.32732958e+00
 1.32481331e+00
 1.32277910e+00
 1.32129228e+00
 1.32039208e+00
 1.32009146e+00
 1.40045025e+00
 1.40033366e+00
 1.39998181e+00
 1.39938136e+00
 1.39850529e+00
 1.39732875e+00
 1.39584320e+00
 1.39405531e+00
 1.39197925e+00
 1.38963136e+00
 1.38702836e+00
 1.38418705e+00
 1.38112338e+00
 1.37785104e+00
 1.37438342e+00
 1.37073651e+00
 1.36693090e+00
 1.36299205e+00
 1.35895132e+00
 1.35484692e+00
 1.35072082e+00
 1.34661777e+00
 1.34258647e+00
 1.33867991e+00
 1.33495305e+00
 1.33145883e+00
 1.32824479e+00
 1.32535380e+00
 1.32283294e+00
 1.32074855e+00
 1.31918782e+00
 1.31822836e+00
 1.31790658e+00
 1.39778730e+00
 1.39769245e+00
 1.39738581e+00
 1.39681663e+00
 1.39593962e+00
 1.39473861e+00
 1.39322238e+00
 1.39140961e+00
 1.38931972e+00
 1.38697066e+00
 1.38437948e+00
 1.38156321e+00
 1.37853781e+00
 1.37531472e+00
 1.37190463e+00
 1.36832128e+00
 1.36458382e+00
 1.36071612e+00
 1.35674781e+00
 1.35271752e+00
 1.34866651e+00
 1.34463775e+00
 1.34067829e+00
 1.33684117e+00
 1.33318281e+00
 1.32975803e+00
 1.32661411e+00
 1.32378658e+00
 1.32130145e+00
 1.31919271e+00
 1.31753510e+00
 1.31645415e+00
 1.31607606e+00
 1.39586492e+00
 1.39577481e+00
 1.39546868e+00
 1.39487498e+00
 1.39395195e+00
 1.39270188e+00
 1.39114576e+00
 1.38930610e+00
 1.38720234e+00
 1.38485134e+00
 1.38226943e+00
 1.37947353e+00
 1.37648019e+00
 1.37329809e+00
 1.36993545e+00
 1.36640400e+00
 1.36272206e+00
 1.35891220e+00
 1.35500209e+00
 1.35103179e+00
 1.34704204e+00
 1.34307414e+00
 1.33917334e+00
 1.33539306e+00
 1.33179183e+00
 1.32842841e+00
 1.32535477e+00
 1.32260986e+00
 1.32021567e+00
 1.31818436e+00
 1.31655581e+00
 1.31545455e+00
 1.31505877e+00
 1.39466629e+00
 1.39455958e+00
 1.39419915e+00
 1.39352818e+00
 1.39253382e+00
 1.39123028e+00
 1.38963797e+00
 1.38777617e+00
 1.38566166e+00
 1.38330917e+00
 1.38073417e+00
 1.37795335e+00
 1.37498454e+00
 1.37183340e+00
 1.36850629e+00
 1.36501330e+00
 1.36137243e+00
 1.35760543e+00
 1.35373768e+00
 1.34981154e+00
 1.34586716e+00
 1.34194454e+00
 1.33808706e+00
 1.33434858e+00
 1.33078949e+00
 1.32747258e+00
 1.32445569e+00
 1.32178638e+00
 1.31949736e+00
 1.31760622e+00
 1.31613126e+00
 1.31513726e+00
 1.31477336e+00
 1.39404550e+00
 1.39390819e+00
 1.39347336e+00
 1.39272784e+00
 1.39167812e+00
 1.39033759e+00
 1.38872181e+00
 1.38684622e+00
 1.38472528e+00
 1.38237200e+00
 1.37980138e+00
 1.37702978e+00
 1.37407651e+00
 1.37094469e+00
 1.36763961e+00
 1.36417027e+00
 1.36055461e+00
 1.35681404e+00
 1.35297192e+00
 1.34907281e+00
 1.34515633e+00
 1.34126168e+00
 1.33743071e+00
 1.33371769e+00
 1.33018412e+00
 1.32689560e+00
 1.32391409e+00
 1.32129405e+00
 1.31907907e+00
 1.31730008e+00
 1.31598031e+00
 1.31514446e+00
 1.31484609e+00
 1.39385800e+00
 1.39370136e+00
 1.39323351e+00
 1.39246033e+00
 1.39139119e+00
 1.39003800e+00
 1.38841431e+00
 1.38653412e+00
 1.38441109e+00
 1.38205758e+00
 1.37948847e+00
 1.37671996e+00
 1.37377204e+00
 1.37064678e+00
 1.36734918e+00
 1.36388780e+00
 1.36028065e+00
 1.35654902e+00
 1.35271547e+00
 1.34882547e+00
 1.34491839e+00
 1.34103321e+00
 1.33721115e+00
 1.33350668e+00
 1.32998162e+00
 1.32670257e+00
 1.32373290e+00
 1.32112953e+00
 1.31893997e+00
 1.31720055e+00
 1.31593882e+00
 1.31517415e+00
 1.31491800e+00
