 3.23345100e+00
 3.23700305e+00
 3.24824592e+00
 3.26830369e+00
 3.29732422e+00
 3.33266730e+00
 3.36856378e+00
 3.39867947e+00
 3.41949369e+00
 3.43096640e+00
 3.43452800e+00
 3.24392143e+00
 3.24608113e+00
 3.25710097e+00
 3.27804884e+00
 3.30815054e+00
 3.34448096e+00
 3.38099487e+00
 3.41133763e+00
 3.43218666e+00
 3.44483967e+00
 3.45082829e+00
 3.26185745e+00
 3.26634699e+00
 3.27986389e+00
 3.30346887e+00
 3.33667991e+00
 3.37576514e+00
 3.41400654e+00
 3.44490922e+00
 3.46567414e+00
 3.47697809e+00
 3.48025938e+00
 3.28518237e+00
 3.29048495e+00
 3.30677228e+00
 3.33447833e+00
 3.37237354e+00
 3.41559070e+00
 3.45637415e+00
 3.48813794e+00
 3.50872909e+00
 3.51956590e+00
 3.52288468e+00
 3.30043338e+00
 3.30670715e+00
 3.32595984e+00
 3.35847862e+00
 3.40210478e+00
 3.45046986e+00
 3.49455365e+00
 3.52770426e+00
 3.54864047e+00
 3.55962617e+00
 3.56301203e+00
 3.29854429e+00
 3.30585382e+00
 3.32819585e+00
 3.36571309e+00
 3.41557503e+00
 3.46989540e+00
 3.51820402e+00
 3.55364751e+00
 3.57565487e+00
 3.58708397e+00
 3.59058697e+00
 3.27918757e+00
 3.28725781e+00
 3.31201805e+00
 3.35386228e+00
 3.40973520e+00
 3.47045879e+00
 3.52393032e+00
 3.56274041e+00
 3.58673910e+00
 3.59926298e+00
 3.60312878e+00
 3.24962471e+00
 3.25810157e+00
 3.28420861e+00
 3.32894737e+00
 3.38970852e+00
 3.45650930e+00
 3.51557194e+00
 3.55846139e+00
 3.58506604e+00
 3.59896378e+00
 3.60322778e+00
 3.22109647e+00
 3.22937726e+00
 3.25553248e+00
 3.30158524e+00
 3.36554712e+00
 3.43714886e+00
 3.50130048e+00
 3.54809869e+00
 3.57736943e+00
 3.59281922e+00
 3.59761109e+00
 3.20076136e+00
 3.20890566e+00
 3.23494018e+00
 3.28145364e+00
 3.34705353e+00
 3.42153492e+00
 3.48937971e+00
 3.53882602e+00
 3.57011230e+00
 3.58661145e+00
 3.59169100e+00
 3.19339600e+00
 3.20153328e+00
 3.22756410e+00
 3.27418626e+00
 3.34027576e+00
 3.41565575e+00
 3.48492410e+00
 3.53522324e+00
 3.56730558e+00
 3.58416817e+00
 3.58925300e+00
