 1.31641100e+00
 1.31636437e+00
 1.31621553e+00
 1.31593982e+00
 1.31550297e+00
 1.31487050e+00
 1.31402065e+00
 1.31297032e+00
 1.31178320e+00
 1.31057806e+00
 1.30953405e+00
 1.30881053e+00
 1.30845064e+00
 1.30840805e+00
 1.30870422e+00
 1.30940063e+00
 1.31041163e+00
 1.31145148e+00
 1.31235091e+00
 1.31300682e+00
 1.31332537e+00
 1.31335859e+00
 1.31321880e+00
 1.31296325e+00
 1.31261119e+00
 1.31219709e+00
 1.31174144e+00
 1.31125864e+00
 1.31077974e+00
 1.31035347e+00
 1.31002008e+00
 1.30980847e+00
 1.30973600e+00
 1.31665004e+00
 1.31663047e+00
 1.31652666e+00
 1.31628793e+00
 1.31587889e+00
 1.31527013e+00
 1.31444512e+00
 1.31342229e+00
 1.31226480e+00
 1.31108917e+00
 1.31006854e+00
 1.30935761e+00
 1.30900151e+00
 1.30896045e+00
 1.30925432e+00
 1.30993786e+00
 1.31092497e+00
 1.31194308e+00
 1.31282404e+00
 1.31346453e+00
 1.31377585e+00
 1.31380661e+00
 1.31366330e+00
 1.31340212e+00
 1.31304367e+00
 1.31262048e+00
 1.31215216e+00
 1.31165225e+00
 1.31114826e+00
 1.31068077e+00
 1.31028402e+00
 1.30999234e+00
 1.30987167e+00
 1.31746652e+00
 1.31748739e+00
 1.31748149e+00
 1.31734032e+00
 1.31700925e+00
 1.31646868e+00
 1.31571518e+00
 1.31477182e+00
 1.31370003e+00
 1.31260946e+00
 1.31165687e+00
 1.31098416e+00
 1.31064125e+00
 1.31060491e+00
 1.31089128e+00
 1.31153755e+00
 1.31245753e+00
 1.31341277e+00
 1.31423991e+00
 1.31483611e+00
 1.31512537e+00
 1.31514731e+00
 1.31499297e+00
 1.31471530e+00
 1.31433769e+00
 1.31388798e+00
 1.31338320e+00
 1.31283398e+00
 1.31225727e+00
 1.31167375e+00
 1.31110886e+00
 1.31064144e+00
 1.31044744e+00
 1.31910412e+00
 1.31914065e+00
 1.31919320e+00
 1.31914358e+00
 1.31890925e+00
 1.31846647e+00
 1.31782108e+00
 1.31700018e+00
 1.31606123e+00
 1.31510200e+00
 1.31425642e+00
 1.31364815e+00
 1.31333198e+00
 1.31330424e+00
 1.31357694e+00
 1.31416565e+00
 1.31498671e+00
 1.31584480e+00
 1.31658757e+00
 1.31711553e+00
 1.31736724e+00
 1.31737076e+00
 1.31719677e+00
 1.31689272e+00
 1.31648389e+00
 1.31599304e+00
 1.31543380e+00
 1.31481293e+00
 1.31413637e+00
 1.31341356e+00
 1.31269056e+00
 1.31211229e+00
 1.31188614e+00
 1.32179414e+00
 1.32181171e+00
 1.32183402e+00
 1.32179021e+00
 1.32161227e+00
 1.32126536e+00
 1.32074667e+00
 1.32007739e+00
 1.31930543e+00
 1.31851159e+00
 1.31780408e+00
 1.31728584e+00
 1.31701359e+00
 1.31699973e+00
 1.31725304e+00
 1.31777056e+00
 1.31847471e+00
 1.31921191e+00
 1.31984739e+00
 1.32028920e+00
 1.32048803e+00
 1.32046056e+00
 1.32025728e+00
 1.31991832e+00
 1.31946894e+00
 1.31892842e+00
 1.31830906e+00
 1.31761871e+00
 1.31686820e+00
 1.31608783e+00
 1.31535907e+00
 1.31482351e+00
 1.31462472e+00
 1.32551670e+00
 1.32549088e+00
 1.32542057e+00
 1.32530800e+00
 1.32513081e+00
 1.32485649e+00
 1.32446578e+00
 1.32396280e+00
 1.32337830e+00
 1.32277167e+00
 1.32222469e+00
 1.32181914e+00
 1.32160903e+00
 1.32161617e+00
 1.32184730e+00
 1.32228800e+00
 1.32286986e+00
 1.32347457e+00
 1.32398912e+00
 1.32433289e+00
 1.32446523e+00
 1.32439341e+00
 1.32415119e+00
 1.32377095e+00
 1.32327677e+00
 1.32268771e+00
 1.32202000e+00
 1.32129303e+00
 1.32054120e+00
 1.31982826e+00
 1.31924525e+00
 1.31887339e+00
 1.31874807e+00
 1.32981073e+00
 1.32977686e+00
 1.32968498e+00
 1.32955460e+00
 1.32939452e+00
 1.32919380e+00
 1.32893351e+00
 1.32860430e+00
 1.32821778e+00
 1.32781031e+00
 1.32743832e+00
 1.32716306e+00
 1.32703152e+00
 1.32706834e+00
 1.32727908e+00
 1.32764513e+00
 1.32810911e+00
 1.32858097e+00
 1.32897031e+00
 1.32920987e+00
 1.32926547e+00
 1.32913784e+00
 1.32884877e+00
 1.32842409e+00
 1.32788726e+00
 1.32726050e+00
 1.32656880e+00
 1.32584681e+00
 1.32514615e+00
 1.32453311e+00
 1.32406888e+00
 1.32378675e+00
 1.32369311e+00
 1.33448575e+00
 1.33446888e+00
 1.33442214e+00
 1.33435551e+00
 1.33427862e+00
 1.33419149e+00
 1.33408264e+00
 1.33393866e+00
 1.33375721e+00
 1.33355475e+00
 1.33336554e+00
 1.33323210e+00
 1.33319178e+00
 1.33326743e+00
 1.33346396e+00
 1.33376370e+00
 1.33412093e+00
 1.33446815e+00
 1.33473585e+00
 1.33487048e+00
 1.33484366e+00
 1.33465269e+00
 1.33431208e+00
 1.33384352e+00
 1.33327111e+00
 1.33262195e+00
 1.33192926e+00
 1.33123560e+00
 1.33059127e+00
 1.33004506e+00
 1.32963328e+00
 1.32937789e+00
 1.32929130e+00
 1.33955187e+00
 1.33955835e+00
 1.33958012e+00
 1.33962166e+00
 1.33968413e+00
 1.33976115e+00
 1.33983834e+00
 1.33989837e+00
 1.33992992e+00
 1.33993510e+00
 1.33993106e+00
 1.33994475e+00
 1.34000345e+00
 1.34012604e+00
 1.34031706e+00
 1.34056247e+00
 1.34082785e+00
 1.34106388e+00
 1.34121912e+00
 1.34125289e+00
 1.34114282e+00
 1.34088565e+00
 1.34049257e+00
 1.33998349e+00
 1.33938396e+00
 1.33872496e+00
 1.33804368e+00
 1.33738258e+00
 1.33678476e+00
 1.33628746e+00
 1.33591759e+00
 1.33569109e+00
 1.33561502e+00
 1.34495963e+00
 1.34500118e+00
 1.34512281e+00
 1.34531549e+00
 1.34556421e+00
 1.34584837e+00
 1.34614360e+00
 1.34642572e+00
 1.34667637e+00
 1.34688812e+00
 1.34706631e+00
 1.34722613e+00
 1.34738617e+00
 1.34756102e+00
 1.34775512e+00
 1.34795898e+00
 1.34814840e+00
 1.34828885e+00
 1.34834393e+00
 1.34828452e+00
 1.34809457e+00
 1.34777249e+00
 1.34732892e+00
 1.34678368e+00
 1.34616349e+00
 1.34550096e+00
 1.34483318e+00
 1.34419889e+00
 1.34363414e+00
 1.34316837e+00
 1.34282265e+00
 1.34261034e+00
 1.34253878e+00
 1.35082081e+00
 1.35090089e+00
 1.35113253e+00
 1.35149190e+00
 1.35194486e+00
 1.35245273e+00
 1.35297737e+00
 1.35348529e+00
 1.35395117e+00
 1.35436057e+00
 1.35471074e+00
 1.35500861e+00
 1.35526606e+00
 1.35549406e+00
 1.35569724e+00
 1.35587051e+00
 1.35599849e+00
 1.35605857e+00
 1.35602670e+00
 1.35588378e+00
 1.35562014e+00
 1.35523717e+00
 1.35474665e+00
 1.35416892e+00
 1.35353122e+00
 1.35286577e+00
 1.35220751e+00
 1.35159093e+00
 1.35104680e+00
 1.35060002e+00
 1.35026891e+00
 1.35006568e+00
 1.34999721e+00
 1.35733843e+00
 1.35745099e+00
 1.35777619e+00
 1.35827963e+00
 1.35891246e+00
 1.35962062e+00
 1.36035265e+00
 1.36106480e+00
 1.36172398e+00
 1.36230913e+00
 1.36281107e+00
 1.36323053e+00
 1.36357434e+00
 1.36385065e+00
 1.36406440e+00
 1.36421430e+00
 1.36429216e+00
 1.36428486e+00
 1.36417830e+00
 1.36396186e+00
 1.36363188e+00
 1.36319326e+00
 1.36265951e+00
 1.36205167e+00
 1.36139672e+00
 1.36072557e+00
 1.36007051e+00
 1.35946254e+00
 1.35892907e+00
 1.35849241e+00
 1.35816931e+00
 1.35797113e+00
 1.35790438e+00
 1.36469132e+00
 1.36482352e+00
 1.36520637e+00
 1.36580184e+00
 1.36655543e+00
 1.36740545e+00
 1.36829143e+00
 1.36916042e+00
 1.36997105e+00
 1.37069511e+00
 1.37131723e+00
 1.37183275e+00
 1.37224432e+00
 1.37255773e+00
 1.37277805e+00
 1.37290692e+00
 1.37294171e+00
 1.37287665e+00
 1.37270544e+00
 1.37242444e+00
 1.37203524e+00
 1.37154613e+00
 1.37097240e+00
 1.37033557e+00
 1.36966203e+00
 1.36898107e+00
 1.36832264e+00
 1.36771517e+00
 1.36718381e+00
 1.36674933e+00
 1.36642775e+00
 1.36623035e+00
 1.36616382e+00
 1.37292324e+00
 1.37306018e+00
 1.37345966e+00
 1.37408853e+00
 1.37489546e+00
 1.37581784e+00
 1.37679062e+00
 1.37775434e+00
 1.37866064e+00
 1.37947479e+00
 1.38017563e+00
 1.38075358e+00
 1.38120744e+00
 1.38154070e+00
 1.38175814e+00
 1.38186330e+00
 1.38185753e+00
 1.38174048e+00
 1.38151180e+00
 1.38117330e+00
 1.38073087e+00
 1.38019569e+00
 1.37958452e+00
 1.37891914e+00
 1.37822519e+00
 1.37753049e+00
 1.37686315e+00
 1.37624985e+00
 1.37571442e+00
 1.37527691e+00
 1.37495309e+00
 1.37475427e+00
 1.37468724e+00
 1.38187489e+00
 1.38201306e+00
 1.38241607e+00
 1.38305108e+00
 1.38386833e+00
 1.38480740e+00
 1.38580439e+00
 1.38679902e+00
 1.38774032e+00
 1.38858979e+00
 1.38932204e+00
 1.38992340e+00
 1.39038918e+00
 1.39072045e+00
 1.39092110e+00
 1.39099554e+00
 1.39094764e+00
 1.39078078e+00
 1.39049886e+00
 1.39010776e+00
 1.38961664e+00
 1.38903889e+00
 1.38839232e+00
 1.38769872e+00
 1.38698296e+00
 1.38627159e+00
 1.38559138e+00
 1.38496786e+00
 1.38442414e+00
 1.38398000e+00
 1.38365125e+00
 1.38344936e+00
 1.38338129e+00
 1.39147469e+00
 1.39160661e+00
 1.39199172e+00
 1.39259945e+00
 1.39338329e+00
 1.39428665e+00
 1.39524942e+00
 1.39621417e+00
 1.39713108e+00
 1.39796100e+00
 1.39867640e+00
 1.39926067e+00
 1.39970607e+00
 1.40001121e+00
 1.40017852e+00
 1.40021231e+00
 1.40011768e+00
 1.39990029e+00
 1.39956688e+00
 1.39912612e+00
 1.39858951e+00
 1.39797194e+00
 1.39729183e+00
 1.39657076e+00
 1.39583277e+00
 1.39510331e+00
 1.39440806e+00
 1.39377178e+00
 1.39321720e+00
 1.39276409e+00
 1.39242854e+00
 1.39222238e+00
 1.39215285e+00
 1.40159500e+00
 1.40171367e+00
 1.40206033e+00
 1.40260809e+00
 1.40331595e+00
 1.40413390e+00
 1.40500853e+00
 1.40588815e+00
 1.40672687e+00
 1.40748718e+00
 1.40814119e+00
 1.40867044e+00
 1.40906466e+00
 1.40931996e+00
 1.40943690e+00
 1.40941893e+00
 1.40927132e+00
 1.40900085e+00
 1.40861592e+00
 1.40812701e+00
 1.40754711e+00
 1.40689204e+00
 1.40618044e+00
 1.40543345e+00
 1.40467419e+00
 1.40392701e+00
 1.40321663e+00
 1.40256714e+00
 1.40200104e+00
 1.40153823e+00
 1.40119519e+00
 1.40098427e+00
 1.40091310e+00
 1.41205583e+00
 1.41215531e+00
 1.41244588e+00
 1.41290531e+00
 1.41350029e+00
 1.41419037e+00
 1.41493177e+00
 1.41568096e+00
 1.41639771e+00
 1.41704760e+00
 1.41760352e+00
 1.41804601e+00
 1.41836279e+00
 1.41854759e+00
 1.41859886e+00
 1.41851861e+00
 1.41831155e+00
 1.41798470e+00
 1.41754731e+00
 1.41701087e+00
 1.41638930e+00
 1.41569892e+00
 1.41495830e+00
 1.41418796e+00
 1.41340995e+00
 1.41264745e+00
 1.41192408e+00
 1.41126324e+00
 1.41068716e+00
 1.41021592e+00
 1.40986638e+00
 1.40965135e+00
 1.40957877e+00
 1.42264311e+00
 1.42271675e+00
 1.42293315e+00
 1.42327891e+00
 1.42373228e+00
 1.42426465e+00
 1.42484278e+00
 1.42543159e+00
 1.42599702e+00
 1.42650846e+00
 1.42694039e+00
 1.42727322e+00
 1.42749319e+00
 1.42759189e+00
 1.42756561e+00
 1.42741462e+00
 1.42714262e+00
 1.42675636e+00
 1.42626532e+00
 1.42568160e+00
 1.42501968e+00
 1.42429618e+00
 1.42352947e+00
 1.42273936e+00
 1.42194672e+00
 1.42117328e+00
 1.42044131e+00
 1.41977323e+00
 1.41919078e+00
 1.41871399e+00
 1.41836005e+00
 1.41814213e+00
 1.41806854e+00
 1.43304017e+00
 1.43308887e+00
 1.43323297e+00
 1.43346609e+00
 1.43377657e+00
 1.43414687e+00
 1.43455411e+00
 1.43497200e+00
 1.43537332e+00
 1.43573236e+00
 1.43602640e+00
 1.43623663e+00
 1.43634844e+00
 1.43635164e+00
 1.43624042e+00
 1.43601325e+00
 1.43567265e+00
 1.43522481e+00
 1.43467924e+00
 1.43404840e+00
 1.43334723e+00
 1.43259267e+00
 1.43180303e+00
 1.43099746e+00
 1.43019561e+00
 1.42941746e+00
 1.42868347e+00
 1.42801450e+00
 1.42743130e+00
 1.42695356e+00
 1.42659858e+00
 1.42637985e+00
 1.42630596e+00
 1.44299013e+00
 1.44301812e+00
 1.44310169e+00
 1.44323880e+00
 1.44342399e+00
 1.44364714e+00
 1.44389360e+00
 1.44414550e+00
 1.44438360e+00
 1.44458854e+00
 1.44474174e+00
 1.44482602e+00
 1.44482640e+00
 1.44473110e+00
 1.44453234e+00
 1.44422693e+00
 1.44381622e+00
 1.44330589e+00
 1.44270545e+00
 1.44202768e+00
 1.44128805e+00
 1.44050403e+00
 1.43969424e+00
 1.43887760e+00
 1.43807265e+00
 1.43729750e+00
 1.43657014e+00
 1.43590900e+00
 1.43533300e+00
 1.43486082e+00
 1.43450949e+00
 1.43429273e+00
 1.43421945e+00
 1.45232754e+00
 1.45234097e+00
 1.45238051e+00
 1.45244377e+00
 1.45252641e+00
 1.45262207e+00
 1.45272287e+00
 1.45281984e+00
 1.45290296e+00
 1.45296055e+00
 1.45297877e+00
 1.45294213e+00
 1.45283506e+00
 1.45264409e+00
 1.45235964e+00
 1.45197706e+00
 1.45149687e+00
 1.45092445e+00
 1.45026941e+00
 1.44954494e+00
 1.44876715e+00
 1.44795435e+00
 1.44712602e+00
 1.44630162e+00
 1.44549931e+00
 1.44473546e+00
 1.44402507e+00
 1.44338298e+00
 1.44282489e+00
 1.44236733e+00
 1.44202641e+00
 1.44181575e+00
 1.44174446e+00
 1.46101107e+00
 1.46101186e+00
 1.46101265e+00
 1.46100954e+00
 1.46099792e+00
 1.46097432e+00
 1.46093758e+00
 1.46088857e+00
 1.46082743e+00
 1.46075007e+00
 1.46064624e+00
 1.46050064e+00
 1.46029607e+00
 1.46001701e+00
 1.45965222e+00
 1.45919609e+00
 1.45864882e+00
 1.45801587e+00
 1.45730717e+00
 1.45653635e+00
 1.45572018e+00
 1.45487795e+00
 1.45403064e+00
 1.45319933e+00
 1.45240322e+00
 1.45165797e+00
 1.45097555e+00
 1.45036594e+00
 1.44983972e+00
 1.44940943e+00
 1.44908878e+00
 1.44889036e+00
 1.44882313e+00
 1.46902375e+00
 1.46901001e+00
 1.46896729e+00
 1.46889150e+00
 1.46877866e+00
 1.46862981e+00
 1.46845389e+00
 1.46826446e+00
 1.46807219e+00
 1.46787798e+00
 1.46767146e+00
 1.46743450e+00
 1.46714674e+00
 1.46679035e+00
 1.46635290e+00
 1.46582854e+00
 1.46521785e+00
 1.46452690e+00
 1.46376618e+00
 1.46294972e+00
 1.46209466e+00
 1.46122114e+00
 1.46035185e+00
 1.45951063e+00
 1.45871979e+00
 1.45799671e+00
 1.45735166e+00
 1.45678891e+00
 1.45631095e+00
 1.45592303e+00
 1.45563449e+00
 1.45545603e+00
 1.45539560e+00
 1.47633622e+00
 1.47630645e+00
 1.47621270e+00
 1.47604749e+00
 1.47581110e+00
 1.47551798e+00
 1.47519550e+00
 1.47487361e+00
 1.47457049e+00
 1.47428532e+00
 1.47400148e+00
 1.47369463e+00
 1.47334031e+00
 1.47291877e+00
 1.47241732e+00
 1.47183087e+00
 1.47116119e+00
 1.47041556e+00
 1.46960528e+00
 1.46874461e+00
 1.46785055e+00
 1.46694332e+00
 1.46604691e+00
 1.46518839e+00
 1.46439522e+00
 1.46369035e+00
 1.46308660e+00
 1.46258403e+00
 1.46217424e+00
 1.46184941e+00
 1.46160859e+00
 1.46145796e+00
 1.46140634e+00
 1.48297100e+00
 1.48290818e+00
 1.48272295e+00
 1.48242256e+00
 1.48202229e+00
 1.48155941e+00
 1.48108909e+00
 1.48065653e+00
 1.48027640e+00
 1.47993489e+00
 1.47960302e+00
 1.47924881e+00
 1.47884444e+00
 1.47836963e+00
 1.47781274e+00
 1.47717049e+00
 1.47644668e+00
 1.47565034e+00
 1.47479385e+00
 1.47389153e+00
 1.47295950e+00
 1.47201690e+00
 1.47108769e+00
 1.47020131e+00
 1.46939105e+00
 1.46868925e+00
 1.46811855e+00
 1.46768208e+00
 1.46736114e+00
 1.46712845e+00
 1.46696665e+00
 1.46687087e+00
 1.46683933e+00
 1.48872624e+00
 1.48864225e+00
 1.48837703e+00
 1.48791923e+00
 1.48731417e+00
 1.48666599e+00
 1.48607324e+00
 1.48557825e+00
 1.48517008e+00
 1.48481149e+00
 1.48446009e+00
 1.48407856e+00
 1.48363836e+00
 1.48312065e+00
 1.48251611e+00
 1.48182420e+00
 1.48105138e+00
 1.48020889e+00
 1.47931046e+00
 1.47837037e+00
 1.47740313e+00
 1.47642547e+00
 1.47545951e+00
 1.47453492e+00
 1.47368889e+00
 1.47296359e+00
 1.47239838e+00
 1.47201444e+00
 1.47179521e+00
 1.47168359e+00
 1.47161612e+00
 1.47156713e+00
 1.47154745e+00
 1.49395582e+00
 1.49378105e+00
 1.49325855e+00
 1.49245995e+00
 1.49156623e+00
 1.49076033e+00
 1.49012336e+00
 1.48964110e+00
 1.48925872e+00
 1.48891762e+00
 1.48856870e+00
 1.48817459e+00
 1.48770927e+00
 1.48715708e+00
 1.48651186e+00
 1.48577633e+00
 1.48495999e+00
 1.48407652e+00
 1.48314123e+00
 1.48216844e+00
 1.48117058e+00
 1.48016074e+00
 1.47915763e+00
 1.47818863e+00
 1.47729099e+00
 1.47651188e+00
 1.47590588e+00
 1.47552468e+00
 1.47539080e+00
 1.47545926e+00
 1.47561266e+00
 1.47573233e+00
 1.47577230e+00
 1.49829279e+00
 1.49790709e+00
 1.49691733e+00
 1.49570918e+00
 1.49463323e+00
 1.49383273e+00
 1.49327889e+00
 1.49288457e+00
 1.49256744e+00
 1.49226453e+00
 1.49193030e+00
 1.49153226e+00
 1.49104912e+00
 1.49046929e+00
 1.48978987e+00
 1.48901702e+00
 1.48816321e+00
 1.48724458e+00
 1.48627820e+00
 1.48527861e+00
 1.48425602e+00
 1.48321914e+00
 1.48218235e+00
 1.48116921e+00
 1.48021335e+00
 1.47935993e+00
 1.47866697e+00
 1.47820544e+00
 1.47804819e+00
 1.47822589e+00
 1.47864880e+00
 1.47908213e+00
 1.47926451e+00
 1.50019082e+00
 1.49973110e+00
 1.49863380e+00
 1.49746743e+00
 1.49658262e+00
 1.49600507e+00
 1.49563236e+00
 1.49536282e+00
 1.49512332e+00
 1.49486306e+00
 1.49454664e+00
 1.49414840e+00
 1.49365236e+00
 1.49305091e+00
 1.49234385e+00
 1.49154057e+00
 1.49065618e+00
 1.48970894e+00
 1.48871777e+00
 1.48769760e+00
 1.48665671e+00
 1.48559917e+00
 1.48453507e+00
 1.48348393e+00
 1.48247420e+00
 1.48154452e+00
 1.48074499e+00
 1.48014069e+00
 1.47981463e+00
 1.47984820e+00
 1.48023272e+00
 1.48073389e+00
 1.48096506e+00
 1.49997672e+00
 1.49961830e+00
 1.49886586e+00
 1.49818941e+00
 1.49773540e+00
 1.49745730e+00
 1.49727309e+00
 1.49711727e+00
 1.49694397e+00
 1.49671898e+00
 1.49641758e+00
 1.49602006e+00
 1.49551487e+00
 1.49489770e+00
 1.49417006e+00
 1.49334412e+00
 1.49243695e+00
 1.49146848e+00
 1.49045922e+00
 1.48942464e+00
 1.48837162e+00
 1.48729995e+00
 1.48621629e+00
 1.48513695e+00
 1.48408558e+00
 1.48309408e+00
 1.48220143e+00
 1.48145438e+00
 1.48091141e+00
 1.48063979e+00
 1.48068065e+00
 1.48094041e+00
 1.48110046e+00
 1.49898490e+00
 1.49884795e+00
 1.49862747e+00
 1.49846354e+00
 1.49836548e+00
 1.49830556e+00
 1.49824906e+00
 1.49816717e+00
 1.49803608e+00
 1.49783327e+00
 1.49754143e+00
 1.49714442e+00
 1.49663364e+00
 1.49600685e+00
 1.49526644e+00
 1.49442647e+00
 1.49350522e+00
 1.49252364e+00
 1.49150337e+00
 1.49046030e+00
 1.48940053e+00
 1.48832078e+00
 1.48722554e+00
 1.48612918e+00
 1.48505217e+00
 1.48402188e+00
 1.48306938e+00
 1.48222661e+00
 1.48152710e+00
 1.48100543e+00
 1.48068990e+00
 1.48058143e+00
 1.48058836e+00
 1.49848600e+00
 1.49849347e+00
 1.49851423e+00
 1.49854305e+00
 1.49857134e+00
 1.49858684e+00
 1.49857394e+00
 1.49851708e+00
 1.49840027e+00
 1.49820492e+00
 1.49791630e+00
 1.49751945e+00
 1.49700677e+00
 1.49637675e+00
 1.49563199e+00
 1.49478727e+00
 1.49386126e+00
 1.49287524e+00
 1.49185127e+00
 1.49080539e+00
 1.48974348e+00
 1.48866112e+00
 1.48756207e+00
 1.48646006e+00
 1.48537446e+00
 1.48433111e+00
 1.48335839e+00
 1.48248298e+00
 1.48172947e+00
 1.48111917e+00
 1.48066979e+00
 1.48039465e+00
 1.48030200e+00
