 1.74259100e+00
 1.74261774e+00
 1.74269450e+00
 1.74281126e+00
 1.74295111e+00
 1.74309069e+00
 1.74320046e+00
 1.74324682e+00
 1.74319042e+00
 1.74298908e+00
 1.74260049e+00
 1.74198446e+00
 1.74110869e+00
 1.73995256e+00
 1.73851394e+00
 1.73679450e+00
 1.73481397e+00
 1.73261297e+00
 1.73024513e+00
 1.72777394e+00
 1.72527348e+00
 1.72281453e+00
 1.72046335e+00
 1.71826539e+00
 1.71623110e+00
 1.71437165e+00
 1.71269930e+00
 1.71123209e+00
 1.70999157e+00
 1.70899948e+00
 1.70827524e+00
 1.70783415e+00
 1.70768600e+00
 1.74222172e+00
 1.74232604e+00
 1.74253447e+00
 1.74275989e+00
 1.74297503e+00
 1.74316372e+00
 1.74330595e+00
 1.74337447e+00
 1.74333400e+00
 1.74314469e+00
 1.74276568e+00
 1.74215785e+00
 1.74128955e+00
 1.74014065e+00
 1.73870869e+00
 1.73699595e+00
 1.73502226e+00
 1.73282797e+00
 1.73046642e+00
 1.72800092e+00
 1.72550483e+00
 1.72304858e+00
 1.72069763e+00
 1.71849701e+00
 1.71645932e+00
 1.71459720e+00
 1.71292519e+00
 1.71146441e+00
 1.71024114e+00
 1.70928393e+00
 1.70861779e+00
 1.70825259e+00
 1.70815075e+00
 1.74137427e+00
 1.74160011e+00
 1.74210277e+00
 1.74261967e+00
 1.74304854e+00
 1.74338034e+00
 1.74361817e+00
 1.74375260e+00
 1.74375964e+00
 1.74360633e+00
 1.74325603e+00
 1.74267273e+00
 1.74182672e+00
 1.74069924e+00
 1.73928714e+00
 1.73759420e+00
 1.73564066e+00
 1.73346599e+00
 1.73112278e+00
 1.72867370e+00
 1.72619012e+00
 1.72374130e+00
 1.72139061e+00
 1.71918234e+00
 1.71713475e+00
 1.71526493e+00
 1.71359399e+00
 1.71215179e+00
 1.71097797e+00
 1.71011806e+00
 1.70960481e+00
 1.70940444e+00
 1.70937192e+00
 1.74070438e+00
 1.74099212e+00
 1.74170056e+00
 1.74251154e+00
 1.74321078e+00
 1.74374688e+00
 1.74413069e+00
 1.74436967e+00
 1.74445371e+00
 1.74435939e+00
 1.74405646e+00
 1.74351362e+00
 1.74270426e+00
 1.74161157e+00
 1.74023202e+00
 1.73857121e+00
 1.73664991e+00
 1.73450642e+00
 1.73219209e+00
 1.72976829e+00
 1.72730357e+00
 1.72486517e+00
 1.72251371e+00
 1.72029338e+00
 1.71822989e+00
 1.71634752e+00
 1.71467664e+00
 1.71325869e+00
 1.71214735e+00
 1.71139725e+00
 1.71101987e+00
 1.71091663e+00
 1.71091179e+00
 1.74090394e+00
 1.74116450e+00
 1.74184954e+00
 1.74273179e+00
 1.74359056e+00
 1.74430705e+00
 1.74484946e+00
 1.74521522e+00
 1.74539834e+00
 1.74538244e+00
 1.74514368e+00
 1.74465597e+00
 1.74389648e+00
 1.74285066e+00
 1.74151527e+00
 1.73989754e+00
 1.73801875e+00
 1.73591588e+00
 1.73363861e+00
 1.73124627e+00
 1.72880415e+00
 1.72637675e+00
 1.72402209e+00
 1.72178537e+00
 1.71969987e+00
 1.71779811e+00
 1.71611904e+00
 1.71471073e+00
 1.71362519e+00
 1.71289600e+00
 1.71249921e+00
 1.71233923e+00
 1.71230266e+00
 1.74215187e+00
 1.74231495e+00
 1.74279210e+00
 1.74351525e+00
 1.74434617e+00
 1.74513935e+00
 1.74580088e+00
 1.74628712e+00
 1.74657653e+00
 1.74665065e+00
 1.74648848e+00
 1.74606783e+00
 1.74536931e+00
 1.74438055e+00
 1.74309914e+00
 1.74153350e+00
 1.73970515e+00
 1.73764968e+00
 1.73541471e+00
 1.73305693e+00
 1.73063817e+00
 1.72821987e+00
 1.72585805e+00
 1.72359963e+00
 1.72148432e+00
 1.71955128e+00
 1.71784315e+00
 1.71640343e+00
 1.71526417e+00
 1.71442664e+00
 1.71385728e+00
 1.71351930e+00
 1.71340492e+00
 1.74367143e+00
 1.74379796e+00
 1.74417252e+00
 1.74476786e+00
 1.74551256e+00
 1.74629755e+00
 1.74701547e+00
 1.74758983e+00
 1.74797423e+00
 1.74813841e+00
 1.74805810e+00
 1.74771182e+00
 1.74708203e+00
 1.74615789e+00
 1.74493776e+00
 1.74343071e+00
 1.74165806e+00
 1.73965386e+00
 1.73746335e+00
 1.73514020e+00
 1.73274273e+00
 1.73032943e+00
 1.72795489e+00
 1.72566772e+00
 1.72351197e+00
 1.72153013e+00
 1.71976332e+00
 1.71824578e+00
 1.71699576e+00
 1.71601319e+00
 1.71529401e+00
 1.71484829e+00
 1.71469633e+00
 1.74530336e+00
 1.74542598e+00
 1.74578048e+00
 1.74633025e+00
 1.74701913e+00
 1.74777125e+00
 1.74849911e+00
 1.74912167e+00
 1.74957644e+00
 1.74981909e+00
 1.74981739e+00
 1.74954677e+00
 1.74898908e+00
 1.74813368e+00
 1.74697905e+00
 1.74553419e+00
 1.74381967e+00
 1.74186773e+00
 1.73972099e+00
 1.73742991e+00
 1.73504946e+00
 1.73263543e+00
 1.73024129e+00
 1.72791676e+00
 1.72570815e+00
 1.72365888e+00
 1.72180798e+00
 1.72018672e+00
 1.71881747e+00
 1.71771874e+00
 1.71691150e+00
 1.71641732e+00
 1.71625098e+00
 1.74724563e+00
 1.74735363e+00
 1.74766945e+00
 1.74816718e+00
 1.74880189e+00
 1.74951173e+00
 1.75022351e+00
 1.75086188e+00
 1.75135938e+00
 1.75166182e+00
 1.75172825e+00
 1.75152849e+00
 1.75104146e+00
 1.75025505e+00
 1.74916677e+00
 1.74778468e+00
 1.74612796e+00
 1.74422670e+00
 1.74212072e+00
 1.73985729e+00
 1.73748823e+00
 1.73506694e+00
 1.73264593e+00
 1.73027544e+00
 1.72800299e+00
 1.72587291e+00
 1.72392530e+00
 1.72219548e+00
 1.72071554e+00
 1.71951685e+00
 1.71863058e+00
 1.71808494e+00
 1.71790049e+00
 1.74936819e+00
 1.74946593e+00
 1.74975183e+00
 1.75020421e+00
 1.75078729e+00
 1.75145116e+00
 1.75213394e+00
 1.75276744e+00
 1.75328491e+00
 1.75362758e+00
 1.75374787e+00
 1.75360968e+00
 1.75318767e+00
 1.75246681e+00
 1.75144252e+00
 1.75012099e+00
 1.74851934e+00
 1.74666520e+00
 1.74459543e+00
 1.74235422e+00
 1.73999058e+00
 1.73755584e+00
 1.73510170e+00
 1.73267882e+00
 1.73033614e+00
 1.72812033e+00
 1.72607564e+00
 1.72424440e+00
 1.72266807e+00
 1.72138738e+00
 1.72044039e+00
 1.71985849e+00
 1.71966217e+00
 1.75158687e+00
 1.75167449e+00
 1.75193257e+00
 1.75234548e+00
 1.75288448e+00
 1.75350706e+00
 1.75415883e+00
 1.75477789e+00
 1.75530063e+00
 1.75566756e+00
 1.75582749e+00
 1.75573967e+00
 1.75537435e+00
 1.75471286e+00
 1.75374764e+00
 1.75248223e+00
 1.75093117e+00
 1.74911928e+00
 1.74708049e+00
 1.74485608e+00
 1.74249255e+00
 1.74003962e+00
 1.73754847e+00
 1.73507059e+00
 1.73265707e+00
 1.73035830e+00
 1.72822404e+00
 1.72630370e+00
 1.72464609e+00
 1.72329791e+00
 1.72230085e+00
 1.72168818e+00
 1.72148146e+00
 1.75375891e+00
 1.75384321e+00
 1.75409071e+00
 1.75448516e+00
 1.75499906e+00
 1.75559376e+00
 1.75622065e+00
 1.75682392e+00
 1.75734459e+00
 1.75772500e+00
 1.75791299e+00
 1.75786484e+00
 1.75754710e+00
 1.75693740e+00
 1.75602479e+00
 1.75480974e+00
 1.75330380e+00
 1.75152886e+00
 1.74951598e+00
 1.74730375e+00
 1.74493660e+00
 1.74246301e+00
 1.73993416e+00
 1.73740288e+00
 1.73492304e+00
 1.73254930e+00
 1.73033691e+00
 1.72834123e+00
 1.72661646e+00
 1.72521337e+00
 1.72417619e+00
 1.72353933e+00
 1.72332456e+00
 1.75585341e+00
 1.75593672e+00
 1.75618029e+00
 1.75656582e+00
 1.75706480e+00
 1.75764012e+00
 1.75824733e+00
 1.75883591e+00
 1.75935153e+00
 1.75973927e+00
 1.75994729e+00
 1.75993025e+00
 1.75965185e+00
 1.75908640e+00
 1.75821961e+00
 1.75704877e+00
 1.75558237e+00
 1.75383942e+00
 1.75184822e+00
 1.74964504e+00
 1.74727258e+00
 1.74477856e+00
 1.74221455e+00
 1.73963508e+00
 1.73709706e+00
 1.73465926e+00
 1.73238167e+00
 1.73032431e+00
 1.72854525e+00
 1.72709801e+00
 1.72602845e+00
 1.72537182e+00
 1.72515041e+00
 1.75788074e+00
 1.75795974e+00
 1.75819103e+00
 1.75855805e+00
 1.75903475e+00
 1.75958701e+00
 1.76017368e+00
 1.76074767e+00
 1.76125752e+00
 1.76165010e+00
 1.76187386e+00
 1.76188230e+00
 1.76163694e+00
 1.76110931e+00
 1.76028218e+00
 1.75914989e+00
 1.75771808e+00
 1.75600306e+00
 1.75403069e+00
 1.75183523e+00
 1.74945803e+00
 1.74694638e+00
 1.74435250e+00
 1.74173273e+00
 1.73914683e+00
 1.73665716e+00
 1.73432752e+00
 1.73222145e+00
 1.73039989e+00
 1.72891831e+00
 1.72782377e+00
 1.72715208e+00
 1.72692565e+00
 1.75976417e+00
 1.75983644e+00
 1.76004925e+00
 1.76039042e+00
 1.76083924e+00
 1.76136618e+00
 1.76193334e+00
 1.76249557e+00
 1.76300252e+00
 1.76340141e+00
 1.76364035e+00
 1.76367178e+00
 1.76345552e+00
 1.76296100e+00
 1.76216860e+00
 1.76107025e+00
 1.75966917e+00
 1.75797934e+00
 1.75602455e+00
 1.75383737e+00
 1.75145810e+00
 1.74893379e+00
 1.74631737e+00
 1.74366687e+00
 1.74104447e+00
 1.73851543e+00
 1.73614649e+00
 1.73400380e+00
 1.73215031e+00
 1.73064288e+00
 1.72952939e+00
 1.72884614e+00
 1.72861582e+00
 1.76135734e+00
 1.76142536e+00
 1.76162671e+00
 1.76195245e+00
 1.76238566e+00
 1.76290010e+00
 1.76346004e+00
 1.76402140e+00
 1.76453413e+00
 1.76494525e+00
 1.76520236e+00
 1.76525710e+00
 1.76506817e+00
 1.76460367e+00
 1.76384243e+00
 1.76277463e+00
 1.76140167e+00
 1.75973571e+00
 1.75779883e+00
 1.75562222e+00
 1.75324531e+00
 1.75071496e+00
 1.74808473e+00
 1.74541397e+00
 1.74276678e+00
 1.74021065e+00
 1.73781451e+00
 1.73564640e+00
 1.73377075e+00
 1.73224542e+00
 1.73111889e+00
 1.73042778e+00
 1.73019483e+00
 1.76254685e+00
 1.76261705e+00
 1.76282441e+00
 1.76315886e+00
 1.76360270e+00
 1.76412955e+00
 1.76470395e+00
 1.76528209e+00
 1.76581397e+00
 1.76624648e+00
 1.76652703e+00
 1.76660705e+00
 1.76644500e+00
 1.76600854e+00
 1.76527586e+00
 1.76423623e+00
 1.76288991e+00
 1.76124774e+00
 1.75933048e+00
 1.75716816e+00
 1.75479941e+00
 1.75227084e+00
 1.74963631e+00
 1.74695612e+00
 1.74429576e+00
 1.74172429e+00
 1.73931222e+00
 1.73712896e+00
 1.73523996e+00
 1.73370377e+00
 1.73256929e+00
 1.73187332e+00
 1.73163875e+00
 1.76334173e+00
 1.76341758e+00
 1.76364121e+00
 1.76400068e+00
 1.76447559e+00
 1.76503677e+00
 1.76564638e+00
 1.76625894e+00
 1.76682347e+00
 1.76728653e+00
 1.76759567e+00
 1.76770284e+00
 1.76756716e+00
 1.76715686e+00
 1.76645047e+00
 1.76543718e+00
 1.76411678e+00
 1.76249928e+00
 1.76060441e+00
 1.75846119e+00
 1.75610738e+00
 1.75358911e+00
 1.75096022e+00
 1.74828145e+00
 1.74561912e+00
 1.74304334e+00
 1.74062573e+00
 1.73843661e+00
 1.73654218e+00
 1.73500146e+00
 1.73386362e+00
 1.73316561e+00
 1.73293035e+00
 1.76378362e+00
 1.76386752e+00
 1.76411441e+00
 1.76450978e+00
 1.76502949e+00
 1.76563999e+00
 1.76629932e+00
 1.76695871e+00
 1.76756515e+00
 1.76806442e+00
 1.76840449e+00
 1.76853850e+00
 1.76842712e+00
 1.76804017e+00
 1.76735738e+00
 1.76636862e+00
 1.76507377e+00
 1.76348240e+00
 1.76161342e+00
 1.75949482e+00
 1.75716338e+00
 1.75466437e+00
 1.75205118e+00
 1.74938444e+00
 1.74673078e+00
 1.74416091e+00
 1.74174713e+00
 1.73956045e+00
 1.73766759e+00
 1.73612794e+00
 1.73499083e+00
 1.73429328e+00
 1.73405818e+00
 1.76393699e+00
 1.76403045e+00
 1.76430490e+00
 1.76474259e+00
 1.76531465e+00
 1.76598212e+00
 1.76669780e+00
 1.76740876e+00
 1.76805935e+00
 1.76859454e+00
 1.76896302e+00
 1.76911979e+00
 1.76902797e+00
 1.76865978e+00
 1.76799689e+00
 1.76703044e+00
 1.76576076e+00
 1.76419724e+00
 1.76235804e+00
 1.76027003e+00
 1.75796872e+00
 1.75549816e+00
 1.75291068e+00
 1.75026627e+00
 1.74763130e+00
 1.74507663e+00
 1.74267500e+00
 1.74049791e+00
 1.73861252e+00
 1.73707848e+00
 1.73594528e+00
 1.73525002e+00
 1.73501567e+00
 1.76388547e+00
 1.76398886e+00
 1.76429177e+00
 1.76477285e+00
 1.76539782e+00
 1.76612165e+00
 1.76689145e+00
 1.76764987e+00
 1.76833871e+00
 1.76890239e+00
 1.76929093e+00
 1.76946195e+00
 1.76938177e+00
 1.76902568e+00
 1.76837780e+00
 1.76743082e+00
 1.76618575e+00
 1.76465181e+00
 1.76284637e+00
 1.76079505e+00
 1.75853177e+00
 1.75609886e+00
 1.75354703e+00
 1.75093490e+00
 1.74832801e+00
 1.74579692e+00
 1.74341461e+00
 1.74125307e+00
 1.73937998e+00
 1.73785538e+00
 1.73672897e+00
 1.73603785e+00
 1.73580490e+00
 1.76372117e+00
 1.76383364e+00
 1.76416228e+00
 1.76468168e+00
 1.76535213e+00
 1.76612281e+00
 1.76693546e+00
 1.76772858e+00
 1.76844181e+00
 1.76901966e+00
 1.76941431e+00
 1.76958689e+00
 1.76950760e+00
 1.76915524e+00
 1.76851652e+00
 1.76758571e+00
 1.76636443e+00
 1.76486164e+00
 1.76309381e+00
 1.76108511e+00
 1.75886759e+00
 1.75648142e+00
 1.75397502e+00
 1.75140490e+00
 1.74883498e+00
 1.74633501e+00
 1.74397796e+00
 1.74183644e+00
 1.73997891e+00
 1.73846606e+00
 1.73734791e+00
 1.73666169e+00
 1.73643036e+00
 1.76353260e+00
 1.76365104e+00
 1.76399689e+00
 1.76454241e+00
 1.76524372e+00
 1.76604469e+00
 1.76688192e+00
 1.76769016e+00
 1.76840751e+00
 1.76897968e+00
 1.76936223e+00
 1.76952077e+00
 1.76942993e+00
 1.76907208e+00
 1.76843636e+00
 1.76751831e+00
 1.76631986e+00
 1.76484953e+00
 1.76312273e+00
 1.76116205e+00
 1.75899748e+00
 1.75666670e+00
 1.75421528e+00
 1.75169678e+00
 1.74917256e+00
 1.74671069e+00
 1.74438373e+00
 1.74226512e+00
 1.74042462e+00
 1.73892416e+00
 1.73781460e+00
 1.73713354e+00
 1.73690395e+00
 1.76336306e+00
 1.76348580e+00
 1.76384322e+00
 1.76440438e+00
 1.76512149e+00
 1.76593407e+00
 1.76677436e+00
 1.76757408e+00
 1.76827118e+00
 1.76881440e+00
 1.76916443e+00
 1.76929238e+00
 1.76917752e+00
 1.76880540e+00
 1.76816704e+00
 1.76725867e+00
 1.76608212e+00
 1.76464516e+00
 1.76296206e+00
 1.76105379e+00
 1.75894829e+00
 1.75668061e+00
 1.75429314e+00
 1.75183583e+00
 1.74936630e+00
 1.74694960e+00
 1.74465698e+00
 1.74256264e+00
 1.74073864e+00
 1.73924928e+00
 1.73814693e+00
 1.73746987e+00
 1.73724154e+00
 1.76325475e+00
 1.76337805e+00
 1.76373751e+00
 1.76430171e+00
 1.76501966e+00
 1.76582565e+00
 1.76664679e+00
 1.76741244e+00
 1.76806282e+00
 1.76855279e+00
 1.76885028e+00
 1.76893255e+00
 1.76878305e+00
 1.76838965e+00
 1.76774430e+00
 1.76684327e+00
 1.76568773e+00
 1.76428453e+00
 1.76264669e+00
 1.76079372e+00
 1.75875164e+00
 1.75655306e+00
 1.75423726e+00
 1.75185026e+00
 1.74944499e+00
 1.74708171e+00
 1.74482825e+00
 1.74275856e+00
 1.74094781e+00
 1.73946496e+00
 1.73836630e+00
 1.73769187e+00
 1.73746463e+00
 1.76319718e+00
 1.76332253e+00
 1.76368544e+00
 1.76424964e+00
 1.76495998e+00
 1.76574483e+00
 1.76652505e+00
 1.76722981e+00
 1.76780666e+00
 1.76822083e+00
 1.76844911e+00
 1.76847447e+00
 1.76828321e+00
 1.76786423e+00
 1.76720937e+00
 1.76631420e+00
 1.76517887e+00
 1.76380904e+00
 1.76221659e+00
 1.76041979e+00
 1.75844309e+00
 1.75631700e+00
 1.75407814e+00
 1.75176905e+00
 1.74943782e+00
 1.74713837e+00
 1.74493185e+00
 1.74288850e+00
 1.74108595e+00
 1.73960020e+00
 1.73849392e+00
 1.73781166e+00
 1.73758101e+00
 1.76322764e+00
 1.76334706e+00
 1.76369935e+00
 1.76425775e+00
 1.76495940e+00
 1.76571244e+00
 1.76642782e+00
 1.76704297e+00
 1.76752162e+00
 1.76784276e+00
 1.76799145e+00
 1.76795439e+00
 1.76771874e+00
 1.76727293e+00
 1.76660788e+00
 1.76571792e+00
 1.76460188e+00
 1.76326412e+00
 1.76171551e+00
 1.75997344e+00
 1.75806117e+00
 1.75600753e+00
 1.75384720e+00
 1.75162028e+00
 1.74937118e+00
 1.74714763e+00
 1.74500137e+00
 1.74299225e+00
 1.74119441e+00
 1.73969509e+00
 1.73857620e+00
 1.73789094e+00
 1.73766098e+00
 1.76316352e+00
 1.76330247e+00
 1.76370828e+00
 1.76432491e+00
 1.76504259e+00
 1.76574676e+00
 1.76636373e+00
 1.76686041e+00
 1.76722332e+00
 1.76744347e+00
 1.76751053e+00
 1.76741194e+00
 1.76713366e+00
 1.76666257e+00
 1.76598817e+00
 1.76510326e+00
 1.76400529e+00
 1.76269720e+00
 1.76118909e+00
 1.75949792e+00
 1.75764611e+00
 1.75566111e+00
 1.75357629e+00
 1.75143066e+00
 1.74926693e+00
 1.74712933e+00
 1.74506143e+00
 1.74310750e+00
 1.74132159e+00
 1.73978276e+00
 1.73859512e+00
 1.73785258e+00
 1.73760202e+00
 1.76311446e+00
 1.76331868e+00
 1.76385774e+00
 1.76455834e+00
 1.76525207e+00
 1.76584866e+00
 1.76632559e+00
 1.76668483e+00
 1.76692815e+00
 1.76705097e+00
 1.76704275e+00
 1.76688919e+00
 1.76657358e+00
 1.76608072e+00
 1.76539874e+00
 1.76451879e+00
 1.76343715e+00
 1.76215521e+00
 1.76068258e+00
 1.75903620e+00
 1.75723805e+00
 1.75531426e+00
 1.75329732e+00
 1.75122617e+00
 1.74914364e+00
 1.74709409e+00
 1.74511890e+00
 1.74325248e+00
 1.74152423e+00
 1.73997625e+00
 1.73869735e+00
 1.73783200e+00
 1.73752347e+00
 1.76365273e+00
 1.76387060e+00
 1.76440760e+00
 1.76502429e+00
 1.76556027e+00
 1.76597961e+00
 1.76629558e+00
 1.76652092e+00
 1.76665718e+00
 1.76669693e+00
 1.76662624e+00
 1.76642820e+00
 1.76608273e+00
 1.76557269e+00
 1.76488525e+00
 1.76400988e+00
 1.76294218e+00
 1.76168179e+00
 1.76023816e+00
 1.75862855e+00
 1.75687481e+00
 1.75500173e+00
 1.75304110e+00
 1.75103240e+00
 1.74901932e+00
 1.74704878e+00
 1.74516555e+00
 1.74340619e+00
 1.74179442e+00
 1.74034706e+00
 1.73911326e+00
 1.73823472e+00
 1.73791007e+00
 1.76464247e+00
 1.76480867e+00
 1.76517615e+00
 1.76554892e+00
 1.76585334e+00
 1.76608812e+00
 1.76626354e+00
 1.76638182e+00
 1.76643616e+00
 1.76641405e+00
 1.76629743e+00
 1.76606737e+00
 1.76570049e+00
 1.76517820e+00
 1.76448734e+00
 1.76361569e+00
 1.76255878e+00
 1.76131441e+00
 1.75989220e+00
 1.75830984e+00
 1.75658934e+00
 1.75475411e+00
 1.75283537e+00
 1.75087340e+00
 1.74891253e+00
 1.74700269e+00
 1.74519374e+00
 1.74353023e+00
 1.74204680e+00
 1.74076496e+00
 1.73970898e+00
 1.73895423e+00
 1.73866674e+00
 1.76556794e+00
 1.76563955e+00
 1.76577661e+00
 1.76591616e+00
 1.76604250e+00
 1.76615070e+00
 1.76623549e+00
 1.76628687e+00
 1.76629080e+00
 1.76623111e+00
 1.76608665e+00
 1.76583754e+00
 1.76545788e+00
 1.76492830e+00
 1.76423566e+00
 1.76336641e+00
 1.76231639e+00
 1.76108187e+00
 1.75967279e+00
 1.75810713e+00
 1.75640721e+00
 1.75459535e+00
 1.75270232e+00
 1.75076913e+00
 1.74884031e+00
 1.74696796e+00
 1.74520564e+00
 1.74360433e+00
 1.74221030e+00
 1.74105871e+00
 1.74017840e+00
 1.73960028e+00
 1.73938567e+00
 1.76594100e+00
 1.76595316e+00
 1.76598812e+00
 1.76604122e+00
 1.76610511e+00
 1.76617001e+00
 1.76622412e+00
 1.76625301e+00
 1.76624002e+00
 1.76616780e+00
 1.76601404e+00
 1.76575863e+00
 1.76537474e+00
 1.76484273e+00
 1.76414956e+00
 1.76328113e+00
 1.76223349e+00
 1.76100229e+00
 1.75959763e+00
 1.75803760e+00
 1.75634465e+00
 1.75454068e+00
 1.75265631e+00
 1.75073283e+00
 1.74881478e+00
 1.74695503e+00
 1.74520841e+00
 1.74362815e+00
 1.74226481e+00
 1.74115909e+00
 1.74034425e+00
 1.73984511e+00
 1.73967700e+00
