 1.41565100e+00
 1.41543839e+00
 1.41480160e+00
 1.41374341e+00
 1.41226838e+00
 1.41038240e+00
 1.40809300e+00
 1.40541361e+00
 1.40235806e+00
 1.39894275e+00
 1.39519184e+00
 1.39112802e+00
 1.38678848e+00
 1.38220623e+00
 1.37742717e+00
 1.37250206e+00
 1.36748765e+00
 1.36244216e+00
 1.35742136e+00
 1.35248484e+00
 1.34767661e+00
 1.34303476e+00
 1.33859883e+00
 1.33441494e+00
 1.33052539e+00
 1.32697240e+00
 1.32379644e+00
 1.32103708e+00
 1.31872927e+00
 1.31690187e+00
 1.31557865e+00
 1.31477734e+00
 1.31450900e+00
 1.41626410e+00
 1.41600727e+00
 1.41529691e+00
 1.41418043e+00
 1.41266763e+00
 1.41075945e+00
 1.40845743e+00
 1.40577046e+00
 1.40270999e+00
 1.39929131e+00
 1.39553737e+00
 1.39147104e+00
 1.38712855e+00
 1.38254335e+00
 1.37776094e+00
 1.37283201e+00
 1.36781307e+00
 1.36276215e+00
 1.35773519e+00
 1.35279118e+00
 1.34797464e+00
 1.34332424e+00
 1.33888010e+00
 1.33468827e+00
 1.33079157e+00
 1.32723265e+00
 1.32405274e+00
 1.32129231e+00
 1.31898792e+00
 1.31717095e+00
 1.31586714e+00
 1.31509226e+00
 1.31484026e+00
 1.41794173e+00
 1.41761752e+00
 1.41674560e+00
 1.41547453e+00
 1.41385561e+00
 1.41188332e+00
 1.40954431e+00
 1.40683500e+00
 1.40376002e+00
 1.40033119e+00
 1.39656835e+00
 1.39249439e+00
 1.38814315e+00
 1.38354903e+00
 1.37875653e+00
 1.37381607e+00
 1.36878348e+00
 1.36371629e+00
 1.35867078e+00
 1.35370451e+00
 1.34886332e+00
 1.34418757e+00
 1.33971893e+00
 1.33550353e+00
 1.33158555e+00
 1.32800899e+00
 1.32481720e+00
 1.32205329e+00
 1.31975837e+00
 1.31797008e+00
 1.31671687e+00
 1.31599868e+00
 1.31577076e+00
 1.42027500e+00
 1.41992104e+00
 1.41894686e+00
 1.41753039e+00
 1.41578464e+00
 1.41372524e+00
 1.41133178e+00
 1.40858819e+00
 1.40549042e+00
 1.40204506e+00
 1.39826795e+00
 1.39418109e+00
 1.38981559e+00
 1.38520642e+00
 1.38039698e+00
 1.37543706e+00
 1.37038155e+00
 1.36528730e+00
 1.36021076e+00
 1.35520801e+00
 1.35032665e+00
 1.34560957e+00
 1.34110063e+00
 1.33684659e+00
 1.33289361e+00
 1.32928780e+00
 1.32607547e+00
 1.32330326e+00
 1.32101707e+00
 1.31925789e+00
 1.31804639e+00
 1.31735900e+00
 1.31713970e+00
 1.42282654e+00
 1.42249734e+00
 1.42156167e+00
 1.42013975e+00
 1.41834292e+00
 1.41622160e+00
 1.41377682e+00
 1.41099567e+00
 1.40787056e+00
 1.40440398e+00
 1.40060813e+00
 1.39650334e+00
 1.39211835e+00
 1.38748799e+00
 1.38265459e+00
 1.37766707e+00
 1.37257922e+00
 1.36744717e+00
 1.36232725e+00
 1.35727459e+00
 1.35233867e+00
 1.34756540e+00
 1.34300117e+00
 1.33869415e+00
 1.33469273e+00
 1.33104549e+00
 1.32780130e+00
 1.32500864e+00
 1.32271257e+00
 1.32094649e+00
 1.31971815e+00
 1.31900470e+00
 1.31877215e+00
 1.42546443e+00
 1.42520235e+00
 1.42441636e+00
 1.42312845e+00
 1.42139609e+00
 1.41928033e+00
 1.41681448e+00
 1.41400660e+00
 1.41085655e+00
 1.40736747e+00
 1.40355005e+00
 1.39942317e+00
 1.39501384e+00
 1.39035626e+00
 1.38549182e+00
 1.38046842e+00
 1.37533880e+00
 1.37015835e+00
 1.36498312e+00
 1.35986803e+00
 1.35486446e+00
 1.35002138e+00
 1.34538790e+00
 1.34101420e+00
 1.33695082e+00
 1.33324835e+00
 1.32995649e+00
 1.32712163e+00
 1.32478147e+00
 1.32295766e+00
 1.32165432e+00
 1.32086938e+00
 1.32060643e+00
 1.42863173e+00
 1.42839871e+00
 1.42769540e+00
 1.42651804e+00
 1.42488124e+00
 1.42282000e+00
 1.42037105e+00
 1.41755804e+00
 1.41439295e+00
 1.41088456e+00
 1.40704512e+00
 1.40289334e+00
 1.39845544e+00
 1.39376495e+00
 1.38886251e+00
 1.38379504e+00
 1.37861437e+00
 1.37337524e+00
 1.36813353e+00
 1.36294448e+00
 1.35786140e+00
 1.35293616e+00
 1.34822058e+00
 1.34376702e+00
 1.33962787e+00
 1.33585469e+00
 1.33249631e+00
 1.32959549e+00
 1.32718473e+00
 1.32528505e+00
 1.32391092e+00
 1.32307703e+00
 1.32279714e+00
 1.43239079e+00
 1.43216509e+00
 1.43148876e+00
 1.43036355e+00
 1.42879409e+00
 1.42679330e+00
 1.42438262e+00
 1.42158466e+00
 1.41841765e+00
 1.41489647e+00
 1.41103686e+00
 1.40685889e+00
 1.40238898e+00
 1.39766042e+00
 1.39271332e+00
 1.38759393e+00
 1.38235332e+00
 1.37704584e+00
 1.37172739e+00
 1.36645397e+00
 1.36128076e+00
 1.35626225e+00
 1.35145284e+00
 1.34690694e+00
 1.34267839e+00
 1.33881914e+00
 1.33537713e+00
 1.33239389e+00
 1.32990332e+00
 1.32793302e+00
 1.32650655e+00
 1.32564279e+00
 1.32535358e+00
 1.43657552e+00
 1.43636073e+00
 1.43571452e+00
 1.43463339e+00
 1.43311633e+00
 1.43116787e+00
 1.42879925e+00
 1.42602664e+00
 1.42286782e+00
 1.41934056e+00
 1.41546365e+00
 1.41125920e+00
 1.40675458e+00
 1.40198335e+00
 1.39698548e+00
 1.39180682e+00
 1.38649807e+00
 1.38111342e+00
 1.37570907e+00
 1.37034202e+00
 1.36506930e+00
 1.35994773e+00
 1.35503405e+00
 1.35038458e+00
 1.34605448e+00
 1.34209634e+00
 1.33855859e+00
 1.33548427e+00
 1.33291085e+00
 1.33087073e+00
 1.32939135e+00
 1.32849424e+00
 1.32819354e+00
 1.44119165e+00
 1.44098212e+00
 1.44035229e+00
 1.43929892e+00
 1.43781845e+00
 1.43590989e+00
 1.43357732e+00
 1.43083047e+00
 1.42768358e+00
 1.42415396e+00
 1.42026170e+00
 1.41603047e+00
 1.41148874e+00
 1.40667069e+00
 1.40161647e+00
 1.39637191e+00
 1.39098765e+00
 1.38551803e+00
 1.38001982e+00
 1.37455120e+00
 1.36917094e+00
 1.36393803e+00
 1.35891133e+00
 1.35414906e+00
 1.34970792e+00
 1.34564196e+00
 1.34200145e+00
 1.33883223e+00
 1.33617546e+00
 1.33406729e+00
 1.33253807e+00
 1.33161091e+00
 1.33130023e+00
 1.44617440e+00
 1.44596891e+00
 1.44535088e+00
 1.44431626e+00
 1.44286015e+00
 1.44097891e+00
 1.43867236e+00
 1.43594530e+00
 1.43280792e+00
 1.42927537e+00
 1.42536730e+00
 1.42110788e+00
 1.41652634e+00
 1.41165748e+00
 1.40654183e+00
 1.40122547e+00
 1.39575928e+00
 1.39019804e+00
 1.38459933e+00
 1.37902259e+00
 1.37352833e+00
 1.36817753e+00
 1.36303115e+00
 1.35814940e+00
 1.35359097e+00
 1.34941205e+00
 1.34566554e+00
 1.34240036e+00
 1.33966086e+00
 1.33748593e+00
 1.33590781e+00
 1.33495081e+00
 1.33463009e+00
 1.45147326e+00
 1.45126993e+00
 1.45065844e+00
 1.44963459e+00
 1.44819268e+00
 1.44632739e+00
 1.44403584e+00
 1.44131944e+00
 1.43818500e+00
 1.43464507e+00
 1.43071786e+00
 1.42642713e+00
 1.42180227e+00
 1.41687845e+00
 1.41169662e+00
 1.40630325e+00
 1.40074969e+00
 1.39509140e+00
 1.38938693e+00
 1.38369707e+00
 1.37808403e+00
 1.37261078e+00
 1.36734037e+00
 1.36233520e+00
 1.35765628e+00
 1.35336237e+00
 1.34950919e+00
 1.34614859e+00
 1.34332765e+00
 1.34108746e+00
 1.33946186e+00
 1.33847609e+00
 1.33814575e+00
 1.45702888e+00
 1.45682653e+00
 1.45621785e+00
 1.45519840e+00
 1.45376198e+00
 1.45190229e+00
 1.44961484e+00
 1.44689881e+00
 1.44375848e+00
 1.44020405e+00
 1.43625201e+00
 1.43192514e+00
 1.42725246e+00
 1.42226922e+00
 1.41701667e+00
 1.41154170e+00
 1.40589630e+00
 1.40013673e+00
 1.39432264e+00
 1.38851626e+00
 1.38278151e+00
 1.37718331e+00
 1.37178686e+00
 1.36665688e+00
 1.36185687e+00
 1.35744826e+00
 1.35348951e+00
 1.35003516e+00
 1.34713459e+00
 1.34483075e+00
 1.34315882e+00
 1.34214491e+00
 1.34180512e+00
 1.46278219e+00
 1.46257955e+00
 1.46196998e+00
 1.46094893e+00
 1.45950997e+00
 1.45764632e+00
 1.45535258e+00
 1.45262652e+00
 1.44947065e+00
 1.44589329e+00
 1.44190928e+00
 1.43754020e+00
 1.43281445e+00
 1.42776704e+00
 1.42243939e+00
 1.41687884e+00
 1.41113804e+00
 1.40527415e+00
 1.39934802e+00
 1.39342333e+00
 1.38756573e+00
 1.38184209e+00
 1.37631977e+00
 1.37106583e+00
 1.36614623e+00
 1.36162498e+00
 1.35756312e+00
 1.35401757e+00
 1.35103975e+00
 1.34867427e+00
 1.34695749e+00
 1.34591634e+00
 1.34556743e+00
 1.46867098e+00
 1.46846675e+00
 1.46785255e+00
 1.46682407e+00
 1.46537506e+00
 1.46349868e+00
 1.46118911e+00
 1.45844328e+00
 1.45526245e+00
 1.45165352e+00
 1.44762991e+00
 1.44321206e+00
 1.43842758e+00
 1.43331120e+00
 1.42790438e+00
 1.42225487e+00
 1.41641600e+00
 1.41044590e+00
 1.40440667e+00
 1.39836343e+00
 1.39238357e+00
 1.38653588e+00
 1.38088979e+00
 1.37551461e+00
 1.37047864e+00
 1.36584826e+00
 1.36168682e+00
 1.35805339e+00
 1.35500128e+00
 1.35257664e+00
 1.35081693e+00
 1.34974981e+00
 1.34939221e+00
 1.47462451e+00
 1.47441788e+00
 1.47379655e+00
 1.47275644e+00
 1.47129161e+00
 1.46939545e+00
 1.46706210e+00
 1.46428810e+00
 1.46107395e+00
 1.45742548e+00
 1.45335501e+00
 1.44888197e+00
 1.44403330e+00
 1.43884338e+00
 1.43335375e+00
 1.42761256e+00
 1.42167386e+00
 1.41559678e+00
 1.40944465e+00
 1.40328407e+00
 1.39718411e+00
 1.39121539e+00
 1.38544933e+00
 1.37995728e+00
 1.37480966e+00
 1.37007492e+00
 1.36581842e+00
 1.36210105e+00
 1.35897780e+00
 1.35649621e+00
 1.35469492e+00
 1.35360248e+00
 1.35323637e+00
 1.48057314e+00
 1.48036340e+00
 1.47973285e+00
 1.47867782e+00
 1.47719281e+00
 1.47527158e+00
 1.47290843e+00
 1.47009971e+00
 1.46684545e+00
 1.46315076e+00
 1.45902710e+00
 1.45449318e+00
 1.44957540e+00
 1.44430794e+00
 1.43873248e+00
 1.43289765e+00
 1.42685826e+00
 1.42067446e+00
 1.41441082e+00
 1.40813540e+00
 1.40191885e+00
 1.39583356e+00
 1.38995276e+00
 1.38434966e+00
 1.37909648e+00
 1.37426347e+00
 1.36991764e+00
 1.36612144e+00
 1.36293127e+00
 1.36039594e+00
 1.35855525e+00
 1.35743871e+00
 1.35706449e+00
 1.48644556e+00
 1.48623240e+00
 1.48559173e+00
 1.48452014e+00
 1.48301253e+00
 1.48106304e+00
 1.47866617e+00
 1.47581823e+00
 1.47251892e+00
 1.46877288e+00
 1.46459100e+00
 1.45999151e+00
 1.45500053e+00
 1.44965227e+00
 1.44398873e+00
 1.43805912e+00
 1.43191909e+00
 1.42562983e+00
 1.41925712e+00
 1.41287044e+00
 1.40654199e+00
 1.40034576e+00
 1.39435667e+00
 1.38864952e+00
 1.38329814e+00
 1.37837421e+00
 1.37394614e+00
 1.37007768e+00
 1.36682643e+00
 1.36424233e+00
 1.36236609e+00
 1.36122794e+00
 1.36084647e+00
 1.49217585e+00
 1.49195922e+00
 1.49130818e+00
 1.49021954e+00
 1.48868848e+00
 1.48670936e+00
 1.48427679e+00
 1.48138704e+00
 1.47803955e+00
 1.47423859e+00
 1.46999476e+00
 1.46532609e+00
 1.46025877e+00
 1.45482732e+00
 1.44907428e+00
 1.44304961e+00
 1.43680988e+00
 1.43041731e+00
 1.42393892e+00
 1.41744549e+00
 1.41101070e+00
 1.40471007e+00
 1.39862001e+00
 1.39281680e+00
 1.38737552e+00
 1.38236905e+00
 1.37786685e+00
 1.37393368e+00
 1.37062808e+00
 1.36800082e+00
 1.36609331e+00
 1.36493620e+00
 1.36454838e+00
 1.49770498e+00
 1.49748496e+00
 1.49682381e+00
 1.49571849e+00
 1.49416429e+00
 1.49215563e+00
 1.48968700e+00
 1.48675445e+00
 1.48335711e+00
 1.47949900e+00
 1.47519061e+00
 1.47045012e+00
 1.46530419e+00
 1.45978798e+00
 1.45394488e+00
 1.44782575e+00
 1.44148814e+00
 1.43499532e+00
 1.42841541e+00
 1.42182048e+00
 1.41528555e+00
 1.40888761e+00
 1.40270450e+00
 1.39681376e+00
 1.39129156e+00
 1.38621161e+00
 1.38164403e+00
 1.37765417e+00
 1.37430114e+00
 1.37163631e+00
 1.36970158e+00
 1.36852801e+00
 1.36813468e+00
 1.50298009e+00
 1.50275707e+00
 1.50208690e+00
 1.50096639e+00
 1.49939065e+00
 1.49735380e+00
 1.49484999e+00
 1.49187482e+00
 1.48842703e+00
 1.48451042e+00
 1.48013562e+00
 1.47532140e+00
 1.47009530e+00
 1.46449357e+00
 1.45856070e+00
 1.45234862e+00
 1.44591585e+00
 1.43932664e+00
 1.43265012e+00
 1.42595947e+00
 1.41933100e+00
 1.41284306e+00
 1.40657492e+00
 1.40060536e+00
 1.39501150e+00
 1.38986757e+00
 1.38524390e+00
 1.38120587e+00
 1.37781273e+00
 1.37511603e+00
 1.37315807e+00
 1.37197032e+00
 1.37157222e+00
 1.50796053e+00
 1.50773486e+00
 1.50705664e+00
 1.50592235e+00
 1.50432677e+00
 1.50226352e+00
 1.49972606e+00
 1.49670915e+00
 1.49321085e+00
 1.48923477e+00
 1.48479206e+00
 1.47990260e+00
 1.47459537e+00
 1.46890812e+00
 1.46288667e+00
 1.45658408e+00
 1.45005982e+00
 1.44337894e+00
 1.43661138e+00
 1.42983124e+00
 1.42311594e+00
 1.41654520e+00
 1.41019973e+00
 1.40415970e+00
 1.39850323e+00
 1.39330494e+00
 1.38863498e+00
 1.38455820e+00
 1.38113328e+00
 1.37841153e+00
 1.37643533e+00
 1.37523645e+00
 1.37483459e+00
 1.51261238e+00
 1.51238412e+00
 1.51169827e+00
 1.51055152e+00
 1.50893829e+00
 1.50685126e+00
 1.50428245e+00
 1.50122507e+00
 1.49767620e+00
 1.49363950e+00
 1.48912728e+00
 1.48416128e+00
 1.47877251e+00
 1.47300055e+00
 1.46689270e+00
 1.46050310e+00
 1.45389200e+00
 1.44712505e+00
 1.44027270e+00
 1.43340967e+00
 1.42661430e+00
 1.41996755e+00
 1.41355168e+00
 1.40744853e+00
 1.40173757e+00
 1.39649407e+00
 1.39178780e+00
 1.38768245e+00
 1.38423537e+00
 1.38149684e+00
 1.37950871e+00
 1.37830263e+00
 1.37789835e+00
 1.51689773e+00
 1.51666811e+00
 1.51597784e+00
 1.51482283e+00
 1.51319659e+00
 1.51109016e+00
 1.50849318e+00
 1.50539653e+00
 1.50179628e+00
 1.49769699e+00
 1.49311326e+00
 1.48806964e+00
 1.48259965e+00
 1.47674484e+00
 1.47055390e+00
 1.46408192e+00
 1.45738973e+00
 1.45054323e+00
 1.44361304e+00
 1.43667416e+00
 1.42980548e+00
 1.42308901e+00
 1.41660859e+00
 1.41044806e+00
 1.40468890e+00
 1.39940777e+00
 1.39467443e+00
 1.39055094e+00
 1.38709206e+00
 1.38434571e+00
 1.38235242e+00
 1.38114335e+00
 1.38073811e+00
 1.52079573e+00
 1.52056510e+00
 1.51987235e+00
 1.51871376e+00
 1.51708095e+00
 1.51496107e+00
 1.51233916e+00
 1.50920303e+00
 1.50554870e+00
 1.50138353e+00
 1.49672603e+00
 1.49160432e+00
 1.48605458e+00
 1.48012009e+00
 1.47385069e+00
 1.46730218e+00
 1.46053568e+00
 1.45361708e+00
 1.44661674e+00
 1.43960950e+00
 1.43267442e+00
 1.42589420e+00
 1.41935406e+00
 1.41313997e+00
 1.40733617e+00
 1.40202198e+00
 1.39726858e+00
 1.39313685e+00
 1.38967779e+00
 1.38693476e+00
 1.38494470e+00
 1.38373724e+00
 1.38333237e+00
 1.52427125e+00
 1.52404406e+00
 1.52335928e+00
 1.52220867e+00
 1.52057948e+00
 1.51845284e+00
 1.51580710e+00
 1.51262759e+00
 1.50891355e+00
 1.50467812e+00
 1.49994512e+00
 1.49474628e+00
 1.48911995e+00
 1.48311059e+00
 1.47676875e+00
 1.47015071e+00
 1.46331771e+00
 1.45633527e+00
 1.44927314e+00
 1.44220556e+00
 1.43521132e+00
 1.42837336e+00
 1.42177780e+00
 1.41551248e+00
 1.40966459e+00
 1.40431747e+00
 1.39954627e+00
 1.39541321e+00
 1.39196566e+00
 1.38923990e+00
 1.38726691e+00
 1.38607237e+00
 1.38567245e+00
 1.52735169e+00
 1.52712402e+00
 1.52644261e+00
 1.52530481e+00
 1.52368992e+00
 1.52156106e+00
 1.51888604e+00
 1.51565323e+00
 1.51187129e+00
 1.50756177e+00
 1.50275357e+00
 1.49748096e+00
 1.49178339e+00
 1.48570574e+00
 1.47929880e+00
 1.47261922e+00
 1.46572831e+00
 1.45869095e+00
 1.45157588e+00
 1.44445642e+00
 1.43741074e+00
 1.43052148e+00
 1.42387511e+00
 1.41756060e+00
 1.41166738e+00
 1.40628289e+00
 1.40148867e+00
 1.39735373e+00
 1.39392626e+00
 1.39123156e+00
 1.38928361e+00
 1.38810045e+00
 1.38770293e+00
 1.52990392e+00
 1.52969563e+00
 1.52906823e+00
 1.52799588e+00
 1.52642005e+00
 1.52428318e+00
 1.52156058e+00
 1.51825922e+00
 1.51440210e+00
 1.51001802e+00
 1.50513852e+00
 1.49979846e+00
 1.49403733e+00
 1.48789964e+00
 1.48143607e+00
 1.47470371e+00
 1.46776400e+00
 1.46068097e+00
 1.45352206e+00
 1.44635943e+00
 1.43927042e+00
 1.43233702e+00
 1.42564541e+00
 1.41928498e+00
 1.41334592e+00
 1.40791790e+00
 1.40308818e+00
 1.39893706e+00
 1.39552716e+00
 1.39288820e+00
 1.39101417e+00
 1.38988870e+00
 1.38951166e+00
 1.53200573e+00
 1.53185185e+00
 1.53134010e+00
 1.53035479e+00
 1.52879033e+00
 1.52660339e+00
 1.52380366e+00
 1.52042112e+00
 1.51648784e+00
 1.51203445e+00
 1.50709178e+00
 1.50169346e+00
 1.49587851e+00
 1.48969038e+00
 1.48317949e+00
 1.47640357e+00
 1.46942442e+00
 1.46230496e+00
 1.45511122e+00
 1.44791408e+00
 1.44079011e+00
 1.43382038e+00
 1.42709032e+00
 1.42068939e+00
 1.41470714e+00
 1.40923275e+00
 1.40435474e+00
 1.40016046e+00
 1.39673109e+00
 1.39412426e+00
 1.39234412e+00
 1.39133128e+00
 1.39100582e+00
 1.53408380e+00
 1.53394540e+00
 1.53344724e+00
 1.53242203e+00
 1.53076675e+00
 1.52847490e+00
 1.52557961e+00
 1.52211648e+00
 1.51811545e+00
 1.51360384e+00
 1.50860971e+00
 1.50316448e+00
 1.49730692e+00
 1.49107890e+00
 1.48453060e+00
 1.47772059e+00
 1.47071130e+00
 1.46356438e+00
 1.45634445e+00
 1.44912117e+00
 1.44197052e+00
 1.43497269e+00
 1.42821193e+00
 1.42177807e+00
 1.41575911e+00
 1.41024215e+00
 1.40531256e+00
 1.40105539e+00
 1.39755559e+00
 1.39488935e+00
 1.39309072e+00
 1.39210045e+00
 1.39179221e+00
 1.53603010e+00
 1.53585741e+00
 1.53524499e+00
 1.53405589e+00
 1.53224890e+00
 1.52984051e+00
 1.52685923e+00
 1.52333117e+00
 1.51927848e+00
 1.51472373e+00
 1.50969211e+00
 1.50421262e+00
 1.49832449e+00
 1.49206770e+00
 1.48549233e+00
 1.47865783e+00
 1.47162746e+00
 1.46446151e+00
 1.45722349e+00
 1.44998200e+00
 1.44281270e+00
 1.43579507e+00
 1.42901195e+00
 1.42255415e+00
 1.41650776e+00
 1.41095790e+00
 1.40598538e+00
 1.40166840e+00
 1.39808293e+00
 1.39529962e+00
 1.39337082e+00
 1.39228940e+00
 1.39195425e+00
 1.53745041e+00
 1.53721007e+00
 1.53643374e+00
 1.53508217e+00
 1.53315551e+00
 1.53066588e+00
 1.52762866e+00
 1.52406002e+00
 1.51997565e+00
 1.51539467e+00
 1.51034048e+00
 1.50484012e+00
 1.49893372e+00
 1.49265956e+00
 1.48606782e+00
 1.47921853e+00
 1.47217576e+00
 1.46499866e+00
 1.45775008e+00
 1.45049787e+00
 1.44331757e+00
 1.43628827e+00
 1.42949153e+00
 1.42301935e+00
 1.41695619e+00
 1.41138610e+00
 1.40638642e+00
 1.40202987e+00
 1.39838339e+00
 1.39550518e+00
 1.39344275e+00
 1.39222392e+00
 1.39183169e+00
 1.53797300e+00
 1.53768937e+00
 1.53683968e+00
 1.53542753e+00
 1.53345873e+00
 1.53094125e+00
 1.52788506e+00
 1.52430281e+00
 1.52020784e+00
 1.51561809e+00
 1.51055639e+00
 1.50504902e+00
 1.49913656e+00
 1.49285659e+00
 1.48625936e+00
 1.47940513e+00
 1.47235828e+00
 1.46517751e+00
 1.45792547e+00
 1.45066972e+00
 1.44348578e+00
 1.43645265e+00
 1.42965132e+00
 1.42317436e+00
 1.41710558e+00
 1.41152872e+00
 1.40651990e+00
 1.40214990e+00
 1.39848244e+00
 1.39557068e+00
 1.39345812e+00
 1.39217722e+00
 1.39174800e+00
