 1.60915600e+00
 1.60899560e+00
 1.60850467e+00
 1.60765685e+00
 1.60641716e+00
 1.60475413e+00
 1.60265616e+00
 1.60015938e+00
 1.59735120e+00
 1.59429044e+00
 1.59096355e+00
 1.58731954e+00
 1.58334688e+00
 1.57910137e+00
 1.57465180e+00
 1.57004331e+00
 1.56527529e+00
 1.56036304e+00
 1.55532431e+00
 1.55011900e+00
 1.54475354e+00
 1.53934376e+00
 1.53403852e+00
 1.52900778e+00
 1.52438076e+00
 1.52022750e+00
 1.51659754e+00
 1.51351884e+00
 1.51100231e+00
 1.50904948e+00
 1.50765823e+00
 1.50682530e+00
 1.50654800e+00
 1.60868815e+00
 1.60855198e+00
 1.60810259e+00
 1.60729052e+00
 1.60607870e+00
 1.60443882e+00
 1.60236262e+00
 1.59988601e+00
 1.59709180e+00
 1.59403779e+00
 1.59071396e+00
 1.58707395e+00
 1.58310760e+00
 1.57886805e+00
 1.57442210e+00
 1.56981403e+00
 1.56504557e+00
 1.56013204e+00
 1.55509015e+00
 1.54988458e+00
 1.54452519e+00
 1.53912538e+00
 1.53383266e+00
 1.52881339e+00
 1.52419508e+00
 1.52004945e+00
 1.51642725e+00
 1.51335919e+00
 1.51086112e+00
 1.50894176e+00
 1.50760505e+00
 1.50684331e+00
 1.50660954e+00
 1.60737550e+00
 1.60727714e+00
 1.60692030e+00
 1.60620363e+00
 1.60507011e+00
 1.60349637e+00
 1.60148208e+00
 1.59906253e+00
 1.59630917e+00
 1.59327653e+00
 1.58996346e+00
 1.58633602e+00
 1.58238791e+00
 1.57816564e+00
 1.57373042e+00
 1.56912431e+00
 1.56435495e+00
 1.55943799e+00
 1.55438820e+00
 1.54918297e+00
 1.54384110e+00
 1.53847005e+00
 1.53321288e+00
 1.52822628e+00
 1.52363322e+00
 1.51950948e+00
 1.51590961e+00
 1.51287221e+00
 1.51042698e+00
 1.50860084e+00
 1.50740727e+00
 1.50679950e+00
 1.50663048e+00
 1.60544757e+00
 1.60536776e+00
 1.60507465e+00
 1.60445427e+00
 1.60342023e+00
 1.60194020e+00
 1.60001672e+00
 1.59768172e+00
 1.59499255e+00
 1.59199792e+00
 1.58870700e+00
 1.58510204e+00
 1.58118261e+00
 1.57698740e+00
 1.57256968e+00
 1.56796879e+00
 1.56319938e+00
 1.55827829e+00
 1.55321982e+00
 1.54801811e+00
 1.54270362e+00
 1.53737682e+00
 1.53217284e+00
 1.52723535e+00
 1.52268110e+00
 1.51859023e+00
 1.51502309e+00
 1.51202861e+00
 1.50965161e+00
 1.50793072e+00
 1.50686288e+00
 1.50634351e+00
 1.50619918e+00
 1.60314872e+00
 1.60305869e+00
 1.60275549e+00
 1.60215978e+00
 1.60119048e+00
 1.59979933e+00
 1.59797559e+00
 1.59573901e+00
 1.59313077e+00
 1.59019114e+00
 1.58693695e+00
 1.58336580e+00
 1.57948404e+00
 1.57532387e+00
 1.57093016e+00
 1.56633961e+00
 1.56157304e+00
 1.55664968e+00
 1.55158641e+00
 1.54639423e+00
 1.54111505e+00
 1.53584308e+00
 1.53070287e+00
 1.52582421e+00
 1.52131685e+00
 1.51726351e+00
 1.51372937e+00
 1.51076907e+00
 1.50842801e+00
 1.50672853e+00
 1.50563848e+00
 1.50506072e+00
 1.50488436e+00
 1.60054901e+00
 1.60042645e+00
 1.60005504e+00
 1.59941191e+00
 1.59844878e+00
 1.59711383e+00
 1.59537701e+00
 1.59323773e+00
 1.59071821e+00
 1.58784748e+00
 1.58464507e+00
 1.58111960e+00
 1.57728356e+00
 1.57316499e+00
 1.56880172e+00
 1.56422814e+00
 1.55946965e+00
 1.55454909e+00
 1.54948869e+00
 1.54431395e+00
 1.53907610e+00
 1.53386416e+00
 1.52879117e+00
 1.52397364e+00
 1.51951370e+00
 1.51549331e+00
 1.51197769e+00
 1.50901682e+00
 1.50663954e+00
 1.50484145e+00
 1.50358576e+00
 1.50283551e+00
 1.50258362e+00
 1.59739176e+00
 1.59725930e+00
 1.59686078e+00
 1.59618812e+00
 1.59521801e+00
 1.59391415e+00
 1.59224324e+00
 1.59018958e+00
 1.58775765e+00
 1.58496388e+00
 1.58182547e+00
 1.57835646e+00
 1.57457350e+00
 1.57050236e+00
 1.56617595e+00
 1.56162695e+00
 1.55688395e+00
 1.55197417e+00
 1.54692648e+00
 1.54177761e+00
 1.53658524e+00
 1.53143385e+00
 1.52642553e+00
 1.52166466e+00
 1.51724505e+00
 1.51324431e+00
 1.50972288e+00
 1.50672194e+00
 1.50425986e+00
 1.50233486e+00
 1.50094207e+00
 1.50009183e+00
 1.49980495e+00
 1.59363652e+00
 1.59350700e+00
 1.59311432e+00
 1.59244705e+00
 1.59148739e+00
 1.59021121e+00
 1.58859214e+00
 1.58661046e+00
 1.58425943e+00
 1.58154442e+00
 1.57847742e+00
 1.57507302e+00
 1.57134947e+00
 1.56733117e+00
 1.56304804e+00
 1.55853168e+00
 1.55381310e+00
 1.54892387e+00
 1.54389933e+00
 1.53878415e+00
 1.53363970e+00
 1.52854616e+00
 1.52359594e+00
 1.51888264e+00
 1.51449155e+00
 1.51049425e+00
 1.50694621e+00
 1.50388609e+00
 1.50133852e+00
 1.49932244e+00
 1.49785916e+00
 1.49697088e+00
 1.49667307e+00
 1.58937540e+00
 1.58924658e+00
 1.58885740e+00
 1.58819918e+00
 1.58725688e+00
 1.58601023e+00
 1.58443685e+00
 1.58251704e+00
 1.58023883e+00
 1.57760004e+00
 1.57460696e+00
 1.57127193e+00
 1.56761255e+00
 1.56365198e+00
 1.55941830e+00
 1.55494264e+00
 1.55025790e+00
 1.54539950e+00
 1.54040798e+00
 1.53533313e+00
 1.53023778e+00
 1.52519795e+00
 1.52029779e+00
 1.51562178e+00
 1.51124763e+00
 1.50724197e+00
 1.50365874e+00
 1.50054049e+00
 1.49792259e+00
 1.49583786e+00
 1.49431824e+00
 1.49339243e+00
 1.49308125e+00
 1.58460483e+00
 1.58447930e+00
 1.58409958e+00
 1.58345672e+00
 1.58253673e+00
 1.58132164e+00
 1.57979142e+00
 1.57792714e+00
 1.57571470e+00
 1.57314756e+00
 1.57022736e+00
 1.56696325e+00
 1.56337091e+00
 1.55947200e+00
 1.55529337e+00
 1.55086595e+00
 1.54622410e+00
 1.54140618e+00
 1.53645641e+00
 1.53142739e+00
 1.52638187e+00
 1.52139191e+00
 1.51653495e+00
 1.51188827e+00
 1.50752403e+00
 1.50350635e+00
 1.49989083e+00
 1.49672627e+00
 1.49405739e+00
 1.49192639e+00
 1.49037185e+00
 1.48942536e+00
 1.48910749e+00
 1.57936220e+00
 1.57923974e+00
 1.57886952e+00
 1.57824312e+00
 1.57734709e+00
 1.57616422e+00
 1.57467545e+00
 1.57286236e+00
 1.57071000e+00
 1.56820938e+00
 1.56535896e+00
 1.56216488e+00
 1.55864056e+00
 1.55480601e+00
 1.55068702e+00
 1.54631437e+00
 1.54172343e+00
 1.53695451e+00
 1.53205398e+00
 1.52707562e+00
 1.52208116e+00
 1.51713907e+00
 1.51232161e+00
 1.50770093e+00
 1.50334585e+00
 1.49932011e+00
 1.49568236e+00
 1.49248718e+00
 1.48978598e+00
 1.48762645e+00
 1.48605042e+00
 1.48509072e+00
 1.48476840e+00
 1.57367646e+00
 1.57355760e+00
 1.57319799e+00
 1.57258897e+00
 1.57171714e+00
 1.57056573e+00
 1.56911622e+00
 1.56735047e+00
 1.56525314e+00
 1.56281387e+00
 1.56002904e+00
 1.55690247e+00
 1.55344554e+00
 1.54967667e+00
 1.54562066e+00
 1.54130805e+00
 1.53677472e+00
 1.53206202e+00
 1.52721727e+00
 1.52229432e+00
 1.51735341e+00
 1.51245998e+00
 1.50768245e+00
 1.50308964e+00
 1.49874874e+00
 1.49472421e+00
 1.49107766e+00
 1.48786793e+00
 1.48515062e+00
 1.48297658e+00
 1.48138946e+00
 1.48042293e+00
 1.48009832e+00
 1.56759434e+00
 1.56747846e+00
 1.56712796e+00
 1.56653447e+00
 1.56568485e+00
 1.56456250e+00
 1.56314906e+00
 1.56142648e+00
 1.55937915e+00
 1.55699593e+00
 1.55427188e+00
 1.55120923e+00
 1.54781776e+00
 1.54411456e+00
 1.54012354e+00
 1.53587487e+00
 1.53140450e+00
 1.52675411e+00
 1.52197111e+00
 1.51710875e+00
 1.51222561e+00
 1.50738465e+00
 1.50265154e+00
 1.49809304e+00
 1.49377560e+00
 1.48976464e+00
 1.48612401e+00
 1.48291536e+00
 1.48019682e+00
 1.47802100e+00
 1.47643245e+00
 1.47546511e+00
 1.47514025e+00
 1.56115852e+00
 1.56104550e+00
 1.56070353e+00
 1.56012425e+00
 1.55929462e+00
 1.55819825e+00
 1.55681698e+00
 1.55513286e+00
 1.55313016e+00
 1.55079736e+00
 1.54812876e+00
 1.54512562e+00
 1.54179663e+00
 1.53815790e+00
 1.53423263e+00
 1.53005050e+00
 1.52564728e+00
 1.52106442e+00
 1.51634891e+00
 1.51155299e+00
 1.50673361e+00
 1.50195166e+00
 1.49727078e+00
 1.49275633e+00
 1.48847437e+00
 1.48449093e+00
 1.48087123e+00
 1.47767841e+00
 1.47497191e+00
 1.47280514e+00
 1.47122301e+00
 1.47025956e+00
 1.46993600e+00
 1.55442341e+00
 1.55431273e+00
 1.55397788e+00
 1.55341061e+00
 1.55259804e+00
 1.55152392e+00
 1.55017026e+00
 1.54851928e+00
 1.54655533e+00
 1.54426684e+00
 1.54164783e+00
 1.53869907e+00
 1.53542869e+00
 1.53185221e+00
 1.52799230e+00
 1.52387822e+00
 1.51954533e+00
 1.51503460e+00
 1.51039223e+00
 1.50566928e+00
 1.50092110e+00
 1.49620677e+00
 1.49158826e+00
 1.48712974e+00
 1.48289676e+00
 1.47895547e+00
 1.47537156e+00
 1.47220872e+00
 1.46952672e+00
 1.46737908e+00
 1.46581067e+00
 1.46485546e+00
 1.46453465e+00
 1.54744758e+00
 1.54733885e+00
 1.54700984e+00
 1.54645230e+00
 1.54565346e+00
 1.54459725e+00
 1.54326598e+00
 1.54164218e+00
 1.53971051e+00
 1.53745963e+00
 1.53488370e+00
 1.53198352e+00
 1.52876709e+00
 1.52524973e+00
 1.52145383e+00
 1.51740834e+00
 1.51314816e+00
 1.50871362e+00
 1.50414999e+00
 1.49950700e+00
 1.49483843e+00
 1.49020162e+00
 1.48565697e+00
 1.48126733e+00
 1.47709744e+00
 1.47321297e+00
 1.46967936e+00
 1.46656011e+00
 1.46391473e+00
 1.46179635e+00
 1.46024937e+00
 1.45930727e+00
 1.45899088e+00
 1.54029823e+00
 1.54019076e+00
 1.53986559e+00
 1.53931465e+00
 1.53852541e+00
 1.53748208e+00
 1.53616731e+00
 1.53456405e+00
 1.53265752e+00
 1.53043692e+00
 1.52789697e+00
 1.52503889e+00
 1.52187101e+00
 1.51840884e+00
 1.51467477e+00
 1.51069757e+00
 1.50651175e+00
 1.50215695e+00
 1.49767742e+00
 1.49312151e+00
 1.48854137e+00
 1.48399256e+00
 1.47953373e+00
 1.47522621e+00
 1.47113340e+00
 1.46731993e+00
 1.46385032e+00
 1.46078727e+00
 1.45818948e+00
 1.45610931e+00
 1.45459038e+00
 1.45366546e+00
 1.45335486e+00
 1.53304381e+00
 1.53293707e+00
 1.53261410e+00
 1.53206690e+00
 1.53128311e+00
 1.53024728e+00
 1.52894257e+00
 1.52735261e+00
 1.52546342e+00
 1.52326516e+00
 1.52075344e+00
 1.51793037e+00
 1.51480501e+00
 1.51139340e+00
 1.50771821e+00
 1.50380825e+00
 1.49969773e+00
 1.49542563e+00
 1.49103513e+00
 1.48657317e+00
 1.48209014e+00
 1.47763968e+00
 1.47327846e+00
 1.46906587e+00
 1.46506354e+00
 1.46133441e+00
 1.45794147e+00
 1.45494595e+00
 1.45240524e+00
 1.45037060e+00
 1.44888477e+00
 1.44797994e+00
 1.44767608e+00
 1.52576030e+00
 1.52565358e+00
 1.52533068e+00
 1.52478371e+00
 1.52400053e+00
 1.52296614e+00
 1.52166438e+00
 1.52007981e+00
 1.51819960e+00
 1.51601515e+00
 1.51352342e+00
 1.51072778e+00
 1.50763837e+00
 1.50427209e+00
 1.50065220e+00
 1.49680771e+00
 1.49277268e+00
 1.48858549e+00
 1.48428826e+00
 1.47992644e+00
 1.47554857e+00
 1.47120614e+00
 1.46695353e+00
 1.46284781e+00
 1.45894833e+00
 1.45531589e+00
 1.45201137e+00
 1.44909407e+00
 1.44661960e+00
 1.44463770e+00
 1.44319005e+00
 1.44230824e+00
 1.44201206e+00
 1.51852670e+00
 1.51841909e+00
 1.51809362e+00
 1.51754269e+00
 1.51675458e+00
 1.51571491e+00
 1.51440839e+00
 1.51282079e+00
 1.51094072e+00
 1.50876121e+00
 1.50628093e+00
 1.50350482e+00
 1.50044445e+00
 1.49711785e+00
 1.49354910e+00
 1.48976763e+00
 1.48580747e+00
 1.48170649e+00
 1.47750580e+00
 1.47324931e+00
 1.46898355e+00
 1.46475767e+00
 1.46062341e+00
 1.45663513e+00
 1.45284948e+00
 1.44932465e+00
 1.44611916e+00
 1.44329011e+00
 1.44089112e+00
 1.43897016e+00
 1.43756734e+00
 1.43671300e+00
 1.43642608e+00
 1.51142009e+00
 1.51131084e+00
 1.51098049e+00
 1.51042163e+00
 1.50962303e+00
 1.50857117e+00
 1.50725196e+00
 1.50565268e+00
 1.50376379e+00
 1.50158034e+00
 1.49910297e+00
 1.49633853e+00
 1.49330020e+00
 1.49000737e+00
 1.48648514e+00
 1.48276355e+00
 1.47887677e+00
 1.47486227e+00
 1.47076016e+00
 1.46661280e+00
 1.46246464e+00
 1.45836224e+00
 1.45435440e+00
 1.45049236e+00
 1.44682960e+00
 1.44342134e+00
 1.44032337e+00
 1.43759039e+00
 1.43527388e+00
 1.43341983e+00
 1.43206654e+00
 1.43124272e+00
 1.43096611e+00
 1.50452026e+00
 1.50440833e+00
 1.50407017e+00
 1.50349889e+00
 1.50268400e+00
 1.50161296e+00
 1.50027310e+00
 1.49865364e+00
 1.49674727e+00
 1.49455139e+00
 1.49206891e+00
 1.48930866e+00
 1.48628559e+00
 1.48302059e+00
 1.47953994e+00
 1.47587449e+00
 1.47205868e+00
 1.46812971e+00
 1.46412677e+00
 1.46009070e+00
 1.45606377e+00
 1.45208984e+00
 1.44821449e+00
 1.44448541e+00
 1.44095245e+00
 1.43766733e+00
 1.43468273e+00
 1.43205064e+00
 1.42982022e+00
 1.42803546e+00
 1.42673294e+00
 1.42594010e+00
 1.42567391e+00
 1.49790102e+00
 1.49778595e+00
 1.49743826e+00
 1.49685115e+00
 1.49601473e+00
 1.49491776e+00
 1.49354960e+00
 1.49190196e+00
 1.48997027e+00
 1.48775454e+00
 1.48525993e+00
 1.48249725e+00
 1.47948319e+00
 1.47624024e+00
 1.47279603e+00
 1.46918239e+00
 1.46543423e+00
 1.46158856e+00
 1.45768375e+00
 1.45375916e+00
 1.44985495e+00
 1.44601220e+00
 1.44227312e+00
 1.43868150e+00
 1.43528304e+00
 1.43212543e+00
 1.42925775e+00
 1.42672905e+00
 1.42458617e+00
 1.42287127e+00
 1.42161960e+00
 1.42085764e+00
 1.42060181e+00
 1.49164432e+00
 1.49152477e+00
 1.49116401e+00
 1.49055593e+00
 1.48969168e+00
 1.48856171e+00
 1.48715792e+00
 1.48547516e+00
 1.48351190e+00
 1.48127064e+00
 1.47875852e+00
 1.47598804e+00
 1.47297755e+00
 1.46975120e+00
 1.46633819e+00
 1.46277156e+00
 1.45908682e+00
 1.45532088e+00
 1.45151139e+00
 1.44769633e+00
 1.44391387e+00
 1.44020240e+00
 1.43660077e+00
 1.43314870e+00
 1.42988735e+00
 1.42685971e+00
 1.42411070e+00
 1.42168618e+00
 1.41963084e+00
 1.41798541e+00
 1.41678408e+00
 1.41605258e+00
 1.41580693e+00
 1.48581939e+00
 1.48569488e+00
 1.48531897e+00
 1.48468561e+00
 1.48378736e+00
 1.48261757e+00
 1.48117198e+00
 1.47944926e+00
 1.47745077e+00
 1.47518085e+00
 1.47264791e+00
 1.46986574e+00
 1.46685429e+00
 1.46363953e+00
 1.46025251e+00
 1.45672770e+00
 1.45310134e+00
 1.44941027e+00
 1.44569147e+00
 1.44198170e+00
 1.43831731e+00
 1.43473427e+00
 1.43126829e+00
 1.42795517e+00
 1.42483131e+00
 1.42193444e+00
 1.41930442e+00
 1.41698333e+00
 1.41501378e+00
 1.41343576e+00
 1.41228319e+00
 1.41158143e+00
 1.41134582e+00
 1.48050336e+00
 1.48037143e+00
 1.47997440e+00
 1.47930853e+00
 1.47836905e+00
 1.47715337e+00
 1.47566232e+00
 1.47389845e+00
 1.47186475e+00
 1.46956601e+00
 1.46701110e+00
 1.46421484e+00
 1.46119885e+00
 1.45799118e+00
 1.45462504e+00
 1.45113663e+00
 1.44756293e+00
 1.44394069e+00
 1.44030618e+00
 1.43669511e+00
 1.43314232e+00
 1.42968163e+00
 1.42634607e+00
 1.42316804e+00
 1.42017950e+00
 1.41741261e+00
 1.41490103e+00
 1.41268157e+00
 1.41079430e+00
 1.40927912e+00
 1.40817049e+00
 1.40749429e+00
 1.40726696e+00
 1.47574050e+00
 1.47560255e+00
 1.47518550e+00
 1.47448363e+00
 1.47349664e+00
 1.47223156e+00
 1.47069645e+00
 1.46889554e+00
 1.46683069e+00
 1.46450564e+00
 1.46192938e+00
 1.45911791e+00
 1.45609469e+00
 1.45289015e+00
 1.44954005e+00
 1.44608255e+00
 1.44255533e+00
 1.43899479e+00
 1.43543652e+00
 1.43191537e+00
 1.42846494e+00
 1.42511724e+00
 1.42190314e+00
 1.41885243e+00
 1.41599359e+00
 1.41335378e+00
 1.41095975e+00
 1.40884052e+00
 1.40703100e+00
 1.40557227e+00
 1.40450405e+00
 1.40385429e+00
 1.40363650e+00
 1.47163953e+00
 1.47148691e+00
 1.47102768e+00
 1.47026666e+00
 1.46922134e+00
 1.46791011e+00
 1.46634075e+00
 1.46451242e+00
 1.46242328e+00
 1.46007596e+00
 1.45748014e+00
 1.45465331e+00
 1.45162110e+00
 1.44841645e+00
 1.44507790e+00
 1.44164596e+00
 1.43815870e+00
 1.43465188e+00
 1.43116036e+00
 1.42771836e+00
 1.42435856e+00
 1.42111140e+00
 1.41800603e+00
 1.41507055e+00
 1.41233124e+00
 1.40981194e+00
 1.40753360e+00
 1.40551580e+00
 1.40378179e+00
 1.40236580e+00
 1.40131351e+00
 1.40066739e+00
 1.40045026e+00
 1.46821312e+00
 1.46803054e+00
 1.46750241e+00
 1.46667356e+00
 1.46558386e+00
 1.46424833e+00
 1.46266269e+00
 1.46081866e+00
 1.45871244e+00
 1.45634711e+00
 1.45373412e+00
 1.45089274e+00
 1.44785076e+00
 1.44464363e+00
 1.44131272e+00
 1.43790126e+00
 1.43444724e+00
 1.43098542e+00
 1.42754994e+00
 1.42417464e+00
 1.42089170e+00
 1.41773000e+00
 1.41471735e+00
 1.41188086e+00
 1.40924578e+00
 1.40683469e+00
 1.40466580e+00
 1.40275221e+00
 1.40110419e+00
 1.39973772e+00
 1.39868924e+00
 1.39801909e+00
 1.39778729e+00
 1.46531280e+00
 1.46511769e+00
 1.46456651e+00
 1.46372784e+00
 1.46264302e+00
 1.46131388e+00
 1.45972817e+00
 1.45787725e+00
 1.45575957e+00
 1.45338009e+00
 1.45075286e+00
 1.44789863e+00
 1.44484726e+00
 1.44163638e+00
 1.43830993e+00
 1.43491420e+00
 1.43148648e+00
 1.42806034e+00
 1.42466925e+00
 1.42134692e+00
 1.41812545e+00
 1.41503208e+00
 1.41209356e+00
 1.40933660e+00
 1.40678592e+00
 1.40446440e+00
 1.40239028e+00
 1.40057574e+00
 1.39902635e+00
 1.39774506e+00
 1.39674935e+00
 1.39609574e+00
 1.39586491e+00
 1.46301652e+00
 1.46283136e+00
 1.46231543e+00
 1.46152603e+00
 1.46048043e+00
 1.45917251e+00
 1.45759313e+00
 1.45573949e+00
 1.45361434e+00
 1.45122434e+00
 1.44858637e+00
 1.44572197e+00
 1.44266280e+00
 1.43944811e+00
 1.43612377e+00
 1.43273928e+00
 1.42933064e+00
 1.42593038e+00
 1.42257140e+00
 1.41928738e+00
 1.41611075e+00
 1.41306715e+00
 1.41018249e+00
 1.40748344e+00
 1.40499433e+00
 1.40273889e+00
 1.40073655e+00
 1.39900153e+00
 1.39754205e+00
 1.39636089e+00
 1.39546318e+00
 1.39487635e+00
 1.39466629e+00
 1.46151915e+00
 1.46135975e+00
 1.46090502e+00
 1.46017203e+00
 1.45916187e+00
 1.45787128e+00
 1.45629713e+00
 1.45444222e+00
 1.45231277e+00
 1.44991610e+00
 1.44727146e+00
 1.44440050e+00
 1.44133615e+00
 1.43811868e+00
 1.43479507e+00
 1.43141740e+00
 1.42802035e+00
 1.42463578e+00
 1.42129621e+00
 1.41803533e+00
 1.41488601e+00
 1.41187262e+00
 1.40902057e+00
 1.40635666e+00
 1.40390478e+00
 1.40168952e+00
 1.39973122e+00
 1.39804607e+00
 1.39664591e+00
 1.39553777e+00
 1.39472726e+00
 1.39422245e+00
 1.39404554e+00
 1.46099700e+00
 1.46085490e+00
 1.46042845e+00
 1.45971697e+00
 1.45871956e+00
 1.45743507e+00
 1.45586271e+00
 1.45400738e+00
 1.45187652e+00
 1.44947753e+00
 1.44683064e+00
 1.44395740e+00
 1.44089125e+00
 1.43767276e+00
 1.43434929e+00
 1.43097391e+00
 1.42758075e+00
 1.42420144e+00
 1.42086836e+00
 1.41761521e+00
 1.41447507e+00
 1.41147181e+00
 1.40863067e+00
 1.40597852e+00
 1.40353908e+00
 1.40133726e+00
 1.39939372e+00
 1.39772536e+00
 1.39634537e+00
 1.39526260e+00
 1.39448403e+00
 1.39401477e+00
 1.39385800e+00
