 1.10000000e+00
 1.10000001e+00
 1.10000001e+00
 1.10000001e+00
 1.10000001e+00
 1.10000001e+00
 1.09999999e+00
 1.10000001e+00
 1.10000000e+00
 1.10000002e+00
 1.09999999e+00
 1.10000000e+00
 1.10000000e+00
 1.10000001e+00
 1.10000000e+00
 1.10000000e+00
 1.10000000e+00
 1.10000000e+00
 1.10000000e+00
 1.10000001e+00
 1.10000000e+00
 1.10000000e+00
 1.10000000e+00
 1.10000000e+00
 1.10000000e+00
 1.10000000e+00
 1.10000000e+00
 1.10000000e+00
 1.10000000e+00
 1.10000000e+00
 1.09999999e+00
 1.10000000e+00
 1.10000000e+00
 1.10028245e+00
 1.10030439e+00
 1.10034085e+00
 1.10036959e+00
 1.10038778e+00
 1.10039773e+00
 1.10040235e+00
 1.10040363e+00
 1.10040273e+00
 1.10040032e+00
 1.10039674e+00
 1.10039231e+00
 1.10038717e+00
 1.10038148e+00
 1.10037531e+00
 1.10036879e+00
 1.10036201e+00
 1.10035504e+00
 1.10034795e+00
 1.10034085e+00
 1.10033376e+00
 1.10032681e+00
 1.10032003e+00
 1.10031350e+00
 1.10030728e+00
 1.10030138e+00
 1.10029579e+00
 1.10029042e+00
 1.10028506e+00
 1.10027934e+00
 1.10027299e+00
 1.10026645e+00
 1.10026289e+00
 1.10120303e+00
 1.10125845e+00
 1.10137502e+00
 1.10147991e+00
 1.10154917e+00
 1.10158778e+00
 1.10160581e+00
 1.10161075e+00
 1.10160709e+00
 1.10159739e+00
 1.10158317e+00
 1.10156546e+00
 1.10154496e+00
 1.10152220e+00
 1.10149762e+00
 1.10147161e+00
 1.10144454e+00
 1.10141672e+00
 1.10138846e+00
 1.10136007e+00
 1.10133184e+00
 1.10130407e+00
 1.10127704e+00
 1.10125101e+00
 1.10122617e+00
 1.10120264e+00
 1.10118036e+00
 1.10115900e+00
 1.10113774e+00
 1.10111539e+00
 1.10109145e+00
 1.10106945e+00
 1.10105977e+00
 1.10294459e+00
 1.10301485e+00
 1.10318214e+00
 1.10335831e+00
 1.10348785e+00
 1.10356446e+00
 1.10360114e+00
 1.10361078e+00
 1.10360197e+00
 1.10357995e+00
 1.10354798e+00
 1.10350823e+00
 1.10346224e+00
 1.10341120e+00
 1.10335611e+00
 1.10329784e+00
 1.10323716e+00
 1.10317480e+00
 1.10311147e+00
 1.10304785e+00
 1.10298460e+00
 1.10292238e+00
 1.10286183e+00
 1.10280350e+00
 1.10274788e+00
 1.10269523e+00
 1.10264552e+00
 1.10259817e+00
 1.10255194e+00
 1.10250550e+00
 1.10246016e+00
 1.10242411e+00
 1.10241002e+00
 1.10569285e+00
 1.10575090e+00
 1.10589891e+00
 1.10607633e+00
 1.10622724e+00
 1.10632700e+00
 1.10637713e+00
 1.10638812e+00
 1.10636994e+00
 1.10632982e+00
 1.10627271e+00
 1.10620211e+00
 1.10612063e+00
 1.10603031e+00
 1.10593286e+00
 1.10582981e+00
 1.10572253e+00
 1.10561230e+00
 1.10550035e+00
 1.10538788e+00
 1.10527609e+00
 1.10516613e+00
 1.10505913e+00
 1.10495612e+00
 1.10485797e+00
 1.10476528e+00
 1.10467827e+00
 1.10459667e+00
 1.10452002e+00
 1.10444897e+00
 1.10438778e+00
 1.10434492e+00
 1.10432936e+00
 1.10947375e+00
 1.10949831e+00
 1.10957098e+00
 1.10967883e+00
 1.10979144e+00
 1.10987770e+00
 1.10992206e+00
 1.10992369e+00
 1.10988830e+00
 1.10982256e+00
 1.10973218e+00
 1.10962170e+00
 1.10949475e+00
 1.10935431e+00
 1.10920297e+00
 1.10904302e+00
 1.10887655e+00
 1.10870554e+00
 1.10853189e+00
 1.10835748e+00
 1.10818412e+00
 1.10801366e+00
 1.10784784e+00
 1.10768833e+00
 1.10753659e+00
 1.10739386e+00
 1.10726112e+00
 1.10713932e+00
 1.10703017e+00
 1.10693725e+00
 1.10686609e+00
 1.10682187e+00
 1.10680700e+00
 1.11402213e+00
 1.11403095e+00
 1.11405868e+00
 1.11410497e+00
 1.11415981e+00
 1.11420380e+00
 1.11421836e+00
 1.11419385e+00
 1.11412921e+00
 1.11402793e+00
 1.11389490e+00
 1.11373495e+00
 1.11355244e+00
 1.11335123e+00
 1.11313477e+00
 1.11290622e+00
 1.11266850e+00
 1.11242439e+00
 1.11217659e+00
 1.11192773e+00
 1.11168047e+00
 1.11143740e+00
 1.11120111e+00
 1.11097408e+00
 1.11075863e+00
 1.11055700e+00
 1.11037142e+00
 1.11020460e+00
 1.11006016e+00
 1.10994274e+00
 1.10985669e+00
 1.10980461e+00
 1.10978723e+00
 1.11924547e+00
 1.11924865e+00
 1.11925692e+00
 1.11926699e+00
 1.11927332e+00
 1.11926647e+00
 1.11923433e+00
 1.11916664e+00
 1.11905839e+00
 1.11890954e+00
 1.11872312e+00
 1.11850341e+00
 1.11825503e+00
 1.11798248e+00
 1.11769003e+00
 1.11738169e+00
 1.11706127e+00
 1.11673242e+00
 1.11639874e+00
 1.11606375e+00
 1.11573103e+00
 1.11540412e+00
 1.11508659e+00
 1.11478195e+00
 1.11449367e+00
 1.11422526e+00
 1.11398039e+00
 1.11376321e+00
 1.11357821e+00
 1.11342976e+00
 1.11332136e+00
 1.11325538e+00
 1.11323322e+00
 1.12515603e+00
 1.12515118e+00
 1.12513647e+00
 1.12511076e+00
 1.12507079e+00
 1.12501068e+00
 1.12492259e+00
 1.12479856e+00
 1.12463299e+00
 1.12442388e+00
 1.12417248e+00
 1.12388218e+00
 1.12355744e+00
 1.12320314e+00
 1.12282419e+00
 1.12242544e+00
 1.12201156e+00
 1.12158716e+00
 1.12115674e+00
 1.12072486e+00
 1.12029609e+00
 1.11987508e+00
 1.11946654e+00
 1.11907522e+00
 1.11870592e+00
 1.11836352e+00
 1.11805306e+00
 1.11777973e+00
 1.11754855e+00
 1.11736401e+00
 1.11722967e+00
 1.11714807e+00
 1.11712071e+00
 1.13167649e+00
 1.13166521e+00
 1.13163097e+00
 1.13157262e+00
 1.13148798e+00
 1.13137348e+00
 1.13122420e+00
 1.13103470e+00
 1.13080050e+00
 1.13051931e+00
 1.13019151e+00
 1.12981975e+00
 1.12940823e+00
 1.12896202e+00
 1.12848659e+00
 1.12798748e+00
 1.12747025e+00
 1.12694039e+00
 1.12640342e+00
 1.12586492e+00
 1.12533059e+00
 1.12480631e+00
 1.12429806e+00
 1.12381196e+00
 1.12335425e+00
 1.12293119e+00
 1.12254908e+00
 1.12221399e+00
 1.12193156e+00
 1.12170668e+00
 1.12154325e+00
 1.12144407e+00
 1.12141083e+00
 1.13874872e+00
 1.13873087e+00
 1.13867701e+00
 1.13858619e+00
 1.13845681e+00
 1.13828652e+00
 1.13807232e+00
 1.13781086e+00
 1.13749924e+00
 1.13713590e+00
 1.13672126e+00
 1.13625778e+00
 1.13574957e+00
 1.13520191e+00
 1.13462069e+00
 1.13401215e+00
 1.13338262e+00
 1.13273851e+00
 1.13208631e+00
 1.13143268e+00
 1.13078450e+00
 1.13014892e+00
 1.12953333e+00
 1.12894532e+00
 1.12839258e+00
 1.12788278e+00
 1.12742340e+00
 1.12702148e+00
 1.12668335e+00
 1.12641444e+00
 1.12621911e+00
 1.12610057e+00
 1.12606083e+00
 1.14630436e+00
 1.14627961e+00
 1.14620519e+00
 1.14608057e+00
 1.14590482e+00
 1.14567656e+00
 1.14539408e+00
 1.14505559e+00
 1.14465972e+00
 1.14420603e+00
 1.14369564e+00
 1.14313132e+00
 1.14251748e+00
 1.14185970e+00
 1.14116440e+00
 1.14043843e+00
 1.13968888e+00
 1.13892299e+00
 1.13814821e+00
 1.13737225e+00
 1.13660319e+00
 1.13584952e+00
 1.13512007e+00
 1.13442396e+00
 1.13377038e+00
 1.13316843e+00
 1.13262684e+00
 1.13215368e+00
 1.13175618e+00
 1.13144047e+00
 1.13121143e+00
 1.13107260e+00
 1.13102609e+00
 1.15426266e+00
 1.15423093e+00
 1.15413565e+00
 1.15397654e+00
 1.15375314e+00
 1.15346491e+00
 1.15311121e+00
 1.15269160e+00
 1.15220609e+00
 1.15165553e+00
 1.15104207e+00
 1.15036927e+00
 1.14964215e+00
 1.14886689e+00
 1.14805048e+00
 1.14720044e+00
 1.14632455e+00
 1.14543083e+00
 1.14452761e+00
 1.14362360e+00
 1.14272806e+00
 1.14185080e+00
 1.14100213e+00
 1.14019273e+00
 1.13943336e+00
 1.13873459e+00
 1.13810647e+00
 1.13755823e+00
 1.13709804e+00
 1.13673277e+00
 1.13646790e+00
 1.13630738e+00
 1.13625360e+00
 1.16254116e+00
 1.16250225e+00
 1.16238549e+00
 1.16219088e+00
 1.16191845e+00
 1.16156835e+00
 1.16114091e+00
 1.16063684e+00
 1.16005744e+00
 1.15940491e+00
 1.15868262e+00
 1.15789525e+00
 1.15704875e+00
 1.15615014e+00
 1.15520717e+00
 1.15422803e+00
 1.15322116e+00
 1.15219528e+00
 1.15115946e+00
 1.15012332e+00
 1.14909721e+00
 1.14809224e+00
 1.14712021e+00
 1.14619338e+00
 1.14532415e+00
 1.14452465e+00
 1.14380638e+00
 1.14317980e+00
 1.14265411e+00
 1.14223704e+00
 1.14193467e+00
 1.14175145e+00
 1.14169008e+00
 1.17105243e+00
 1.17100613e+00
 1.17086733e+00
 1.17063631e+00
 1.17031362e+00
 1.16990006e+00
 1.16939681e+00
 1.16880563e+00
 1.16812906e+00
 1.16737064e+00
 1.16653515e+00
 1.16562864e+00
 1.16465828e+00
 1.16363217e+00
 1.16255895e+00
 1.16144754e+00
 1.16030700e+00
 1.15914658e+00
 1.15797593e+00
 1.15680541e+00
 1.15564632e+00
 1.15451102e+00
 1.15341277e+00
 1.15236546e+00
 1.15138322e+00
 1.15047986e+00
 1.14966843e+00
 1.14896081e+00
 1.14836738e+00
 1.14789678e+00
 1.14755579e+00
 1.14734926e+00
 1.14728010e+00
 1.17970496e+00
 1.17965120e+00
 1.17949013e+00
 1.17922233e+00
 1.17884875e+00
 1.17837075e+00
 1.17779025e+00
 1.17710998e+00
 1.17633372e+00
 1.17546648e+00
 1.17451463e+00
 1.17348580e+00
 1.17238869e+00
 1.17123269e+00
 1.17002749e+00
 1.16878275e+00
 1.16750803e+00
 1.16621290e+00
 1.16490735e+00
 1.16360223e+00
 1.16230962e+00
 1.16104297e+00
 1.15981700e+00
 1.15864732e+00
 1.15754983e+00
 1.15654019e+00
 1.15563315e+00
 1.15484213e+00
 1.15417879e+00
 1.15365281e+00
 1.15327175e+00
 1.15304098e+00
 1.15296371e+00
 1.18840634e+00
 1.18834533e+00
 1.18816246e+00
 1.18785828e+00
 1.18743383e+00
 1.18689084e+00
 1.18623197e+00
 1.18546099e+00
 1.18458304e+00
 1.18360477e+00
 1.18253434e+00
 1.18138126e+00
 1.18015602e+00
 1.17886955e+00
 1.17753270e+00
 1.17615587e+00
 1.17474889e+00
 1.17332139e+00
 1.17188330e+00
 1.17044562e+00
 1.16902094e+00
 1.16762367e+00
 1.16626995e+00
 1.16497713e+00
 1.16376311e+00
 1.16264550e+00
 1.16164096e+00
 1.16076456e+00
 1.16002940e+00
 1.15944631e+00
 1.15902378e+00
 1.15876784e+00
 1.15868213e+00
 1.19707317e+00
 1.19700471e+00
 1.19679950e+00
 1.19645809e+00
 1.19598169e+00
 1.19537242e+00
 1.19463365e+00
 1.19377023e+00
 1.19278875e+00
 1.19169767e+00
 1.19050718e+00
 1.18922897e+00
 1.18787562e+00
 1.18645987e+00
 1.18499386e+00
 1.18348863e+00
 1.18195403e+00
 1.18039924e+00
 1.17883367e+00
 1.17726796e+00
 1.17571484e+00
 1.17418952e+00
 1.17270950e+00
 1.17129400e+00
 1.16996307e+00
 1.16873656e+00
 1.16763325e+00
 1.16667011e+00
 1.16586183e+00
 1.16522054e+00
 1.16475571e+00
 1.16447410e+00
 1.16437977e+00
 1.20562163e+00
 1.20554534e+00
 1.20531672e+00
 1.20493657e+00
 1.20440646e+00
 1.20372903e+00
 1.20290843e+00
 1.20195065e+00
 1.20086383e+00
 1.19965839e+00
 1.19834688e+00
 1.19694350e+00
 1.19546332e+00
 1.19392121e+00
 1.19233073e+00
 1.19070343e+00
 1.18904876e+00
 1.18737484e+00
 1.18568979e+00
 1.18400326e+00
 1.18232768e+00
 1.18067878e+00
 1.17907543e+00
 1.17753886e+00
 1.17609151e+00
 1.17475581e+00
 1.17355298e+00
 1.17250219e+00
 1.17161995e+00
 1.17091981e+00
 1.17041229e+00
 1.17010482e+00
 1.17000184e+00
 1.21396490e+00
 1.21388062e+00
 1.21362808e+00
 1.21320826e+00
 1.21262310e+00
 1.21187586e+00
 1.21097158e+00
 1.20991753e+00
 1.20872361e+00
 1.20740245e+00
 1.20596929e+00
 1.20444135e+00
 1.20283669e+00
 1.20117275e+00
 1.19946470e+00
 1.19772445e+00
 1.19596044e+00
 1.19417882e+00
 1.19238546e+00
 1.19058818e+00
 1.18879851e+00
 1.18703245e+00
 1.18531022e+00
 1.18365526e+00
 1.18209273e+00
 1.18064800e+00
 1.17934518e+00
 1.17820596e+00
 1.17724894e+00
 1.17648924e+00
 1.17593845e+00
 1.17560474e+00
 1.17549297e+00
 1.22202134e+00
 1.22192887e+00
 1.22165183e+00
 1.22119145e+00
 1.22055006e+00
 1.21973155e+00
 1.21874194e+00
 1.21758989e+00
 1.21628720e+00
 1.21484905e+00
 1.21329381e+00
 1.21164231e+00
 1.20991634e+00
 1.20813652e+00
 1.20631999e+00
 1.20447875e+00
 1.20261948e+00
 1.20074511e+00
 1.19885793e+00
 1.19696284e+00
 1.19506981e+00
 1.19319486e+00
 1.19135961e+00
 1.18958993e+00
 1.18791408e+00
 1.18636080e+00
 1.18495752e+00
 1.18372893e+00
 1.18269610e+00
 1.18187598e+00
 1.18128140e+00
 1.18092123e+00
 1.18080061e+00
 1.22971324e+00
 1.22961251e+00
 1.22931070e+00
 1.22880919e+00
 1.22811071e+00
 1.22721981e+00
 1.22614352e+00
 1.22489197e+00
 1.22347903e+00
 1.22192266e+00
 1.22024490e+00
 1.21847096e+00
 1.21662733e+00
 1.21473873e+00
 1.21282479e+00
 1.21089743e+00
 1.20896042e+00
 1.20701183e+00
 1.20504859e+00
 1.20307134e+00
 1.20108781e+00
 1.19911388e+00
 1.19717275e+00
 1.19529302e+00
 1.19350636e+00
 1.19184527e+00
 1.19034100e+00
 1.18902180e+00
 1.18791160e+00
 1.18702948e+00
 1.18638968e+00
 1.18600197e+00
 1.18587210e+00
 1.23697012e+00
 1.23686090e+00
 1.23653381e+00
 1.23599057e+00
 1.23523440e+00
 1.23427047e+00
 1.23310675e+00
 1.23175473e+00
 1.23023034e+00
 1.22855459e+00
 1.22675370e+00
 1.22485825e+00
 1.22290067e+00
 1.22091113e+00
 1.21891260e+00
 1.21691669e+00
 1.21492287e+00
 1.21292206e+00
 1.21090351e+00
 1.20886202e+00
 1.20680245e+00
 1.20474067e+00
 1.20270189e+00
 1.20071778e+00
 1.19882367e+00
 1.19705606e+00
 1.19545041e+00
 1.19403908e+00
 1.19284965e+00
 1.19190394e+00
 1.19121800e+00
 1.19080247e+00
 1.19066334e+00
 1.24372353e+00
 1.24360612e+00
 1.24325440e+00
 1.24267019e+00
 1.24185698e+00
 1.24082053e+00
 1.23956965e+00
 1.23811705e+00
 1.23648063e+00
 1.23468452e+00
 1.23275971e+00
 1.23074320e+00
 1.22867502e+00
 1.22659261e+00
 1.22452352e+00
 1.22247903e+00
 1.22045244e+00
 1.21842444e+00
 1.21637367e+00
 1.21428726e+00
 1.21216685e+00
 1.21002891e+00
 1.20790145e+00
 1.20581977e+00
 1.20382294e+00
 1.20195128e+00
 1.20024443e+00
 1.19873932e+00
 1.19746799e+00
 1.19645584e+00
 1.19572116e+00
 1.19527587e+00
 1.19512671e+00
 1.24991731e+00
 1.24979173e+00
 1.24941567e+00
 1.24879121e+00
 1.24792226e+00
 1.24681499e+00
 1.24547863e+00
 1.24392668e+00
 1.24217860e+00
 1.24026168e+00
 1.23821212e+00
 1.23607454e+00
 1.23389843e+00
 1.23173085e+00
 1.22960583e+00
 1.22753442e+00
 1.22550147e+00
 1.22347350e+00
 1.22141477e+00
 1.21930290e+00
 1.21713642e+00
 1.21493365e+00
 1.21272677e+00
 1.21055550e+00
 1.20846268e+00
 1.20649178e+00
 1.20468576e+00
 1.20308587e+00
 1.20172948e+00
 1.20064716e+00
 1.19986103e+00
 1.19938487e+00
 1.19922551e+00
 1.25549766e+00
 1.25536433e+00
 1.25496519e+00
 1.25430275e+00
 1.25338122e+00
 1.25220684e+00
 1.25078871e+00
 1.24914041e+00
 1.24728255e+00
 1.24524543e+00
 1.24307087e+00
 1.24081209e+00
 1.23853004e+00
 1.23628416e+00
 1.23411753e+00
 1.23204144e+00
 1.23002966e+00
 1.22802956e+00
 1.22598668e+00
 1.22386737e+00
 1.22166783e+00
 1.21941027e+00
 1.21713292e+00
 1.21488104e+00
 1.21270141e+00
 1.21063978e+00
 1.20874054e+00
 1.20704749e+00
 1.20560328e+00
 1.20444533e+00
 1.20360116e+00
 1.20308806e+00
 1.20291590e+00
 1.26041644e+00
 1.26027646e+00
 1.25985723e+00
 1.25916111e+00
 1.25819235e+00
 1.25695696e+00
 1.25546307e+00
 1.25372354e+00
 1.25175977e+00
 1.24960505e+00
 1.24730683e+00
 1.24492759e+00
 1.24254142e+00
 1.24022311e+00
 1.23802791e+00
 1.23596830e+00
 1.23400427e+00
 1.23205829e+00
 1.23005243e+00
 1.22794061e+00
 1.22571813e+00
 1.22341386e+00
 1.22107427e+00
 1.21875125e+00
 1.21649609e+00
 1.21435652e+00
 1.21237630e+00
 1.21059779e+00
 1.20906587e+00
 1.20782763e+00
 1.20692342e+00
 1.20637644e+00
 1.20619386e+00
 1.26464062e+00
 1.26449434e+00
 1.26405655e+00
 1.26333064e+00
 1.26232148e+00
 1.26103353e+00
 1.25947205e+00
 1.25764843e+00
 1.25558520e+00
 1.25331857e+00
 1.25090116e+00
 1.24840468e+00
 1.24591728e+00
 1.24353169e+00
 1.24131883e+00
 1.23929356e+00
 1.23739998e+00
 1.23552969e+00
 1.23357693e+00
 1.23148306e+00
 1.22924435e+00
 1.22689953e+00
 1.22450518e+00
 1.22212049e+00
 1.21980192e+00
 1.21760005e+00
 1.21555786e+00
 1.21371233e+00
 1.21210123e+00
 1.21077152e+00
 1.20977888e+00
 1.20917002e+00
 1.20896600e+00
 1.26813377e+00
 1.26798140e+00
 1.26752755e+00
 1.26677909e+00
 1.26574034e+00
 1.26441086e+00
 1.26279131e+00
 1.26089259e+00
 1.25873965e+00
 1.25637117e+00
 1.25384374e+00
 1.25123759e+00
 1.24865478e+00
 1.24620731e+00
 1.24398505e+00
 1.24200605e+00
 1.24019815e+00
 1.23841693e+00
 1.23652585e+00
 1.23445536e+00
 1.23220401e+00
 1.22982362e+00
 1.22738187e+00
 1.22494487e+00
 1.22257455e+00
 1.22032569e+00
 1.21824307e+00
 1.21635963e+00
 1.21470206e+00
 1.21330179e+00
 1.21221097e+00
 1.21150624e+00
 1.21126113e+00
 1.27085188e+00
 1.27069733e+00
 1.27023823e+00
 1.26948190e+00
 1.26842756e+00
 1.26706775e+00
 1.26539987e+00
 1.26343710e+00
 1.26120829e+00
 1.25875320e+00
 1.25613079e+00
 1.25342865e+00
 1.25076122e+00
 1.24825904e+00
 1.24603293e+00
 1.24410395e+00
 1.24238576e+00
 1.24069537e+00
 1.23886550e+00
 1.23681896e+00
 1.23455658e+00
 1.23214576e+00
 1.22966475e+00
 1.22718516e+00
 1.22477398e+00
 1.22249071e+00
 1.22038498e+00
 1.21849047e+00
 1.21683067e+00
 1.21542675e+00
 1.21431488e+00
 1.21357481e+00
 1.21331156e+00
 1.27278289e+00
 1.27263053e+00
 1.27217780e+00
 1.27142634e+00
 1.27036625e+00
 1.26898492e+00
 1.26727905e+00
 1.26526629e+00
 1.26297980e+00
 1.26045851e+00
 1.25776243e+00
 1.25498488e+00
 1.25225008e+00
 1.24970371e+00
 1.24747698e+00
 1.24559246e+00
 1.24395399e+00
 1.24234260e+00
 1.24056425e+00
 1.23853813e+00
 1.23626605e+00
 1.23383133e+00
 1.23132063e+00
 1.22880917e+00
 1.22636798e+00
 1.22406029e+00
 1.22194213e+00
 1.22004996e+00
 1.21841115e+00
 1.21705122e+00
 1.21599706e+00
 1.21529843e+00
 1.21504658e+00
 1.27393393e+00
 1.27378679e+00
 1.27334568e+00
 1.27260185e+00
 1.27153948e+00
 1.27014438e+00
 1.26841341e+00
 1.26636846e+00
 1.26404605e+00
 1.26148319e+00
 1.25874032e+00
 1.25591441e+00
 1.25313598e+00
 1.25056040e+00
 1.24833431e+00
 1.24648026e+00
 1.24489715e+00
 1.24333970e+00
 1.24159549e+00
 1.23958310e+00
 1.23730394e+00
 1.23485379e+00
 1.23232454e+00
 1.22979319e+00
 1.22733351e+00
 1.22501068e+00
 1.22288625e+00
 1.22099855e+00
 1.21937883e+00
 1.21806096e+00
 1.21707619e+00
 1.21645402e+00
 1.21623452e+00
 1.27431600e+00
 1.27417238e+00
 1.27373665e+00
 1.27299573e+00
 1.27193254e+00
 1.27053256e+00
 1.26879271e+00
 1.26673662e+00
 1.26440203e+00
 1.26182501e+00
 1.25906607e+00
 1.25622348e+00
 1.25342994e+00
 1.25084408e+00
 1.24861839e+00
 1.24677515e+00
 1.24521191e+00
 1.24367363e+00
 1.24194134e+00
 1.23993380e+00
 1.23765199e+00
 1.23519649e+00
 1.23266093e+00
 1.23012281e+00
 1.22765687e+00
 1.22532884e+00
 1.22320245e+00
 1.22131659e+00
 1.21970373e+00
 1.21840117e+00
 1.21744305e+00
 1.21685652e+00
 1.21665900e+00
