 1.87598900e+00
 1.87697000e+00
 1.87947957e+00
 1.88245014e+00
 1.88484928e+00
 1.88670024e+00
 1.88969435e+00
 1.89237219e+00
 1.89476155e+00
 1.90098264e+00
 1.89871487e+00
 1.90689133e+00
 1.90872662e+00
 1.90599252e+00
 1.91482377e+00
 1.91787635e+00
 1.91292978e+00
 1.91847630e+00
 1.90620135e+00
 1.91485320e+00
 1.90591912e+00
 1.90932317e+00
 1.90079643e+00
 1.89798451e+00
 1.89658939e+00
 1.89281938e+00
 1.89089766e+00
 1.89102712e+00
 1.89006349e+00
 1.88721858e+00
 1.88341805e+00
 1.88023545e+00
 1.87900400e+00
 1.87683735e+00
 1.87763156e+00
 1.87991465e+00
 1.88270076e+00
 1.88513432e+00
 1.88710725e+00
 1.89007173e+00
 1.89275728e+00
 1.89537264e+00
 1.90108897e+00
 1.89960425e+00
 1.90714224e+00
 1.90909962e+00
 1.90689442e+00
 1.91514863e+00
 1.91805816e+00
 1.91375927e+00
 1.91839175e+00
 1.90744162e+00
 1.91475823e+00
 1.90685347e+00
 1.90934280e+00
 1.90152969e+00
 1.89851967e+00
 1.89697565e+00
 1.89333585e+00
 1.89140336e+00
 1.89120452e+00
 1.89003861e+00
 1.88711356e+00
 1.88343556e+00
 1.88037197e+00
 1.87925556e+00
 1.87925324e+00
 1.87974623e+00
 1.88135533e+00
 1.88363164e+00
 1.88603384e+00
 1.88827117e+00
 1.89118274e+00
 1.89395205e+00
 1.89700528e+00
 1.90168021e+00
 1.90194161e+00
 1.90803797e+00
 1.91026386e+00
 1.90936999e+00
 1.91617249e+00
 1.91875628e+00
 1.91594473e+00
 1.91853243e+00
 1.91063202e+00
 1.91490387e+00
 1.90925650e+00
 1.90972908e+00
 1.90349612e+00
 1.90011428e+00
 1.89815989e+00
 1.89482030e+00
 1.89278665e+00
 1.89181491e+00
 1.89012947e+00
 1.88710176e+00
 1.88372896e+00
 1.88109835e+00
 1.88019687e+00
 1.88277659e+00
 1.88302115e+00
 1.88391578e+00
 1.88550544e+00
 1.88765500e+00
 1.89008155e+00
 1.89298813e+00
 1.89595698e+00
 1.89932224e+00
 1.90320056e+00
 1.90509562e+00
 1.90981985e+00
 1.91231099e+00
 1.91289187e+00
 1.91800551e+00
 1.92024982e+00
 1.91890862e+00
 1.91961704e+00
 1.91473679e+00
 1.91605476e+00
 1.91239835e+00
 1.91104889e+00
 1.90626775e+00
 1.90266892e+00
 1.90018387e+00
 1.89709620e+00
 1.89480775e+00
 1.89301384e+00
 1.89078605e+00
 1.88786590e+00
 1.88502309e+00
 1.88296786e+00
 1.88224987e+00
 1.88640956e+00
 1.88649067e+00
 1.88691255e+00
 1.88799554e+00
 1.88989421e+00
 1.89242051e+00
 1.89541948e+00
 1.89863940e+00
 1.90216536e+00
 1.90575990e+00
 1.90866637e+00
 1.91255644e+00
 1.91526597e+00
 1.91696968e+00
 1.92071358e+00
 1.92267171e+00
 1.92230205e+00
 1.92197499e+00
 1.91908162e+00
 1.91852455e+00
 1.91589410e+00
 1.91351288e+00
 1.90958893e+00
 1.90596617e+00
 1.90300951e+00
 1.89996029e+00
 1.89732450e+00
 1.89491259e+00
 1.89238363e+00
 1.88978364e+00
 1.88758576e+00
 1.88615379e+00
 1.88567573e+00
 1.88830463e+00
 1.88840622e+00
 1.88894336e+00
 1.89025038e+00
 1.89237924e+00
 1.89514608e+00
 1.89835323e+00
 1.90182641e+00
 1.90549505e+00
 1.90914270e+00
 1.91255400e+00
 1.91611326e+00
 1.91900998e+00
 1.92134536e+00
 1.92423073e+00
 1.92595462e+00
 1.92607537e+00
 1.92543251e+00
 1.92352746e+00
 1.92209056e+00
 1.91973714e+00
 1.91693560e+00
 1.91337331e+00
 1.90977256e+00
 1.90647137e+00
 1.90326117e+00
 1.90027986e+00
 1.89749245e+00
 1.89490335e+00
 1.89270605e+00
 1.89114283e+00
 1.89025420e+00
 1.88997174e+00
 1.88674029e+00
 1.88751054e+00
 1.88948097e+00
 1.89205993e+00
 1.89495825e+00
 1.89815437e+00
 1.90165047e+00
 1.90537862e+00
 1.90923573e+00
 1.91306384e+00
 1.91674364e+00
 1.92026511e+00
 1.92332262e+00
 1.92593667e+00
 1.92837705e+00
 1.92992233e+00
 1.93025221e+00
 1.92962804e+00
 1.92813572e+00
 1.92636127e+00
 1.92397063e+00
 1.92100942e+00
 1.91754088e+00
 1.91390689e+00
 1.91034569e+00
 1.90687904e+00
 1.90358440e+00
 1.90053151e+00
 1.89784000e+00
 1.89569250e+00
 1.89425565e+00
 1.89353546e+00
 1.89334163e+00
 1.89176350e+00
 1.89216774e+00
 1.89339732e+00
 1.89543733e+00
 1.89818629e+00
 1.90149586e+00
 1.90521133e+00
 1.90918069e+00
 1.91325697e+00
 1.91729396e+00
 1.92116902e+00
 1.92477869e+00
 1.92796926e+00
 1.93069313e+00
 1.93293281e+00
 1.93436212e+00
 1.93477544e+00
 1.93424376e+00
 1.93291240e+00
 1.93101326e+00
 1.92851967e+00
 1.92546151e+00
 1.92195955e+00
 1.91822343e+00
 1.91442996e+00
 1.91068143e+00
 1.90708522e+00
 1.90376468e+00
 1.90084043e+00
 1.89837133e+00
 1.89635899e+00
 1.89491822e+00
 1.89437034e+00
 1.89590912e+00
 1.89615487e+00
 1.89704413e+00
 1.89882463e+00
 1.90153333e+00
 1.90498046e+00
 1.90891387e+00
 1.91311704e+00
 1.91741470e+00
 1.92165535e+00
 1.92570527e+00
 1.92944131e+00
 1.93274258e+00
 1.93552136e+00
 1.93768380e+00
 1.93905243e+00
 1.93950010e+00
 1.93903889e+00
 1.93776760e+00
 1.93580912e+00
 1.93321967e+00
 1.93006622e+00
 1.92646936e+00
 1.92258612e+00
 1.91856424e+00
 1.91452976e+00
 1.91061578e+00
 1.90698528e+00
 1.90384275e+00
 1.90142076e+00
 1.89989233e+00
 1.89919861e+00
 1.89903240e+00
 1.89536634e+00
 1.89614078e+00
 1.89822181e+00
 1.90114366e+00
 1.90459646e+00
 1.90846258e+00
 1.91266305e+00
 1.91708161e+00
 1.92157497e+00
 1.92599541e+00
 1.93020222e+00
 1.93406423e+00
 1.93746063e+00
 1.94028468e+00
 1.94242929e+00
 1.94377511e+00
 1.94423824e+00
 1.94381260e+00
 1.94255652e+00
 1.94055332e+00
 1.93788029e+00
 1.93462651e+00
 1.93090939e+00
 1.92686476e+00
 1.92262747e+00
 1.91832485e+00
 1.91408380e+00
 1.91003689e+00
 1.90632062e+00
 1.90306960e+00
 1.90043531e+00
 1.89864747e+00
 1.89800122e+00
 1.90148411e+00
 1.90185650e+00
 1.90307348e+00
 1.90526423e+00
 1.90836875e+00
 1.91217274e+00
 1.91644358e+00
 1.92098206e+00
 1.92561254e+00
 1.93017173e+00
 1.93450717e+00
 1.93847810e+00
 1.94195625e+00
 1.94482579e+00
 1.94698006e+00
 1.94832398e+00
 1.94879443e+00
 1.94837946e+00
 1.94711524e+00
 1.94506763e+00
 1.94231815e+00
 1.93896530e+00
 1.93512732e+00
 1.93093583e+00
 1.92652586e+00
 1.92203000e+00
 1.91757692e+00
 1.91329313e+00
 1.90931429e+00
 1.90581459e+00
 1.90303270e+00
 1.90123421e+00
 1.90061301e+00
 1.90423795e+00
 1.90480933e+00
 1.90642013e+00
 1.90887754e+00
 1.91204751e+00
 1.91583391e+00
 1.92010508e+00
 1.92468703e+00
 1.92939299e+00
 1.93404341e+00
 1.93847222e+00
 1.94252769e+00
 1.94607275e+00
 1.94898544e+00
 1.95115986e+00
 1.95251082e+00
 1.95298405e+00
 1.95256536e+00
 1.95128039e+00
 1.94918663e+00
 1.94636596e+00
 1.94292187e+00
 1.93897752e+00
 1.93467136e+00
 1.93015193e+00
 1.92557488e+00
 1.92110310e+00
 1.91690934e+00
 1.91317731e+00
 1.91008912e+00
 1.90779371e+00
 1.90638427e+00
 1.90590900e+00
 1.90872007e+00
 1.90909929e+00
 1.91030410e+00
 1.91242593e+00
 1.91543102e+00
 1.91916467e+00
 1.92342958e+00
 1.92802773e+00
 1.93276817e+00
 1.93746825e+00
 1.94195540e+00
 1.94606938e+00
 1.94966484e+00
 1.95261398e+00
 1.95480956e+00
 1.95616935e+00
 1.95664207e+00
 1.95621223e+00
 1.95490055e+00
 1.95276060e+00
 1.94987448e+00
 1.94634979e+00
 1.94231692e+00
 1.93792583e+00
 1.93334293e+00
 1.92874866e+00
 1.92433455e+00
 1.92029471e+00
 1.91680694e+00
 1.91400920e+00
 1.91198704e+00
 1.91077578e+00
 1.91037441e+00
 1.91004317e+00
 1.91064220e+00
 1.91233084e+00
 1.91489096e+00
 1.91814673e+00
 1.92197733e+00
 1.92626133e+00
 1.93085417e+00
 1.93559357e+00
 1.94030777e+00
 1.94482313e+00
 1.94897242e+00
 1.95260228e+00
 1.95557879e+00
 1.95779173e+00
 1.95915854e+00
 1.95962816e+00
 1.95918390e+00
 1.95784402e+00
 1.95566016e+00
 1.95271488e+00
 1.94911916e+00
 1.94500989e+00
 1.94054668e+00
 1.93590749e+00
 1.93128259e+00
 1.92686706e+00
 1.92285188e+00
 1.91941086e+00
 1.91667797e+00
 1.91472345e+00
 1.91355824e+00
 1.91317150e+00
 1.91376862e+00
 1.91418299e+00
 1.91547006e+00
 1.91766598e+00
 1.92068536e+00
 1.92436111e+00
 1.92852848e+00
 1.93303802e+00
 1.93773111e+00
 1.94243143e+00
 1.94695488e+00
 1.95112342e+00
 1.95477506e+00
 1.95777004e+00
 1.95999490e+00
 1.96136561e+00
 1.96183030e+00
 1.96137110e+00
 1.96000467e+00
 1.95778139e+00
 1.95478372e+00
 1.95112428e+00
 1.94694350e+00
 1.94240619e+00
 1.93769546e+00
 1.93300165e+00
 1.92850529e+00
 1.92436011e+00
 1.92069177e+00
 1.91762220e+00
 1.91529275e+00
 1.91384054e+00
 1.91334885e+00
 1.91587225e+00
 1.91640003e+00
 1.91785068e+00
 1.91999427e+00
 1.92273312e+00
 1.92607971e+00
 1.93000726e+00
 1.93438894e+00
 1.93903132e+00
 1.94372125e+00
 1.94825208e+00
 1.95243423e+00
 1.95609984e+00
 1.95910594e+00
 1.96133723e+00
 1.96270866e+00
 1.96316755e+00
 1.96269499e+00
 1.96130634e+00
 1.95905057e+00
 1.95600899e+00
 1.95229328e+00
 1.94804334e+00
 1.94342448e+00
 1.93862355e+00
 1.93384276e+00
 1.92928824e+00
 1.92514863e+00
 1.92156340e+00
 1.91860462e+00
 1.91631882e+00
 1.91481832e+00
 1.91428557e+00
 1.92002198e+00
 1.91997151e+00
 1.92012493e+00
 1.92106964e+00
 1.92314170e+00
 1.92628139e+00
 1.93022172e+00
 1.93467072e+00
 1.93937174e+00
 1.94410071e+00
 1.94865548e+00
 1.95285215e+00
 1.95652642e+00
 1.95953707e+00
 1.96176948e+00
 1.96313875e+00
 1.96359192e+00
 1.96310940e+00
 1.96170536e+00
 1.95942722e+00
 1.95635407e+00
 1.95259445e+00
 1.94828343e+00
 1.94357954e+00
 1.93866210e+00
 1.93373063e+00
 1.92900873e+00
 1.92475246e+00
 1.92124807e+00
 1.91875472e+00
 1.91735592e+00
 1.91681956e+00
 1.91671567e+00
 1.90830228e+00
 1.90936716e+00
 1.91218345e+00
 1.91597716e+00
 1.92017470e+00
 1.92457845e+00
 1.92917377e+00
 1.93393829e+00
 1.93878551e+00
 1.94357965e+00
 1.94816131e+00
 1.95236681e+00
 1.95604149e+00
 1.95904881e+00
 1.96127654e+00
 1.96264089e+00
 1.96308921e+00
 1.96260157e+00
 1.96119126e+00
 1.95890426e+00
 1.95581747e+00
 1.95203572e+00
 1.94768773e+00
 1.94292107e+00
 1.93789585e+00
 1.93277605e+00
 1.92771618e+00
 1.92284194e+00
 1.91823806e+00
 1.91398869e+00
 1.91031168e+00
 1.90768664e+00
 1.90671562e+00
 1.91272475e+00
 1.91302719e+00
 1.91410189e+00
 1.91621336e+00
 1.91937579e+00
 1.92334459e+00
 1.92782247e+00
 1.93257815e+00
 1.93743561e+00
 1.94223412e+00
 1.94681137e+00
 1.95100623e+00
 1.95466735e+00
 1.95766107e+00
 1.95987738e+00
 1.96123392e+00
 1.96167868e+00
 1.96119165e+00
 1.95978561e+00
 1.95750572e+00
 1.95442777e+00
 1.95065476e+00
 1.94631234e+00
 1.94154340e+00
 1.93650224e+00
 1.93135006e+00
 1.92625559e+00
 1.92140839e+00
 1.91704383e+00
 1.91344626e+00
 1.91086969e+00
 1.90939890e+00
 1.90893556e+00
 1.91007102e+00
 1.91070558e+00
 1.91244847e+00
 1.91499318e+00
 1.91814928e+00
 1.92186037e+00
 1.92606768e+00
 1.93063937e+00
 1.93539216e+00
 1.94013030e+00
 1.94466603e+00
 1.94882663e+00
 1.95245765e+00
 1.95542606e+00
 1.95762352e+00
 1.95896921e+00
 1.95941188e+00
 1.95893147e+00
 1.95754034e+00
 1.95528354e+00
 1.95223741e+00
 1.94850606e+00
 1.94421686e+00
 1.93951606e+00
 1.93456543e+00
 1.92954048e+00
 1.92462984e+00
 1.92003172e+00
 1.91593874e+00
 1.91251325e+00
 1.90988601e+00
 1.90819835e+00
 1.90760962e+00
 1.91165173e+00
 1.91183252e+00
 1.91250907e+00
 1.91395107e+00
 1.91632378e+00
 1.91958679e+00
 1.92355479e+00
 1.92798977e+00
 1.93265267e+00
 1.93732219e+00
 1.94179952e+00
 1.94590830e+00
 1.94949412e+00
 1.95242566e+00
 1.95459683e+00
 1.95592871e+00
 1.95637092e+00
 1.95590294e+00
 1.95453613e+00
 1.95231564e+00
 1.94931986e+00
 1.94565639e+00
 1.94145691e+00
 1.93687310e+00
 1.93207437e+00
 1.92724512e+00
 1.92257829e+00
 1.91826282e+00
 1.91447086e+00
 1.91135590e+00
 1.90905310e+00
 1.90765523e+00
 1.90719016e+00
 1.90551965e+00
 1.90593256e+00
 1.90720486e+00
 1.90936280e+00
 1.91233779e+00
 1.91598763e+00
 1.92014629e+00
 1.92463923e+00
 1.92928508e+00
 1.93390176e+00
 1.93831382e+00
 1.94235753e+00
 1.94588503e+00
 1.94876898e+00
 1.95090669e+00
 1.95222212e+00
 1.95266601e+00
 1.95221631e+00
 1.95088142e+00
 1.94870564e+00
 1.94577073e+00
 1.94218988e+00
 1.93809942e+00
 1.93365361e+00
 1.92902287e+00
 1.92439235e+00
 1.91995812e+00
 1.91591826e+00
 1.91245331e+00
 1.90969412e+00
 1.90770079e+00
 1.90648997e+00
 1.90608140e+00
 1.89740853e+00
 1.89833050e+00
 1.90076748e+00
 1.90408461e+00
 1.90785835e+00
 1.91194830e+00
 1.91630479e+00
 1.92084944e+00
 1.92546443e+00
 1.93001083e+00
 1.93434085e+00
 1.93830535e+00
 1.94176275e+00
 1.94458925e+00
 1.94668657e+00
 1.94798331e+00
 1.94843209e+00
 1.94800787e+00
 1.94671130e+00
 1.94458270e+00
 1.94170938e+00
 1.93821396e+00
 1.93423793e+00
 1.92993367e+00
 1.92546355e+00
 1.92099873e+00
 1.91671429e+00
 1.91278377e+00
 1.90937688e+00
 1.90665432e+00
 1.90473607e+00
 1.90364283e+00
 1.90329688e+00
 1.90004945e+00
 1.90006893e+00
 1.90050935e+00
 1.90199902e+00
 1.90470088e+00
 1.90831963e+00
 1.91247359e+00
 1.91688647e+00
 1.92137759e+00
 1.92580504e+00
 1.93002875e+00
 1.93390150e+00
 1.93727996e+00
 1.94004017e+00
 1.94208982e+00
 1.94336573e+00
 1.94382398e+00
 1.94343652e+00
 1.94218575e+00
 1.94009999e+00
 1.93727773e+00
 1.93385970e+00
 1.92999552e+00
 1.92583185e+00
 1.92151754e+00
 1.91720598e+00
 1.91304577e+00
 1.90916611e+00
 1.90566590e+00
 1.90262451e+00
 1.90015731e+00
 1.89848317e+00
 1.89787981e+00
 1.89062115e+00
 1.89160621e+00
 1.89411630e+00
 1.89735214e+00
 1.90088341e+00
 1.90465318e+00
 1.90866725e+00
 1.91286796e+00
 1.91715896e+00
 1.92142678e+00
 1.92553105e+00
 1.92930904e+00
 1.93260585e+00
 1.93529167e+00
 1.93728434e+00
 1.93853774e+00
 1.93900906e+00
 1.93867879e+00
 1.93748701e+00
 1.93543085e+00
 1.93263542e+00
 1.92927646e+00
 1.92551817e+00
 1.92149572e+00
 1.91733917e+00
 1.91319279e+00
 1.90920515e+00
 1.90552062e+00
 1.90228235e+00
 1.89963002e+00
 1.89768255e+00
 1.89650927e+00
 1.89612086e+00
 1.89227090e+00
 1.89255776e+00
 1.89356123e+00
 1.89544446e+00
 1.89812051e+00
 1.90136952e+00
 1.90499940e+00
 1.90887596e+00
 1.91291058e+00
 1.91700869e+00
 1.92100770e+00
 1.92470115e+00
 1.92792217e+00
 1.93052567e+00
 1.93244484e+00
 1.93368107e+00
 1.93415586e+00
 1.93392260e+00
 1.93281598e+00
 1.93076147e+00
 1.92795283e+00
 1.92462399e+00
 1.92096656e+00
 1.91709083e+00
 1.91308950e+00
 1.90910621e+00
 1.90529859e+00
 1.90181580e+00
 1.89882216e+00
 1.89648443e+00
 1.89490918e+00
 1.89406279e+00
 1.89380670e+00
 1.89124267e+00
 1.89145615e+00
 1.89214638e+00
 1.89346209e+00
 1.89552878e+00
 1.89827030e+00
 1.90147198e+00
 1.90496865e+00
 1.90872324e+00
 1.91268758e+00
 1.91663206e+00
 1.92025576e+00
 1.92341610e+00
 1.92593483e+00
 1.92773673e+00
 1.92900020e+00
 1.92941435e+00
 1.92936268e+00
 1.92838618e+00
 1.92627887e+00
 1.92340490e+00
 1.92006505e+00
 1.91650879e+00
 1.91280016e+00
 1.90893820e+00
 1.90509149e+00
 1.90144422e+00
 1.89808537e+00
 1.89511478e+00
 1.89260351e+00
 1.89061330e+00
 1.88929153e+00
 1.88882475e+00
 1.88796686e+00
 1.88821329e+00
 1.88901805e+00
 1.89049032e+00
 1.89264294e+00
 1.89526515e+00
 1.89813712e+00
 1.90122615e+00
 1.90469120e+00
 1.90861784e+00
 1.91259365e+00
 1.91614628e+00
 1.91926293e+00
 1.92173294e+00
 1.92328140e+00
 1.92475262e+00
 1.92488304e+00
 1.92520502e+00
 1.92440787e+00
 1.92215480e+00
 1.91916830e+00
 1.91576166e+00
 1.91231045e+00
 1.90882719e+00
 1.90506289e+00
 1.90129332e+00
 1.89783719e+00
 1.89460794e+00
 1.89172685e+00
 1.88937264e+00
 1.88754682e+00
 1.88625098e+00
 1.88575183e+00
 1.88409514e+00
 1.88440546e+00
 1.88547468e+00
 1.88743601e+00
 1.89005486e+00
 1.89268067e+00
 1.89515758e+00
 1.89778099e+00
 1.90091315e+00
 1.90498351e+00
 1.90908091e+00
 1.91253924e+00
 1.91559197e+00
 1.91817966e+00
 1.91910957e+00
 1.92128454e+00
 1.92057690e+00
 1.92168288e+00
 1.92105081e+00
 1.91853672e+00
 1.91541819e+00
 1.91188038e+00
 1.90852003e+00
 1.90539244e+00
 1.90164127e+00
 1.89780972e+00
 1.89468695e+00
 1.89158168e+00
 1.88865179e+00
 1.88653247e+00
 1.88562039e+00
 1.88558181e+00
 1.88569828e+00
 1.87932267e+00
 1.87988758e+00
 1.88181242e+00
 1.88496180e+00
 1.88838245e+00
 1.89081075e+00
 1.89264093e+00
 1.89483593e+00
 1.89749017e+00
 1.90200484e+00
 1.90623323e+00
 1.90960794e+00
 1.91245895e+00
 1.91557049e+00
 1.91517991e+00
 1.91898035e+00
 1.91646946e+00
 1.91904652e+00
 1.91839591e+00
 1.91555875e+00
 1.91231385e+00
 1.90860486e+00
 1.90526341e+00
 1.90270224e+00
 1.89884736e+00
 1.89467746e+00
 1.89222057e+00
 1.88923142e+00
 1.88588478e+00
 1.88307684e+00
 1.88177220e+00
 1.88186877e+00
 1.88215661e+00
 1.87441919e+00
 1.87551719e+00
 1.87898800e+00
 1.88377255e+00
 1.88788068e+00
 1.88969315e+00
 1.89060221e+00
 1.89265974e+00
 1.89457194e+00
 1.89989503e+00
 1.90410939e+00
 1.90751837e+00
 1.90990638e+00
 1.91408581e+00
 1.91158668e+00
 1.91800354e+00
 1.91270543e+00
 1.91744649e+00
 1.91644050e+00
 1.91335253e+00
 1.90998088e+00
 1.90612862e+00
 1.90267671e+00
 1.90087386e+00
 1.89683204e+00
 1.89196663e+00
 1.89061484e+00
 1.88770009e+00
 1.88388129e+00
 1.87977105e+00
 1.87657592e+00
 1.87520927e+00
 1.87505994e+00
 1.87071299e+00
 1.87251825e+00
 1.87764963e+00
 1.88375795e+00
 1.88809548e+00
 1.88916527e+00
 1.88914960e+00
 1.89142537e+00
 1.89248012e+00
 1.89872681e+00
 1.90275472e+00
 1.90633365e+00
 1.90812486e+00
 1.91354612e+00
 1.90885056e+00
 1.91797192e+00
 1.90985690e+00
 1.91675103e+00
 1.91519833e+00
 1.91201489e+00
 1.90851964e+00
 1.90460276e+00
 1.90096134e+00
 1.89987161e+00
 1.89566146e+00
 1.88997520e+00
 1.88984561e+00
 1.88688449e+00
 1.88286643e+00
 1.87779599e+00
 1.87272948e+00
 1.86923699e+00
 1.86816178e+00
 1.86933300e+00
 1.87160977e+00
 1.87738468e+00
 1.88395161e+00
 1.88827716e+00
 1.88902171e+00
 1.88859740e+00
 1.89105066e+00
 1.89169661e+00
 1.89837285e+00
 1.90227866e+00
 1.90596454e+00
 1.90746588e+00
 1.91346018e+00
 1.90779630e+00
 1.91810239e+00
 1.90876580e+00
 1.91658992e+00
 1.91476278e+00
 1.91157116e+00
 1.90801885e+00
 1.90409127e+00
 1.90035230e+00
 1.89956203e+00
 1.89528769e+00
 1.88921737e+00
 1.88964891e+00
 1.88662659e+00
 1.88258838e+00
 1.87720110e+00
 1.87143934e+00
 1.86700247e+00
 1.86533800e+00
