 1.10000000e+00
 1.09805646e+00
 1.09224714e+00
 1.08266596e+00
 1.06956512e+00
 1.05348501e+00
 1.03542080e+00
 1.01671461e+00
 9.92145046e-01
 9.65358330e-01
 9.37290754e-01
 9.08209182e-01
 8.75413347e-01
 8.48016362e-01
 8.11280700e-01
 7.73687884e-01
 7.53106991e-01
 7.16998447e-01
 6.92928212e-01
 6.65005472e-01
 6.44520163e-01
 6.30176633e-01
 5.99999298e-01
 5.93882359e-01
 5.79260817e-01
 5.61981372e-01
 5.51724335e-01
 5.49151089e-01
 5.43487977e-01
 5.38493082e-01
 5.35796811e-01
 5.34886984e-01
 5.34739000e-01
 1.10000000e+00
 1.09805061e+00
 1.09225403e+00
 1.08267152e+00
 1.06957886e+00
 1.05346664e+00
 1.03532806e+00
 1.01619056e+00
 9.91674581e-01
 9.64800778e-01
 9.36614232e-01
 9.07284646e-01
 8.74636405e-01
 8.46608378e-01
 8.10054427e-01
 7.72937484e-01
 7.51142851e-01
 7.15785290e-01
 6.91099695e-01
 6.63429555e-01
 6.42762236e-01
 6.27530657e-01
 5.98791078e-01
 5.91294493e-01
 5.76862347e-01
 5.60055632e-01
 5.49907714e-01
 5.46568819e-01
 5.41071829e-01
 5.36246190e-01
 5.33654913e-01
 5.32719730e-01
 5.32620138e-01
 1.10000000e+00
 1.09805344e+00
 1.09225664e+00
 1.08267522e+00
 1.06956956e+00
 1.05336442e+00
 1.03493724e+00
 1.01477100e+00
 9.90252595e-01
 9.63138616e-01
 9.34573467e-01
 9.04609010e-01
 8.72189520e-01
 8.42574424e-01
 8.06452895e-01
 7.70392212e-01
 7.45635690e-01
 7.11938657e-01
 6.85796656e-01
 6.58649820e-01
 6.37403924e-01
 6.20110967e-01
 5.94603254e-01
 5.83952103e-01
 5.69803681e-01
 5.54200718e-01
 5.44189515e-01
 5.39206370e-01
 5.33913006e-01
 5.29500356e-01
 5.27092058e-01
 5.26117197e-01
 5.25916531e-01
 1.10000000e+00
 1.09805163e+00
 1.09223230e+00
 1.08262190e+00
 1.06943257e+00
 1.05303658e+00
 1.03406693e+00
 1.01272829e+00
 9.87904101e-01
 9.60390275e-01
 9.31178534e-01
 9.00379378e-01
 8.67875603e-01
 8.36351519e-01
 8.00637207e-01
 7.65477053e-01
 7.37382674e-01
 7.05103596e-01
 6.77398960e-01
 6.50575439e-01
 6.28369675e-01
 6.08945523e-01
 5.86435472e-01
 5.72661987e-01
 5.58493148e-01
 5.44235609e-01
 5.34177321e-01
 5.27678084e-01
 5.22230323e-01
 5.17995640e-01
 5.15435201e-01
 5.14211653e-01
 5.13885961e-01
 1.10000000e+00
 1.09803333e+00
 1.09215429e+00
 1.08244082e+00
 1.06906467e+00
 1.05232831e+00
 1.03265021e+00
 1.01021107e+00
 9.84729129e-01
 9.56591229e-01
 9.26508990e-01
 8.94753835e-01
 8.61662024e-01
 8.28369805e-01
 7.92752918e-01
 7.57862712e-01
 7.26992173e-01
 6.95200467e-01
 6.66216638e-01
 6.39218646e-01
 6.15824752e-01
 5.94767420e-01
 5.73896917e-01
 5.57979300e-01
 5.43464948e-01
 5.30110481e-01
 5.19859814e-01
 5.12319924e-01
 5.06392497e-01
 5.01847763e-01
 4.98706357e-01
 4.96859859e-01
 4.96249069e-01
 1.10000000e+00
 1.09799532e+00
 1.09200154e+00
 1.08209017e+00
 1.06840404e+00
 1.05117920e+00
 1.03071692e+00
 1.00724270e+00
 9.80846501e-01
 9.51828165e-01
 9.20697424e-01
 8.87846083e-01
 8.53737229e-01
 8.18915505e-01
 7.82936435e-01
 7.47648303e-01
 7.14706274e-01
 6.82502097e-01
 6.52445087e-01
 6.24784250e-01
 6.00144817e-01
 5.77876297e-01
 5.57371510e-01
 5.40176166e-01
 5.25170954e-01
 5.12111690e-01
 5.01598307e-01
 4.93373444e-01
 4.86869852e-01
 4.81754657e-01
 4.77898307e-01
 4.75386209e-01
 4.74495066e-01
 1.10000000e+00
 1.09793788e+00
 1.09177206e+00
 1.08156963e+00
 1.06745577e+00
 1.04962508e+00
 1.02832871e+00
 1.00382456e+00
 9.76353958e-01
 9.46235807e-01
 9.13900564e-01
 8.79793390e-01
 8.44399516e-01
 8.08167017e-01
 7.71378123e-01
 7.35200594e-01
 7.00617482e-01
 6.67437526e-01
 6.36297319e-01
 6.07643635e-01
 5.81774247e-01
 5.58459315e-01
 5.37571598e-01
 5.19519703e-01
 5.03983072e-01
 4.90787953e-01
 4.79974905e-01
 4.71315503e-01
 4.64471220e-01
 4.59212025e-01
 4.55452958e-01
 4.53194046e-01
 4.52442019e-01
 1.10000000e+00
 1.09786445e+00
 1.09147883e+00
 1.08090900e+00
 1.06627243e+00
 1.04774530e+00
 1.02556042e+00
 9.99991635e-01
 9.71342715e-01
 9.39968576e-01
 9.06292832e-01
 8.70786083e-01
 8.33952558e-01
 7.96292803e-01
 7.58346174e-01
 7.20962817e-01
 6.84887359e-01
 6.50444071e-01
 6.18096726e-01
 5.88261530e-01
 5.61171747e-01
 5.36819742e-01
 5.15205573e-01
 4.96411902e-01
 4.80317604e-01
 4.66776724e-01
 4.55652570e-01
 4.46722610e-01
 4.39734667e-01
 4.34486871e-01
 4.30846856e-01
 4.28721226e-01
 4.28026229e-01
 1.10000000e+00
 1.09777955e+00
 1.09113991e+00
 1.08014786e+00
 1.06491979e+00
 1.04562709e+00
 1.02249872e+00
 9.95818156e-01
 9.65918899e-01
 9.33187093e-01
 8.98066272e-01
 8.61051717e-01
 8.22678554e-01
 7.83510059e-01
 7.44167614e-01
 7.05376767e-01
 6.67806272e-01
 6.31952782e-01
 5.98271647e-01
 5.67148703e-01
 5.38826213e-01
 5.13401414e-01
 4.90915484e-01
 4.71373212e-01
 4.54687937e-01
 4.40716016e-01
 4.29276910e-01
 4.20155606e-01
 4.13130994e-01
 4.07987217e-01
 4.04500838e-01
 4.02473872e-01
 4.01804540e-01
 1.10000000e+00
 1.09768741e+00
 1.09077215e+00
 1.07932309e+00
 1.06345895e+00
 1.04335307e+00
 1.01923766e+00
 9.91405364e-01
 9.60208654e-01
 9.26059021e-01
 8.89426194e-01
 8.50834023e-01
 8.10852492e-01
 7.70091214e-01
 7.29203586e-01
 6.88877269e-01
 6.49762711e-01
 6.12416619e-01
 5.77315613e-01
 5.44845095e-01
 5.15270301e-01
 4.88739612e-01
 4.65316443e-01
 4.44991509e-01
 4.27678708e-01
 4.13227615e-01
 4.01437592e-01
 3.92069580e-01
 3.84867522e-01
 3.79596955e-01
 3.76071552e-01
 3.74107912e-01
 3.73490846e-01
 1.10000000e+00
 1.09759160e+00
 1.09038984e+00
 1.07846614e+00
 1.06194310e+00
 1.04099911e+00
 1.01587310e+00
 9.86868054e-01
 9.54352465e-01
 9.18759678e-01
 8.80585446e-01
 8.40383010e-01
 7.98755486e-01
 7.56347102e-01
 7.13833387e-01
 6.71899867e-01
 6.31200440e-01
 5.92319610e-01
 5.55756594e-01
 5.21911737e-01
 4.91073265e-01
 4.63418506e-01
 4.39026535e-01
 4.17887925e-01
 3.99911902e-01
 3.84938895e-01
 3.72757838e-01
 3.63121965e-01
 3.55749191e-01
 3.50310095e-01
 3.46478588e-01
 3.44101516e-01
 3.43275294e-01
 1.10000000e+00
 1.09749522e+00
 1.09000521e+00
 1.07760416e+00
 1.06041917e+00
 1.03863491e+00
 1.01249866e+00
 9.82324697e-01
 9.48496810e-01
 9.11468330e-01
 8.71759323e-01
 8.29950801e-01
 7.86675819e-01
 7.42607546e-01
 6.98443241e-01
 6.54880689e-01
 6.12586506e-01
 5.72165185e-01
 5.34136599e-01
 4.98919909e-01
 4.66823477e-01
 4.38043777e-01
 4.12671325e-01
 3.90698602e-01
 3.72028763e-01
 3.56487110e-01
 3.43839003e-01
 3.33823631e-01
 3.26212397e-01
 3.20855112e-01
 3.17597196e-01
 3.16060081e-01
 3.15652517e-01
 1.10000000e+00
 1.09740096e+00
 1.08962909e+00
 1.07676131e+00
 1.05892939e+00
 1.03632462e+00
 1.00920320e+00
 9.77890975e-01
 9.42786650e-01
 9.04362204e-01
 8.63160063e-01
 8.19786589e-01
 7.74901734e-01
 7.29204681e-01
 6.83414939e-01
 6.38248153e-01
 5.94387749e-01
 5.52456686e-01
 5.12993753e-01
 4.76436084e-01
 4.43108692e-01
 4.13221657e-01
 3.86873740e-01
 3.64059970e-01
 3.44681255e-01
 3.28554268e-01
 3.15418095e-01
 3.04930794e-01
 2.96658361e-01
 2.90117208e-01
 2.84994602e-01
 2.81476752e-01
 2.80183199e-01
 1.10000000e+00
 1.09731125e+00
 1.08927112e+00
 1.07595919e+00
 1.05751172e+00
 1.03412657e+00
 1.00606869e+00
 9.73675285e-01
 9.37359259e-01
 8.97609934e-01
 8.54990118e-01
 8.10129019e-01
 7.63710741e-01
 7.16458274e-01
 6.69113009e-01
 6.22410106e-01
 5.77051163e-01
 5.33676992e-01
 4.92843654e-01
 4.55004008e-01
 4.20496164e-01
 3.89539436e-01
 3.62237379e-01
 3.38586793e-01
 3.18491356e-01
 3.01779360e-01
 2.88229112e-01
 2.77612953e-01
 2.69759937e-01
 2.64564396e-01
 2.61797983e-01
 2.60808069e-01
 2.60640452e-01
 1.10000000e+00
 1.09722821e+00
 1.08893979e+00
 1.07521676e+00
 1.05619961e+00
 1.03209234e+00
 1.00316819e+00
 9.69775004e-01
 9.32338886e-01
 8.91365002e-01
 8.47434513e-01
 8.01196985e-01
 7.53358005e-01
 7.04662060e-01
 6.55871044e-01
 6.07739194e-01
 5.60985960e-01
 5.16269030e-01
 4.74160041e-01
 4.35125219e-01
 3.99512573e-01
 3.67546600e-01
 3.39330803e-01
 3.14857822e-01
 2.94026130e-01
 2.76659384e-01
 2.62517568e-01
 2.51282348e-01
 2.42518946e-01
 2.35700489e-01
 2.30444950e-01
 2.26875595e-01
 2.25570051e-01
 1.10000000e+00
 1.09715363e+00
 1.08864220e+00
 1.07454993e+00
 1.05502115e+00
 1.03026543e+00
 1.00056354e+00
 9.66273007e-01
 9.27831845e-01
 8.85759403e-01
 8.40653062e-01
 7.93180197e-01
 7.44065103e-01
 6.94071080e-01
 6.43978277e-01
 5.94558291e-01
 5.46547002e-01
 5.00617529e-01
 4.57355498e-01
 4.17238709e-01
 3.80622960e-01
 3.47735188e-01
 3.18674490e-01
 2.93421296e-01
 2.71855221e-01
 2.53783195e-01
 2.38980726e-01
 2.27247014e-01
 2.18454458e-01
 2.12519015e-01
 2.09198096e-01
 2.07838507e-01
 2.07535600e-01
 1.10000000e+00
 1.09708889e+00
 1.08838388e+00
 1.07397111e+00
 1.05399826e+00
 1.02867980e+00
 9.98303161e-01
 9.63234398e-01
 9.23922050e-01
 8.80897854e-01
 8.34773195e-01
 7.86230599e-01
 7.36010068e-01
 6.84890591e-01
 6.33667587e-01
 5.83127390e-01
 5.34020129e-01
 4.87032627e-01
 4.42763213e-01
 4.01700438e-01
 3.64207613e-01
 3.30514473e-01
 3.00716428e-01
 2.74780949e-01
 2.52560132e-01
 2.33808744e-01
 2.18207833e-01
 2.05393799e-01
 1.94994310e-01
 1.86691997e-01
 1.80361792e-01
 1.76228062e-01
 1.74764153e-01
 1.10000000e+00
 1.09703493e+00
 1.08816856e+00
 1.07348867e+00
 1.05314574e+00
 1.02735844e+00
 9.96419927e-01
 9.60703643e-01
 9.20667205e-01
 8.76852953e-01
 8.29884040e-01
 7.80455389e-01
 7.29319456e-01
 6.77267317e-01
 6.25105997e-01
 5.73633181e-01
 5.23610481e-01
 4.75736532e-01
 4.30621454e-01
 3.88764680e-01
 3.50538417e-01
 3.16178614e-01
 2.85784198e-01
 2.59324052e-01
 2.36650084e-01
 2.17514325e-01
 2.01589975e-01
 1.88505159e-01
 1.77912161e-01
 1.69597969e-01
 1.63554057e-01
 1.59888174e-01
 1.58664575e-01
 1.10000000e+00
 1.09699219e+00
 1.08799801e+00
 1.07310655e+00
 1.05247059e+00
 1.02631228e+00
 9.94929630e-01
 9.58702398e-01
 9.18095976e-01
 8.73661661e-01
 8.26032234e-01
 7.75912225e-01
 7.24063040e-01
 6.71283735e-01
 6.18388558e-01
 5.66182381e-01
 5.15434958e-01
 4.66854713e-01
 4.21063008e-01
 3.78570879e-01
 3.39761268e-01
 3.04879695e-01
 2.74035069e-01
 2.47210862e-01
 2.24286319e-01
 2.05067666e-01
 1.89327795e-01
 1.76842334e-01
 1.67388940e-01
 1.60684546e-01
 1.56330335e-01
 1.53900089e-01
 1.53116943e-01
 1.10000000e+00
 1.09696059e+00
 1.08787190e+00
 1.07282404e+00
 1.05197158e+00
 1.02553955e+00
 9.93830036e-01
 9.57228283e-01
 9.16206435e-01
 8.71323431e-01
 8.23219805e-01
 7.72606969e-01
 7.20251523e-01
 6.66955837e-01
 6.13536187e-01
 5.60799537e-01
 5.09519711e-01
 4.60412782e-01
 4.14111317e-01
 3.71139225e-01
 3.31891601e-01
 2.96624203e-01
 2.65455000e-01
 2.38377360e-01
 2.15282309e-01
 1.95985785e-01
 1.80255384e-01
 1.67832869e-01
 1.58455532e-01
 1.51868477e-01
 1.47773437e-01
 1.45711123e-01
 1.45116600e-01
 1.10000000e+00
 1.09693952e+00
 1.08778783e+00
 1.07263575e+00
 1.05163927e+00
 1.02502574e+00
 9.93100866e-01
 9.56254834e-01
 9.14966006e-01
 8.69800201e-01
 8.21404343e-01
 7.70494170e-01
 7.17837410e-01
 6.64234459e-01
 6.10497577e-01
 5.57429511e-01
 5.05802925e-01
 4.56339280e-01
 4.09683434e-01
 3.66374781e-01
 3.26822226e-01
 2.91290619e-01
 2.59901639e-01
 2.32647240e-01
 2.09409791e-01
 1.89981564e-01
 1.74076013e-01
 1.61323621e-01
 1.51259825e-01
 1.43370579e-01
 1.37314787e-01
 1.33251163e-01
 1.31778144e-01
 1.10000000e+00
 1.09692788e+00
 1.08774143e+00
 1.07253193e+00
 1.05145645e+00
 1.02474441e+00
 9.92704879e-01
 9.55732925e-01
 9.14313155e-01
 8.69018391e-01
 8.20501538e-01
 7.69480370e-01
 7.16718969e-01
 6.63009824e-01
 6.09154727e-01
 5.55944286e-01
 5.04142503e-01
 4.54473672e-01
 4.07598466e-01
 3.64077341e-01
 3.24336458e-01
 2.88649114e-01
 2.57135568e-01
 2.29779130e-01
 2.06450118e-01
 1.86930838e-01
 1.70948251e-01
 1.58233346e-01
 1.48607886e-01
 1.42008315e-01
 1.38271246e-01
 1.36755386e-01
 1.36431078e-01
 1.10000000e+00
 1.09692416e+00
 1.08772662e+00
 1.07249894e+00
 1.05139917e+00
 1.02465879e+00
 9.92590366e-01
 9.55594039e-01
 9.14161117e-01
 8.68872876e-01
 8.20390004e-01
 7.69430385e-01
 7.16747170e-01
 6.63118449e-01
 6.09331011e-01
 5.56153270e-01
 5.04327851e-01
 4.54578360e-01
 4.07589920e-01
 3.63954767e-01
 3.24122384e-01
 2.88376000e-01
 2.56829632e-01
 2.29450952e-01
 2.06096679e-01
 1.86538099e-01
 1.70471220e-01
 1.57511397e-01
 1.47181768e-01
 1.38961002e-01
 1.32523626e-01
 1.28115815e-01
 1.26497477e-01
 1.10000000e+00
 1.09692646e+00
 1.08773581e+00
 1.07251993e+00
 1.05143801e+00
 1.02472420e+00
 9.92695278e-01
 9.55756186e-01
 9.14404236e-01
 8.69232495e-01
 8.20917777e-01
 7.70177094e-01
 7.17735797e-01
 6.64350878e-01
 6.10800170e-01
 5.57816020e-01
 5.06094766e-01
 4.56353147e-01
 4.09320734e-01
 3.65639823e-01
 3.25789052e-01
 2.90068470e-01
 2.58580018e-01
 2.31260527e-01
 2.07949571e-01
 1.88427479e-01
 1.72431504e-01
 1.59667915e-01
 1.49836668e-01
 1.42685203e-01
 1.38019785e-01
 1.35552759e-01
 1.34819075e-01
 1.10000000e+00
 1.09693250e+00
 1.08775998e+00
 1.07257486e+00
 1.05153852e+00
 1.02489011e+00
 9.92952781e-01
 9.56133885e-01
 9.14928476e-01
 8.69945790e-01
 8.21908439e-01
 7.71536300e-01
 7.19475779e-01
 6.66457576e-01
 6.13294790e-01
 5.60656141e-01
 5.09142433e-01
 4.59450115e-01
 4.12399541e-01
 3.68712783e-01
 3.28885960e-01
 2.93263050e-01
 2.61928445e-01
 2.34749135e-01
 2.11531963e-01
 1.92062928e-01
 1.76122906e-01
 1.63520592e-01
 1.54088905e-01
 1.47577567e-01
 1.43506441e-01
 1.41283732e-01
 1.40564334e-01
 1.10000000e+00
 1.09693956e+00
 1.08778826e+00
 1.07263972e+00
 1.05165993e+00
 1.02509929e+00
 9.93295820e-01
 9.56654087e-01
 9.15629929e-01
 8.70844538e-01
 8.23162026e-01
 7.73329596e-01
 7.21755809e-01
 6.69148093e-01
 6.16515876e-01
 5.64373906e-01
 5.13151533e-01
 4.63486879e-01
 4.16394963e-01
 3.72735096e-01
 3.32924720e-01
 2.97455614e-01
 2.66393152e-01
 2.39435977e-01
 2.16351999e-01
 1.96916777e-01
 1.80871143e-01
 1.67961980e-01
 1.57956895e-01
 1.50703318e-01
 1.46112768e-01
 1.43869104e-01
 1.43266176e-01
 1.10000000e+00
 1.09694478e+00
 1.08780891e+00
 1.07268796e+00
 1.05175458e+00
 1.02528185e+00
 9.93652825e-01
 9.57277244e-01
 9.16447779e-01
 8.71743036e-01
 8.24444835e-01
 7.75417142e-01
 7.24390899e-01
 6.72076114e-01
 6.20154090e-01
 5.68650268e-01
 5.17802248e-01
 4.68059261e-01
 4.20841150e-01
 3.77302893e-01
 3.37397525e-01
 3.02120635e-01
 2.71507752e-01
 2.44836994e-01
 2.21924818e-01
 2.02567795e-01
 1.86418233e-01
 1.73170135e-01
 1.62402760e-01
 1.53601874e-01
 1.46466654e-01
 1.41388635e-01
 1.39472458e-01
 1.10000000e+00
 1.09694659e+00
 1.08781465e+00
 1.07270199e+00
 1.05178187e+00
 1.02535176e+00
 9.93920318e-01
 9.58013726e-01
 9.17411900e-01
 8.72436046e-01
 8.25475371e-01
 7.77728652e-01
 7.27255047e-01
 6.74809156e-01
 6.23941990e-01
 5.73128509e-01
 5.22788964e-01
 4.72761301e-01
 4.25228770e-01
 3.82122348e-01
 3.41784655e-01
 3.06735156e-01
 2.76869977e-01
 2.50461808e-01
 2.27735599e-01
 2.08584909e-01
 1.92409737e-01
 1.79143046e-01
 1.68555138e-01
 1.60273179e-01
 1.54197951e-01
 1.50487458e-01
 1.49254824e-01
 1.10000000e+00
 1.09694551e+00
 1.08780696e+00
 1.07268924e+00
 1.05175144e+00
 1.02523891e+00
 9.93910123e-01
 9.58915335e-01
 9.18669240e-01
 8.72710980e-01
 8.25953789e-01
 7.80247919e-01
 7.30296112e-01
 6.76821300e-01
 6.27730068e-01
 5.77375106e-01
 5.27821135e-01
 4.77220464e-01
 4.29003161e-01
 3.87064887e-01
 3.45560646e-01
 3.10825992e-01
 2.82175820e-01
 2.55808832e-01
 2.33224174e-01
 2.14544920e-01
 1.98230431e-01
 1.85017731e-01
 1.75039927e-01
 1.67830162e-01
 1.63264046e-01
 1.60943558e-01
 1.60257345e-01
 1.10000000e+00
 1.09693772e+00
 1.08777802e+00
 1.07266147e+00
 1.05175524e+00
 1.02499232e+00
 9.93338752e-01
 9.60026716e-01
 9.20388676e-01
 8.72412762e-01
 8.25703243e-01
 7.82898487e-01
 7.33475160e-01
 6.77625930e-01
 6.31482410e-01
 5.80888940e-01
 5.32587283e-01
 4.81130194e-01
 4.31653539e-01
 3.92079161e-01
 3.48261687e-01
 3.14053464e-01
 2.87167287e-01
 2.60396606e-01
 2.37816767e-01
 2.20131776e-01
 2.03228121e-01
 1.89863902e-01
 1.80488733e-01
 1.73594788e-01
 1.69120372e-01
 1.67084010e-01
 1.66623040e-01
 1.10000000e+00
 1.09690469e+00
 1.08768829e+00
 1.07259611e+00
 1.05187741e+00
 1.02484614e+00
 9.92043123e-01
 9.61289405e-01
 9.22475307e-01
 8.71598972e-01
 8.24875144e-01
 7.85387953e-01
 7.36573459e-01
 6.77145080e-01
 6.35042725e-01
 5.83271559e-01
 5.36673238e-01
 4.84234632e-01
 4.32967517e-01
 3.96864267e-01
 3.49688246e-01
 3.16285984e-01
 2.91467622e-01
 2.63853523e-01
 2.41051160e-01
 2.25039403e-01
 2.06892502e-01
 1.93205599e-01
 1.84706832e-01
 1.77868241e-01
 1.72317439e-01
 1.69074437e-01
 1.68165558e-01
 1.10000000e+00
 1.09683349e+00
 1.08752216e+00
 1.07250644e+00
 1.05204247e+00
 1.02496287e+00
 9.90468370e-01
 9.62407590e-01
 9.24324847e-01
 8.70684134e-01
 8.23979909e-01
 7.87210491e-01
 7.38993516e-01
 6.76058839e-01
 6.37811795e-01
 5.84484415e-01
 5.39515285e-01
 4.86272447e-01
 4.33275881e-01
 4.00550958e-01
 3.50119071e-01
 3.17567510e-01
 2.94478621e-01
 2.65979889e-01
 2.42803928e-01
 2.28645360e-01
 2.08997041e-01
 1.94999823e-01
 1.87484371e-01
 1.80860495e-01
 1.74096369e-01
 1.68997100e-01
 1.67336266e-01
 1.10000000e+00
 1.09678728e+00
 1.08741957e+00
 1.07246751e+00
 1.05211094e+00
 1.02508810e+00
 9.89722649e-01
 9.62874408e-01
 9.25079429e-01
 8.70278210e-01
 8.23597466e-01
 7.87882941e-01
 7.39931543e-01
 6.75503126e-01
 6.38887659e-01
 5.84823486e-01
 5.40545770e-01
 4.86989805e-01
 4.33258507e-01
 4.01969718e-01
 3.50154825e-01
 3.17983498e-01
 2.95573327e-01
 2.66696463e-01
 2.43323784e-01
 2.30013442e-01
 2.09655826e-01
 1.95538510e-01
 1.88481788e-01
 1.82053289e-01
 1.74923371e-01
 1.69015019e-01
 1.66710000e-01
