 1.40194900e+00
 1.40224885e+00
 1.40315161e+00
 1.40466608e+00
 1.40680410e+00
 1.40957658e+00
 1.41298829e+00
 1.41702549e+00
 1.42165313e+00
 1.42681077e+00
 1.43241139e+00
 1.43834897e+00
 1.44452195e+00
 1.45084136e+00
 1.45723484e+00
 1.46359226e+00
 1.46979909e+00
 1.47577922e+00
 1.48152942e+00
 1.48705998e+00
 1.49237390e+00
 1.49745098e+00
 1.50227113e+00
 1.50679253e+00
 1.51096484e+00
 1.51474281e+00
 1.51808726e+00
 1.52095442e+00
 1.52331244e+00
 1.52514809e+00
 1.52645761e+00
 1.52724189e+00
 1.52750300e+00
 1.40209196e+00
 1.40234702e+00
 1.40317633e+00
 1.40463411e+00
 1.40673645e+00
 1.40948794e+00
 1.41288583e+00
 1.41691206e+00
 1.42152919e+00
 1.42667598e+00
 1.43226564e+00
 1.43819322e+00
 1.44435727e+00
 1.45066866e+00
 1.45705300e+00
 1.46340168e+00
 1.46960208e+00
 1.47557930e+00
 1.48132743e+00
 1.48685504e+00
 1.49216368e+00
 1.49723332e+00
 1.50204261e+00
 1.50654980e+00
 1.51070464e+00
 1.51446108e+00
 1.51777762e+00
 1.52060798e+00
 1.52291484e+00
 1.52467530e+00
 1.52587781e+00
 1.52653274e+00
 1.52671754e+00
 1.40235128e+00
 1.40253964e+00
 1.40321006e+00
 1.40451893e+00
 1.40652189e+00
 1.40921333e+00
 1.41257164e+00
 1.41656629e+00
 1.42115318e+00
 1.42626867e+00
 1.43182664e+00
 1.43772484e+00
 1.44386250e+00
 1.45014975e+00
 1.45650729e+00
 1.46283041e+00
 1.46901179e+00
 1.47497943e+00
 1.48072047e+00
 1.48623843e+00
 1.49153082e+00
 1.49657766e+00
 1.50135435e+00
 1.50581920e+00
 1.50992198e+00
 1.51361435e+00
 1.51684866e+00
 1.51957124e+00
 1.52172942e+00
 1.52327677e+00
 1.52419268e+00
 1.52455916e+00
 1.52462487e+00
 1.40230097e+00
 1.40246377e+00
 1.40304239e+00
 1.40421942e+00
 1.40610890e+00
 1.40872150e+00
 1.41202372e+00
 1.41597157e+00
 1.42051264e+00
 1.42558010e+00
 1.43108891e+00
 1.43694044e+00
 1.44303532e+00
 1.44928248e+00
 1.45559726e+00
 1.46187971e+00
 1.46802997e+00
 1.47397927e+00
 1.47970583e+00
 1.48520527e+00
 1.49046934e+00
 1.49547687e+00
 1.50019937e+00
 1.50459471e+00
 1.50861257e+00
 1.51220130e+00
 1.51530610e+00
 1.51786463e+00
 1.51981037e+00
 1.52108829e+00
 1.52171649e+00
 1.52188363e+00
 1.52188994e+00
 1.40149521e+00
 1.40169068e+00
 1.40232813e+00
 1.40352467e+00
 1.40538540e+00
 1.40795019e+00
 1.41120262e+00
 1.41510013e+00
 1.41958735e+00
 1.42459604e+00
 1.43004315e+00
 1.43583408e+00
 1.44187171e+00
 1.44806390e+00
 1.45432215e+00
 1.46055105e+00
 1.46665854e+00
 1.47257838e+00
 1.47827989e+00
 1.48374916e+00
 1.48897118e+00
 1.49392194e+00
 1.49856929e+00
 1.50287035e+00
 1.50677480e+00
 1.51022893e+00
 1.51317507e+00
 1.51555209e+00
 1.51730625e+00
 1.51842365e+00
 1.51898515e+00
 1.51918056e+00
 1.51921600e+00
 1.39983007e+00
 1.40010261e+00
 1.40091515e+00
 1.40227694e+00
 1.40423028e+00
 1.40681932e+00
 1.41005562e+00
 1.41391545e+00
 1.41835109e+00
 1.42329786e+00
 1.42867661e+00
 1.43439741e+00
 1.44036622e+00
 1.44649080e+00
 1.45268105e+00
 1.45884556e+00
 1.46489892e+00
 1.47077634e+00
 1.47643931e+00
 1.48186425e+00
 1.48702891e+00
 1.49190535e+00
 1.49645840e+00
 1.50064488e+00
 1.50441584e+00
 1.50771994e+00
 1.51050677e+00
 1.51273555e+00
 1.51439558e+00
 1.51553338e+00
 1.51625274e+00
 1.51665712e+00
 1.51679074e+00
 1.39783451e+00
 1.39814107e+00
 1.39905076e+00
 1.40054448e+00
 1.40261588e+00
 1.40527622e+00
 1.40853482e+00
 1.41238009e+00
 1.41677575e+00
 1.42166490e+00
 1.42697460e+00
 1.43262055e+00
 1.43851264e+00
 1.44456005e+00
 1.45067314e+00
 1.45676406e+00
 1.46275224e+00
 1.46857336e+00
 1.47418251e+00
 1.47954738e+00
 1.48463875e+00
 1.48942453e+00
 1.49386761e+00
 1.49792586e+00
 1.50155459e+00
 1.50471106e+00
 1.50736176e+00
 1.50949470e+00
 1.51113355e+00
 1.51233749e+00
 1.51317194e+00
 1.51367186e+00
 1.51383977e+00
 1.39563293e+00
 1.39594785e+00
 1.39688838e+00
 1.39844181e+00
 1.40059051e+00
 1.40331955e+00
 1.40661761e+00
 1.41046778e+00
 1.41483809e+00
 1.41967859e+00
 1.42492324e+00
 1.43049392e+00
 1.43630525e+00
 1.44226924e+00
 1.44829828e+00
 1.45430771e+00
 1.46022024e+00
 1.46597136e+00
 1.47151114e+00
 1.47680012e+00
 1.48180310e+00
 1.48648453e+00
 1.49080676e+00
 1.49473071e+00
 1.49821903e+00
 1.50124163e+00
 1.50378331e+00
 1.50585126e+00
 1.50747554e+00
 1.50869644e+00
 1.50954725e+00
 1.51004895e+00
 1.51021452e+00
 1.39310321e+00
 1.39342856e+00
 1.39439808e+00
 1.39599451e+00
 1.39819481e+00
 1.40097440e+00
 1.40430875e+00
 1.40817100e+00
 1.41252628e+00
 1.41732724e+00
 1.42251295e+00
 1.42801088e+00
 1.43374062e+00
 1.43961788e+00
 1.44555804e+00
 1.45147938e+00
 1.45730682e+00
 1.46297543e+00
 1.46843152e+00
 1.47363033e+00
 1.47853211e+00
 1.48309915e+00
 1.48729478e+00
 1.49108467e+00
 1.49444030e+00
 1.49734389e+00
 1.49979326e+00
 1.50180321e+00
 1.50340056e+00
 1.50461454e+00
 1.50546872e+00
 1.50597747e+00
 1.50614665e+00
 1.39030675e+00
 1.39063551e+00
 1.39161631e+00
 1.39323313e+00
 1.39546135e+00
 1.39827086e+00
 1.40162873e+00
 1.40549945e+00
 1.40984260e+00
 1.41460958e+00
 1.41974169e+00
 1.42517039e+00
 1.43081964e+00
 1.43660903e+00
 1.44245722e+00
 1.44828525e+00
 1.45401970e+00
 1.45959532e+00
 1.46495586e+00
 1.47005298e+00
 1.47484407e+00
 1.47929065e+00
 1.48335822e+00
 1.48701788e+00
 1.49024928e+00
 1.49304390e+00
 1.49540666e+00
 1.49735412e+00
 1.49890907e+00
 1.50009422e+00
 1.50092790e+00
 1.50142291e+00
 1.50158703e+00
 1.38723375e+00
 1.38756418e+00
 1.38855000e+00
 1.39017531e+00
 1.39241507e+00
 1.39523704e+00
 1.39860378e+00
 1.40247386e+00
 1.40680160e+00
 1.41153551e+00
 1.41661681e+00
 1.42197908e+00
 1.42754949e+00
 1.43325105e+00
 1.43900555e+00
 1.44473651e+00
 1.45037201e+00
 1.45584674e+00
 1.46110300e+00
 1.46609040e+00
 1.47076496e+00
 1.47508861e+00
 1.47902958e+00
 1.48256398e+00
 1.48567784e+00
 1.48836859e+00
 1.49064463e+00
 1.49252261e+00
 1.49402310e+00
 1.49516648e+00
 1.49597018e+00
 1.49644718e+00
 1.49660532e+00
 1.38389522e+00
 1.38422570e+00
 1.38521176e+00
 1.38683759e+00
 1.38907788e+00
 1.39189928e+00
 1.39526197e+00
 1.39912097e+00
 1.40342672e+00
 1.40812478e+00
 1.41315518e+00
 1.41845217e+00
 1.42394492e+00
 1.42955908e+00
 1.43521908e+00
 1.44085067e+00
 1.44638332e+00
 1.45175208e+00
 1.45689869e+00
 1.46177194e+00
 1.46632765e+00
 1.47052884e+00
 1.47434649e+00
 1.47776077e+00
 1.48076216e+00
 1.48335171e+00
 1.48553977e+00
 1.48734323e+00
 1.48878218e+00
 1.48987672e+00
 1.49064458e+00
 1.49109949e+00
 1.49125014e+00
 1.38031103e+00
 1.38064024e+00
 1.38162260e+00
 1.38324249e+00
 1.38547467e+00
 1.38828529e+00
 1.39163324e+00
 1.39547141e+00
 1.39974759e+00
 1.40440497e+00
 1.40938216e+00
 1.41461333e+00
 1.42002870e+00
 1.42555577e+00
 1.43112109e+00
 1.43665231e+00
 1.44208025e+00
 1.44734067e+00
 1.45237547e+00
 1.45713351e+00
 1.46157110e+00
 1.46565272e+00
 1.46935172e+00
 1.47265132e+00
 1.47554500e+00
 1.47803611e+00
 1.48013637e+00
 1.48186334e+00
 1.48323760e+00
 1.48428005e+00
 1.48500951e+00
 1.48544082e+00
 1.48558351e+00
 1.37650253e+00
 1.37682958e+00
 1.37780555e+00
 1.37941504e+00
 1.38163295e+00
 1.38442526e+00
 1.38775016e+00
 1.39155924e+00
 1.39579862e+00
 1.40040982e+00
 1.40533029e+00
 1.41049384e+00
 1.41583127e+00
 1.42127134e+00
 1.42674221e+00
 1.43217318e+00
 1.43749640e+00
 1.44264856e+00
 1.44757222e+00
 1.45221683e+00
 1.45653967e+00
 1.46050666e+00
 1.46409313e+00
 1.46728449e+00
 1.47007624e+00
 1.47247335e+00
 1.47448864e+00
 1.47614064e+00
 1.47745097e+00
 1.47844173e+00
 1.47913305e+00
 1.47954096e+00
 1.47967574e+00
 1.37249587e+00
 1.37282025e+00
 1.37378828e+00
 1.37538469e+00
 1.37758440e+00
 1.38035322e+00
 1.38364888e+00
 1.38742224e+00
 1.39161850e+00
 1.39617818e+00
 1.40103799e+00
 1.40613151e+00
 1.41138991e+00
 1.41674291e+00
 1.42211997e+00
 1.42745179e+00
 1.43267182e+00
 1.43771785e+00
 1.44253335e+00
 1.44706873e+00
 1.45128237e+00
 1.45514155e+00
 1.45862321e+00
 1.46171433e+00
 1.46441185e+00
 1.46672184e+00
 1.46865808e+00
 1.47024000e+00
 1.47149033e+00
 1.47243242e+00
 1.47308771e+00
 1.47347343e+00
 1.47360071e+00
 1.36832464e+00
 1.36864634e+00
 1.36960610e+00
 1.37118822e+00
 1.37336722e+00
 1.37610867e+00
 1.37937016e+00
 1.38310232e+00
 1.38724999e+00
 1.39175328e+00
 1.39654859e+00
 1.40156952e+00
 1.40674766e+00
 1.41201357e+00
 1.41729785e+00
 1.42253247e+00
 1.42765214e+00
 1.43259579e+00
 1.43730798e+00
 1.44174020e+00
 1.44585196e+00
 1.44961181e+00
 1.45299799e+00
 1.45599868e+00
 1.45861183e+00
 1.46084429e+00
 1.46271050e+00
 1.46423056e+00
 1.46542805e+00
 1.46632737e+00
 1.46695112e+00
 1.46731749e+00
 1.46743827e+00
 1.36404227e+00
 1.36436029e+00
 1.36530912e+00
 1.36687320e+00
 1.36902717e+00
 1.37173663e+00
 1.37495913e+00
 1.37864517e+00
 1.38273946e+00
 1.38718205e+00
 1.39190939e+00
 1.39685535e+00
 1.40195214e+00
 1.40713119e+00
 1.41232418e+00
 1.41746430e+00
 1.42248745e+00
 1.42733375e+00
 1.43194888e+00
 1.43628541e+00
 1.44030397e+00
 1.44397425e+00
 1.44727557e+00
 1.45019714e+00
 1.45273768e+00
 1.45490460e+00
 1.45671264e+00
 1.45818213e+00
 1.45933685e+00
 1.46020163e+00
 1.46079973e+00
 1.46115019e+00
 1.46126556e+00
 1.35969066e+00
 1.36000445e+00
 1.36094073e+00
 1.36248426e+00
 1.36461004e+00
 1.36728391e+00
 1.37046347e+00
 1.37409931e+00
 1.37813619e+00
 1.38251437e+00
 1.38717073e+00
 1.39203975e+00
 1.39705444e+00
 1.40214724e+00
 1.40725095e+00
 1.41229992e+00
 1.41723124e+00
 1.42198616e+00
 1.42651143e+00
 1.43076069e+00
 1.43469558e+00
 1.43828680e+00
 1.44151464e+00
 1.44436918e+00
 1.44684986e+00
 1.44896457e+00
 1.45072827e+00
 1.45216113e+00
 1.45328659e+00
 1.45412902e+00
 1.45471130e+00
 1.45505229e+00
 1.45516450e+00
 1.35531000e+00
 1.35561962e+00
 1.35654335e+00
 1.35806597e+00
 1.36016251e+00
 1.36279890e+00
 1.36593293e+00
 1.36951543e+00
 1.37349160e+00
 1.37780228e+00
 1.38238518e+00
 1.38717574e+00
 1.39210806e+00
 1.39711571e+00
 1.40213269e+00
 1.40709448e+00
 1.41193930e+00
 1.41660946e+00
 1.42105273e+00
 1.42522366e+00
 1.42908481e+00
 1.43260768e+00
 1.43577336e+00
 1.43857270e+00
 1.44100583e+00
 1.44308117e+00
 1.44481390e+00
 1.44622398e+00
 1.44733408e+00
 1.44816732e+00
 1.44874490e+00
 1.44908398e+00
 1.44919572e+00
 1.35095163e+00
 1.35125702e+00
 1.35216805e+00
 1.35366939e+00
 1.35573591e+00
 1.35833340e+00
 1.36141975e+00
 1.36494619e+00
 1.36885869e+00
 1.37309918e+00
 1.37760658e+00
 1.38231769e+00
 1.38716794e+00
 1.39209217e+00
 1.39702556e+00
 1.40190470e+00
 1.40666887e+00
 1.41126133e+00
 1.41563076e+00
 1.41973251e+00
 1.42352981e+00
 1.42699476e+00
 1.43010896e+00
 1.43286376e+00
 1.43525983e+00
 1.43730608e+00
 1.43901790e+00
 1.44041500e+00
 1.44151905e+00
 1.44235138e+00
 1.44293091e+00
 1.44327239e+00
 1.44338515e+00
 1.34667075e+00
 1.34697203e+00
 1.34787047e+00
 1.34935017e+00
 1.35138548e+00
 1.35394203e+00
 1.35697796e+00
 1.36044526e+00
 1.36429110e+00
 1.36845890e+00
 1.37288923e+00
 1.37752052e+00
 1.38228970e+00
 1.38713292e+00
 1.39198652e+00
 1.39678810e+00
 1.40147786e+00
 1.40599993e+00
 1.41030378e+00
 1.41434542e+00
 1.41808853e+00
 1.42150546e+00
 1.42457793e+00
 1.42729732e+00
 1.42966444e+00
 1.43168840e+00
 1.43338477e+00
 1.43477304e+00
 1.43587396e+00
 1.43670722e+00
 1.43728959e+00
 1.43763377e+00
 1.43774760e+00
 1.34253197e+00
 1.34282839e+00
 1.34371222e+00
 1.34516740e+00
 1.34716806e+00
 1.34967983e+00
 1.35266137e+00
 1.35606577e+00
 1.35984178e+00
 1.36393470e+00
 1.36828702e+00
 1.37283895e+00
 1.37752896e+00
 1.38229445e+00
 1.38707277e+00
 1.39180239e+00
 1.39642429e+00
 1.40088337e+00
 1.40512978e+00
 1.40912010e+00
 1.41281829e+00
 1.41619663e+00
 1.41923638e+00
 1.42192832e+00
 1.42427267e+00
 1.42627827e+00
 1.42796070e+00
 1.42933954e+00
 1.43043534e+00
 1.43126700e+00
 1.43184997e+00
 1.43219538e+00
 1.43230979e+00
 1.33858897e+00
 1.33887993e+00
 1.33974723e+00
 1.34117459e+00
 1.34313624e+00
 1.34559844e+00
 1.34852095e+00
 1.35185851e+00
 1.35556185e+00
 1.35957844e+00
 1.36385282e+00
 1.36832700e+00
 1.37294086e+00
 1.37763290e+00
 1.38234125e+00
 1.38700501e+00
 1.39156579e+00
 1.39596916e+00
 1.40016596e+00
 1.40411329e+00
 1.40777535e+00
 1.41112408e+00
 1.41413984e+00
 1.41681198e+00
 1.41913916e+00
 1.42112906e+00
 1.42279693e+00
 1.42416278e+00
 1.42524781e+00
 1.42607132e+00
 1.42664877e+00
 1.42699105e+00
 1.42710447e+00
 1.33489212e+00
 1.33517634e+00
 1.33602372e+00
 1.33741868e+00
 1.33933635e+00
 1.34174412e+00
 1.34460338e+00
 1.34787095e+00
 1.35149994e+00
 1.35544014e+00
 1.35963816e+00
 1.36403767e+00
 1.36857976e+00
 1.37320371e+00
 1.37784818e+00
 1.38245264e+00
 1.38695911e+00
 1.39131379e+00
 1.39546825e+00
 1.39938025e+00
 1.40301428e+00
 1.40634195e+00
 1.40934244e+00
 1.41200301e+00
 1.41431959e+00
 1.41629733e+00
 1.41795027e+00
 1.41929908e+00
 1.42036700e+00
 1.42117549e+00
 1.42174137e+00
 1.42207627e+00
 1.42218712e+00
 1.33147305e+00
 1.33175022e+00
 1.33257653e+00
 1.33393687e+00
 1.33580751e+00
 1.33815764e+00
 1.34095106e+00
 1.34414732e+00
 1.34770225e+00
 1.35156803e+00
 1.35569320e+00
 1.36002281e+00
 1.36449888e+00
 1.36906120e+00
 1.37364860e+00
 1.37820065e+00
 1.38265958e+00
 1.38697214e+00
 1.39109080e+00
 1.39497420e+00
 1.39858733e+00
 1.40190173e+00
 1.40489552e+00
 1.40755365e+00
 1.40986838e+00
 1.41184052e+00
 1.41348078e+00
 1.41480967e+00
 1.41585379e+00
 1.41663962e+00
 1.41718832e+00
 1.41751341e+00
 1.41762123e+00
 1.32836608e+00
 1.32863561e+00
 1.32943939e+00
 1.33076332e+00
 1.33258506e+00
 1.33487608e+00
 1.33760326e+00
 1.34072940e+00
 1.34421316e+00
 1.34800888e+00
 1.35206672e+00
 1.35633286e+00
 1.36074996e+00
 1.36525801e+00
 1.36979574e+00
 1.37430249e+00
 1.37872044e+00
 1.38299690e+00
 1.38708544e+00
 1.39094587e+00
 1.39454397e+00
 1.39785157e+00
 1.40084632e+00
 1.40351140e+00
 1.40583530e+00
 1.40781293e+00
 1.40944830e+00
 1.41075812e+00
 1.41177182e+00
 1.41252367e+00
 1.41304189e+00
 1.41334506e+00
 1.41344469e+00
 1.32559800e+00
 1.32586040e+00
 1.32664242e+00
 1.32792973e+00
 1.32970184e+00
 1.33193401e+00
 1.33459722e+00
 1.33765748e+00
 1.34107575e+00
 1.34480811e+00
 1.34880600e+00
 1.35301646e+00
 1.35738257e+00
 1.36184434e+00
 1.36634013e+00
 1.37080874e+00
 1.37519204e+00
 1.37943781e+00
 1.38350107e+00
 1.38734305e+00
 1.39093053e+00
 1.39423602e+00
 1.39723749e+00
 1.39991748e+00
 1.40226205e+00
 1.40426046e+00
 1.40590708e+00
 1.40720765e+00
 1.40818803e+00
 1.40889486e+00
 1.40937747e+00
 1.40966408e+00
 1.40976000e+00
 1.32321107e+00
 1.32346454e+00
 1.32422022e+00
 1.32546645e+00
 1.32718771e+00
 1.32936397e+00
 1.33196910e+00
 1.33497093e+00
 1.33833193e+00
 1.34200952e+00
 1.34595615e+00
 1.35011962e+00
 1.35444327e+00
 1.35886698e+00
 1.36332859e+00
 1.36776613e+00
 1.37212078e+00
 1.37634073e+00
 1.38038283e+00
 1.38420999e+00
 1.38778993e+00
 1.39109605e+00
 1.39410733e+00
 1.39680701e+00
 1.39918090e+00
 1.40121549e+00
 1.40289698e+00
 1.40421446e+00
 1.40517216e+00
 1.40580806e+00
 1.40619578e+00
 1.40640794e+00
 1.40647739e+00
 1.32122318e+00
 1.32146460e+00
 1.32218873e+00
 1.32339310e+00
 1.32506877e+00
 1.32719785e+00
 1.32975472e+00
 1.33270810e+00
 1.33602175e+00
 1.33965433e+00
 1.34355909e+00
 1.34768464e+00
 1.35197443e+00
 1.35636815e+00
 1.36080306e+00
 1.36521634e+00
 1.36954805e+00
 1.37374663e+00
 1.37777126e+00
 1.38158665e+00
 1.38516109e+00
 1.38846895e+00
 1.39149056e+00
 1.39421068e+00
 1.39661684e+00
 1.39869666e+00
 1.40043461e+00
 1.40180936e+00
 1.40279836e+00
 1.40339974e+00
 1.40367079e+00
 1.40373910e+00
 1.40374211e+00
 1.31961450e+00
 1.31984794e+00
 1.32055143e+00
 1.32172867e+00
 1.32337360e+00
 1.32546859e+00
 1.32798893e+00
 1.33090489e+00
 1.33418181e+00
 1.33777965e+00
 1.34165209e+00
 1.34574878e+00
 1.35001299e+00
 1.35438438e+00
 1.35879954e+00
 1.36319490e+00
 1.36750913e+00
 1.37169063e+00
 1.37570134e+00
 1.37950770e+00
 1.38307809e+00
 1.38638771e+00
 1.38941828e+00
 1.39215623e+00
 1.39459164e+00
 1.39671557e+00
 1.39851703e+00
 1.39997713e+00
 1.40106681e+00
 1.40175714e+00
 1.40206266e+00
 1.40210798e+00
 1.40209061e+00
 1.31841088e+00
 1.31864179e+00
 1.31933919e+00
 1.32050632e+00
 1.32213486e+00
 1.32420784e+00
 1.32670290e+00
 1.32959247e+00
 1.33284333e+00
 1.33641671e+00
 1.34026621e+00
 1.34434282e+00
 1.34858924e+00
 1.35294535e+00
 1.35734703e+00
 1.36173026e+00
 1.36603224e+00
 1.37020109e+00
 1.37420154e+00
 1.37800153e+00
 1.38156904e+00
 1.38487995e+00
 1.38791713e+00
 1.39066833e+00
 1.39312597e+00
 1.39528458e+00
 1.39713961e+00
 1.39868109e+00
 1.39989084e+00
 1.40074559e+00
 1.40123325e+00
 1.40140647e+00
 1.40142728e+00
 1.31766055e+00
 1.31789337e+00
 1.31859406e+00
 1.31975971e+00
 1.32138039e+00
 1.32344085e+00
 1.32592099e+00
 1.32879490e+00
 1.33203019e+00
 1.33558914e+00
 1.33942491e+00
 1.34348975e+00
 1.34772570e+00
 1.35207296e+00
 1.35646684e+00
 1.36084313e+00
 1.36513786e+00
 1.36929885e+00
 1.37329298e+00
 1.37708918e+00
 1.38065494e+00
 1.38396656e+00
 1.38700772e+00
 1.38976688e+00
 1.39223807e+00
 1.39441799e+00
 1.39630691e+00
 1.39790221e+00
 1.39919702e+00
 1.40018365e+00
 1.40085522e+00
 1.40121614e+00
 1.40131475e+00
 1.31740500e+00
 1.31764005e+00
 1.31834323e+00
 1.31950886e+00
 1.32112707e+00
 1.32318341e+00
 1.32565860e+00
 1.32852733e+00
 1.33175742e+00
 1.33531163e+00
 1.33914282e+00
 1.34320379e+00
 1.34743628e+00
 1.35178066e+00
 1.35617198e+00
 1.36054602e+00
 1.36483836e+00
 1.36899667e+00
 1.37298866e+00
 1.37678361e+00
 1.38034877e+00
 1.38366062e+00
 1.38670309e+00
 1.38946489e+00
 1.39194059e+00
 1.39412760e+00
 1.39602790e+00
 1.39764150e+00
 1.39896553e+00
 1.39999871e+00
 1.40073905e+00
 1.40118436e+00
 1.40133300e+00
