 1.20491400e+00
 1.20466822e+00
 1.20393448e+00
 1.20272324e+00
 1.20105127e+00
 1.19894055e+00
 1.19641715e+00
 1.19351250e+00
 1.19025784e+00
 1.18668499e+00
 1.18282754e+00
 1.17871141e+00
 1.17436105e+00
 1.16979224e+00
 1.16502683e+00
 1.16009434e+00
 1.15503820e+00
 1.14989550e+00
 1.14470926e+00
 1.13954094e+00
 1.13446332e+00
 1.12954960e+00
 1.12486435e+00
 1.12047043e+00
 1.11641317e+00
 1.11273494e+00
 1.10946900e+00
 1.10665009e+00
 1.10430614e+00
 1.10244873e+00
 1.10109789e+00
 1.10027603e+00
 1.10000000e+00
 1.20447823e+00
 1.20429488e+00
 1.20366515e+00
 1.20253652e+00
 1.20091797e+00
 1.19883830e+00
 1.19633222e+00
 1.19343677e+00
 1.19018680e+00
 1.18661618e+00
 1.18275925e+00
 1.17864295e+00
 1.17429200e+00
 1.16972318e+00
 1.16495864e+00
 1.16002820e+00
 1.15497463e+00
 1.14983552e+00
 1.14465432e+00
 1.13949218e+00
 1.13442125e+00
 1.12951405e+00
 1.12483512e+00
 1.12044652e+00
 1.11639403e+00
 1.11271974e+00
 1.10945740e+00
 1.10664126e+00
 1.10429851e+00
 1.10244266e+00
 1.10109406e+00
 1.10027469e+00
 1.10000000e+00
 1.20338806e+00
 1.20330020e+00
 1.20289947e+00
 1.20199026e+00
 1.20052212e+00
 1.19853230e+00
 1.19607688e+00
 1.19320873e+00
 1.18997285e+00
 1.18640898e+00
 1.18255394e+00
 1.17843740e+00
 1.17408518e+00
 1.16951666e+00
 1.16475499e+00
 1.15983072e+00
 1.15478509e+00
 1.14965687e+00
 1.14449073e+00
 1.13934688e+00
 1.13429566e+00
 1.12940782e+00
 1.12474755e+00
 1.12037491e+00
 1.11633662e+00
 1.11267425e+00
 1.10942261e+00
 1.10661477e+00
 1.10427680e+00
 1.10242649e+00
 1.10108488e+00
 1.10027205e+00
 1.10000000e+00
 1.20218944e+00
 1.20214472e+00
 1.20189105e+00
 1.20118993e+00
 1.19990242e+00
 1.19803503e+00
 1.19565377e+00
 1.19282762e+00
 1.18961427e+00
 1.18606156e+00
 1.18221048e+00
 1.17809447e+00
 1.17374155e+00
 1.16917456e+00
 1.16441845e+00
 1.15950467e+00
 1.15447288e+00
 1.14936325e+00
 1.14422189e+00
 1.13910774e+00
 1.13408842e+00
 1.12923216e+00
 1.12460208e+00
 1.12025592e+00
 1.11624108e+00
 1.11259886e+00
 1.10936489e+00
 1.10657117e+00
 1.10424379e+00
 1.10240430e+00
 1.10107376e+00
 1.10026915e+00
 1.10000000e+00
 1.20145444e+00
 1.20137659e+00
 1.20107301e+00
 1.20038421e+00
 1.19917138e+00
 1.19739095e+00
 1.19507836e+00
 1.19229734e+00
 1.18911064e+00
 1.18557225e+00
 1.18172757e+00
 1.17761397e+00
 1.17326247e+00
 1.16869963e+00
 1.16395279e+00
 1.15905436e+00
 1.15404299e+00
 1.14896006e+00
 1.14385290e+00
 1.13877889e+00
 1.13380254e+00
 1.12898907e+00
 1.12439978e+00
 1.12009023e+00
 1.11610793e+00
 1.11249416e+00
 1.10928497e+00
 1.10651197e+00
 1.10420211e+00
 1.10237869e+00
 1.10106180e+00
 1.10026611e+00
 1.10000000e+00
 1.20131913e+00
 1.20114825e+00
 1.20063721e+00
 1.19976264e+00
 1.19846001e+00
 1.19666998e+00
 1.19438204e+00
 1.19162974e+00
 1.18846506e+00
 1.18494089e+00
 1.18110447e+00
 1.17699603e+00
 1.17264957e+00
 1.16809507e+00
 1.16336244e+00
 1.15848512e+00
 1.15350147e+00
 1.14845369e+00
 1.14338976e+00
 1.13836541e+00
 1.13344192e+00
 1.12868130e+00
 1.12414247e+00
 1.11987908e+00
 1.11593822e+00
 1.11236115e+00
 1.10918413e+00
 1.10643891e+00
 1.10415304e+00
 1.10235002e+00
 1.10104880e+00
 1.10026284e+00
 1.10000000e+00
 1.20110884e+00
 1.20089540e+00
 1.20026393e+00
 1.19922888e+00
 1.19778666e+00
 1.19591421e+00
 1.19359533e+00
 1.19084053e+00
 1.18768373e+00
 1.18416913e+00
 1.18034141e+00
 1.17624126e+00
 1.17190463e+00
 1.16736415e+00
 1.16265195e+00
 1.15780262e+00
 1.15285464e+00
 1.14785069e+00
 1.14283876e+00
 1.13787283e+00
 1.13301104e+00
 1.12831224e+00
 1.12383275e+00
 1.11962439e+00
 1.11573352e+00
 1.11220123e+00
 1.10906381e+00
 1.10635315e+00
 1.10409680e+00
 1.10231784e+00
 1.10103437e+00
 1.10025922e+00
 1.10000000e+00
 1.20064227e+00
 1.20041540e+00
 1.19973772e+00
 1.19861863e+00
 1.19707116e+00
 1.19510430e+00
 1.19272284e+00
 1.18993732e+00
 1.18677121e+00
 1.18325880e+00
 1.17943900e+00
 1.17535045e+00
 1.17102935e+00
 1.16650983e+00
 1.16182562e+00
 1.15701226e+00
 1.15210854e+00
 1.14715728e+00
 1.14220592e+00
 1.13730662e+00
 1.13251464e+00
 1.12788577e+00
 1.12347380e+00
 1.11932872e+00
 1.11549592e+00
 1.11201608e+00
 1.10892532e+00
 1.10625532e+00
 1.10403331e+00
 1.10228178e+00
 1.10101825e+00
 1.10025518e+00
 1.10000000e+00
 1.20002828e+00
 1.19978339e+00
 1.19905613e+00
 1.19786532e+00
 1.19623436e+00
 1.19418557e+00
 1.19173809e+00
 1.18891025e+00
 1.18572427e+00
 1.18220867e+00
 1.17839680e+00
 1.17432391e+00
 1.17002505e+00
 1.16553461e+00
 1.16088713e+00
 1.15611878e+00
 1.15126852e+00
 1.14637896e+00
 1.14149668e+00
 1.13667195e+00
 1.13195740e+00
 1.12740602e+00
 1.12306914e+00
 1.11899498e+00
 1.11522777e+00
 1.11180750e+00
 1.10876981e+00
 1.10614596e+00
 1.10396261e+00
 1.10224172e+00
 1.10100036e+00
 1.10025070e+00
 1.10000000e+00
 1.19912052e+00
 1.19886744e+00
 1.19811517e+00
 1.19688321e+00
 1.19519944e+00
 1.19309444e+00
 1.19059709e+00
 1.18773360e+00
 1.18452951e+00
 1.18101219e+00
 1.17721185e+00
 1.17316080e+00
 1.16889239e+00
 1.16444042e+00
 1.15983957e+00
 1.15512615e+00
 1.15033909e+00
 1.14552049e+00
 1.14071583e+00
 1.13597353e+00
 1.13134381e+00
 1.12687709e+00
 1.12262243e+00
 1.11862626e+00
 1.11493152e+00
 1.11157728e+00
 1.10859847e+00
 1.10602567e+00
 1.10388496e+00
 1.10219777e+00
 1.10098074e+00
 1.10024578e+00
 1.10000000e+00
 1.19787388e+00
 1.19761780e+00
 1.19685642e+00
 1.19560907e+00
 1.19390420e+00
 1.19177492e+00
 1.18925485e+00
 1.18637572e+00
 1.18316721e+00
 1.17965832e+00
 1.17587865e+00
 1.17185901e+00
 1.16763137e+00
 1.16322876e+00
 1.15868552e+00
 1.15403779e+00
 1.14932416e+00
 1.14458603e+00
 1.13986766e+00
 1.13521566e+00
 1.13067804e+00
 1.12630292e+00
 1.12213722e+00
 1.11822560e+00
 1.11460962e+00
 1.11132724e+00
 1.10841250e+00
 1.10589521e+00
 1.10380080e+00
 1.10215014e+00
 1.10095949e+00
 1.10024045e+00
 1.10000000e+00
 1.19625808e+00
 1.19600413e+00
 1.19524853e+00
 1.19400905e+00
 1.19231229e+00
 1.19019048e+00
 1.18767822e+00
 1.18480993e+00
 1.18161852e+00
 1.17813533e+00
 1.17439095e+00
 1.17041605e+00
 1.16624199e+00
 1.16190121e+00
 1.15742762e+00
 1.15285700e+00
 1.14822743e+00
 1.14357949e+00
 1.13895617e+00
 1.13440236e+00
 1.12996406e+00
 1.12568728e+00
 1.12161695e+00
 1.11779597e+00
 1.11426447e+00
 1.11105921e+00
 1.10821321e+00
 1.10575546e+00
 1.10371066e+00
 1.10209913e+00
 1.10093672e+00
 1.10023475e+00
 1.10000000e+00
 1.19427583e+00
 1.19402888e+00
 1.19329272e+00
 1.19208125e+00
 1.19041708e+00
 1.18832973e+00
 1.18585301e+00
 1.18302220e+00
 1.17987200e+00
 1.17643563e+00
 1.17274493e+00
 1.16883111e+00
 1.16472553e+00
 1.16046039e+00
 1.15606929e+00
 1.15158765e+00
 1.14705299e+00
 1.14250503e+00
 1.13798551e+00
 1.13353774e+00
 1.12920584e+00
 1.12503390e+00
 1.12106498e+00
 1.11734028e+00
 1.11389846e+00
 1.11077503e+00
 1.10800196e+00
 1.10560733e+00
 1.10361513e+00
 1.10204508e+00
 1.10091260e+00
 1.10022870e+00
 1.10000000e+00
 1.19199609e+00
 1.19175620e+00
 1.19104078e+00
 1.18986241e+00
 1.18824140e+00
 1.18620468e+00
 1.18378392e+00
 1.18101324e+00
 1.17792717e+00
 1.17455932e+00
 1.17094211e+00
 1.16710719e+00
 1.16308611e+00
 1.15891111e+00
 1.15461569e+00
 1.15023497e+00
 1.14580597e+00
 1.14136759e+00
 1.13696043e+00
 1.13262630e+00
 1.12840763e+00
 1.12434669e+00
 1.12048479e+00
 1.11686151e+00
 1.11351405e+00
 1.11047665e+00
 1.10778019e+00
 1.10545185e+00
 1.10351486e+00
 1.10198835e+00
 1.10088728e+00
 1.10022236e+00
 1.10000000e+00
 1.18944723e+00
 1.18921494e+00
 1.18852217e+00
 1.18738100e+00
 1.18581070e+00
 1.18383643e+00
 1.18148762e+00
 1.17879613e+00
 1.17579468e+00
 1.17251576e+00
 1.16899131e+00
 1.16525289e+00
 1.16133219e+00
 1.15726158e+00
 1.15307459e+00
 1.14880623e+00
 1.14449311e+00
 1.14017341e+00
 1.13588667e+00
 1.13167332e+00
 1.12757423e+00
 1.12362998e+00
 1.11988020e+00
 1.11636292e+00
 1.11311390e+00
 1.11016615e+00
 1.10754947e+00
 1.10529012e+00
 1.10341057e+00
 1.10192935e+00
 1.10086095e+00
 1.10021576e+00
 1.10000000e+00
 1.18664500e+00
 1.18642157e+00
 1.18575536e+00
 1.18465814e+00
 1.18314840e+00
 1.18124961e+00
 1.17898853e+00
 1.17639389e+00
 1.17349552e+00
 1.17032378e+00
 1.16690938e+00
 1.16328337e+00
 1.15947742e+00
 1.15552408e+00
 1.15145704e+00
 1.14731132e+00
 1.14312325e+00
 1.13893040e+00
 1.13477131e+00
 1.13068516e+00
 1.12671131e+00
 1.12288875e+00
 1.11925552e+00
 1.11584814e+00
 1.11270101e+00
 1.10984590e+00
 1.10731157e+00
 1.10512338e+00
 1.10330306e+00
 1.10186853e+00
 1.10083381e+00
 1.10020896e+00
 1.10000000e+00
 1.18360380e+00
 1.18339163e+00
 1.18275917e+00
 1.18171766e+00
 1.18028361e+00
 1.17847716e+00
 1.17632103e+00
 1.17384005e+00
 1.17106082e+00
 1.16801140e+00
 1.16472108e+00
 1.16122034e+00
 1.15754077e+00
 1.15371516e+00
 1.14977750e+00
 1.14576289e+00
 1.14170749e+00
 1.13764829e+00
 1.13362294e+00
 1.12966939e+00
 1.12582554e+00
 1.12212884e+00
 1.11861579e+00
 1.11532142e+00
 1.11227882e+00
 1.10951862e+00
 1.10706854e+00
 1.10495309e+00
 1.10319327e+00
 1.10180643e+00
 1.10080610e+00
 1.10020201e+00
 1.10000000e+00
 1.18035723e+00
 1.18016168e+00
 1.17957702e+00
 1.17860942e+00
 1.17726948e+00
 1.17557196e+00
 1.17353521e+00
 1.17118053e+00
 1.16853173e+00
 1.16561487e+00
 1.16245803e+00
 1.15909115e+00
 1.15554585e+00
 1.15185522e+00
 1.14805356e+00
 1.14417616e+00
 1.14025902e+00
 1.13633861e+00
 1.13245165e+00
 1.12863485e+00
 1.12492467e+00
 1.12135700e+00
 1.11796678e+00
 1.11478764e+00
 1.11185136e+00
 1.10918747e+00
 1.10682276e+00
 1.10478093e+00
 1.10308230e+00
 1.10174366e+00
 1.10077809e+00
 1.10019499e+00
 1.10000000e+00
 1.17705848e+00
 1.17687838e+00
 1.17633900e+00
 1.17544340e+00
 1.17419746e+00
 1.17261062e+00
 1.17069623e+00
 1.16847141e+00
 1.16595682e+00
 1.16317629e+00
 1.16015661e+00
 1.15692717e+00
 1.15351963e+00
 1.14996742e+00
 1.14630518e+00
 1.14256837e+00
 1.13879280e+00
 1.13501436e+00
 1.13126879e+00
 1.12759150e+00
 1.12401743e+00
 1.12058085e+00
 1.11731512e+00
 1.11425240e+00
 1.11142324e+00
 1.10885613e+00
 1.10657701e+00
 1.10460887e+00
 1.10297143e+00
 1.10168095e+00
 1.10075011e+00
 1.10018798e+00
 1.10000000e+00
 1.17381321e+00
 1.17364636e+00
 1.17314619e+00
 1.17231410e+00
 1.17115317e+00
 1.16966900e+00
 1.16787058e+00
 1.16577081e+00
 1.16338679e+00
 1.16073980e+00
 1.15785511e+00
 1.15476151e+00
 1.15149071e+00
 1.14807644e+00
 1.14455369e+00
 1.14095801e+00
 1.13732492e+00
 1.13368960e+00
 1.13008670e+00
 1.12655020e+00
 1.12311339e+00
 1.11980880e+00
 1.11666812e+00
 1.11372200e+00
 1.11099974e+00
 1.10852885e+00
 1.10633455e+00
 1.10443924e+00
 1.10286218e+00
 1.10161918e+00
 1.10072255e+00
 1.10018107e+00
 1.10000000e+00
 1.17068130e+00
 1.17052614e+00
 1.17006061e+00
 1.16928485e+00
 1.16819987e+00
 1.16680842e+00
 1.16511600e+00
 1.16313176e+00
 1.16086944e+00
 1.15834786e+00
 1.15559088e+00
 1.15262683e+00
 1.14948753e+00
 1.14620710e+00
 1.14282079e+00
 1.13936407e+00
 1.13587204e+00
 1.13237898e+00
 1.12891828e+00
 1.12552234e+00
 1.12222264e+00
 1.11904983e+00
 1.11603374e+00
 1.11320339e+00
 1.11058677e+00
 1.10821048e+00
 1.10609914e+00
 1.10427477e+00
 1.10275633e+00
 1.10155935e+00
 1.10069586e+00
 1.10017439e+00
 1.10000000e+00
 1.16771028e+00
 1.16756521e+00
 1.16712985e+00
 1.16640376e+00
 1.16538644e+00
 1.16407802e+00
 1.16248064e+00
 1.16060006e+00
 1.15844715e+00
 1.15603885e+00
 1.15339820e+00
 1.15055353e+00
 1.14753706e+00
 1.14438331e+00
 1.14112769e+00
 1.13780541e+00
 1.13445089e+00
 1.13109734e+00
 1.12777668e+00
 1.12451956e+00
 1.12135554e+00
 1.11831317e+00
 1.11542026e+00
 1.11270398e+00
 1.11019085e+00
 1.10790652e+00
 1.10587515e+00
 1.10411867e+00
 1.10265602e+00
 1.10150270e+00
 1.10067060e+00
 1.10016806e+00
 1.10000000e+00
 1.16492705e+00
 1.16479201e+00
 1.16438617e+00
 1.16370743e+00
 1.16275268e+00
 1.16151895e+00
 1.16000524e+00
 1.15821462e+00
 1.15615611e+00
 1.15384587e+00
 1.15130707e+00
 1.14856876e+00
 1.14566389e+00
 1.14262740e+00
 1.13949465e+00
 1.13630036e+00
 1.13307798e+00
 1.12985942e+00
 1.12667498e+00
 1.12355346e+00
 1.12052232e+00
 1.11760797e+00
 1.11483597e+00
 1.11223136e+00
 1.10981891e+00
 1.10762310e+00
 1.10566768e+00
 1.10397481e+00
 1.10256388e+00
 1.10145075e+00
 1.10064745e+00
 1.10016226e+00
 1.10000000e+00
 1.16237644e+00
 1.16225111e+00
 1.16187323e+00
 1.16123777e+00
 1.16033825e+00
 1.15916847e+00
 1.15772463e+00
 1.15600775e+00
 1.15402606e+00
 1.15179620e+00
 1.14934268e+00
 1.14669597e+00
 1.14388999e+00
 1.14095997e+00
 1.13794090e+00
 1.13486665e+00
 1.13176947e+00
 1.12867976e+00
 1.12562608e+00
 1.12263531e+00
 1.11973287e+00
 1.11694291e+00
 1.11428869e+00
 1.11179286e+00
 1.10947796e+00
 1.10736684e+00
 1.10548263e+00
 1.10384791e+00
 1.10248321e+00
 1.10140545e+00
 1.10062729e+00
 1.10015721e+00
 1.10000000e+00
 1.16011236e+00
 1.15999388e+00
 1.15963634e+00
 1.15903373e+00
 1.15817709e+00
 1.15705694e+00
 1.15566634e+00
 1.15400449e+00
 1.15207993e+00
 1.14991129e+00
 1.14752560e+00
 1.14495526e+00
 1.14223507e+00
 1.13940018e+00
 1.13648476e+00
 1.13352150e+00
 1.13054120e+00
 1.12757265e+00
 1.12464261e+00
 1.12177605e+00
 1.11899642e+00
 1.11632582e+00
 1.11378520e+00
 1.11139476e+00
 1.10917437e+00
 1.10714445e+00
 1.10532665e+00
 1.10374384e+00
 1.10241837e+00
 1.10136946e+00
 1.10061135e+00
 1.10015322e+00
 1.10000000e+00
 1.15814441e+00
 1.15803180e+00
 1.15769078e+00
 1.15711330e+00
 1.15628856e+00
 1.15520401e+00
 1.15384912e+00
 1.15222209e+00
 1.15033393e+00
 1.14820729e+00
 1.14587259e+00
 1.14336417e+00
 1.14071725e+00
 1.13796623e+00
 1.13514401e+00
 1.13228178e+00
 1.12940881e+00
 1.12655221e+00
 1.12373695e+00
 1.12098619e+00
 1.11832161e+00
 1.11576350e+00
 1.11333084e+00
 1.11104157e+00
 1.10891280e+00
 1.10696165e+00
 1.10520674e+00
 1.10366984e+00
 1.10237538e+00
 1.10134663e+00
 1.10060143e+00
 1.10015075e+00
 1.10000000e+00
 1.15648488e+00
 1.15637342e+00
 1.15603949e+00
 1.15548012e+00
 1.15468141e+00
 1.15362129e+00
 1.15228394e+00
 1.15067046e+00
 1.14879849e+00
 1.14669640e+00
 1.14439798e+00
 1.14193883e+00
 1.13935380e+00
 1.13667583e+00
 1.13393607e+00
 1.13116408e+00
 1.12838764e+00
 1.12563228e+00
 1.12292117e+00
 1.12027583e+00
 1.11771646e+00
 1.11526184e+00
 1.11292943e+00
 1.11073549e+00
 1.10869490e+00
 1.10682134e+00
 1.10512869e+00
 1.10363431e+00
 1.10236262e+00
 1.10134291e+00
 1.10060043e+00
 1.10015054e+00
 1.10000000e+00
 1.15504030e+00
 1.15494148e+00
 1.15464335e+00
 1.15412973e+00
 1.15336507e+00
 1.15231643e+00
 1.15097442e+00
 1.14935313e+00
 1.14748010e+00
 1.14538886e+00
 1.14311521e+00
 1.14069494e+00
 1.13816171e+00
 1.13554633e+00
 1.13287796e+00
 1.13018454e+00
 1.12749259e+00
 1.12482627e+00
 1.12220695e+00
 1.11965467e+00
 1.11718853e+00
 1.11482608e+00
 1.11258371e+00
 1.11047670e+00
 1.10851881e+00
 1.10672146e+00
 1.10509373e+00
 1.10364472e+00
 1.10239136e+00
 1.10136769e+00
 1.10061319e+00
 1.10015385e+00
 1.10000000e+00
 1.15385806e+00
 1.15379311e+00
 1.15356738e+00
 1.15310997e+00
 1.15235767e+00
 1.15128825e+00
 1.14991553e+00
 1.14826936e+00
 1.14638407e+00
 1.14429498e+00
 1.14203796e+00
 1.13964820e+00
 1.13715765e+00
 1.13459448e+00
 1.13198590e+00
 1.12935845e+00
 1.12673770e+00
 1.12414679e+00
 1.12160525e+00
 1.11913180e+00
 1.11674491e+00
 1.11446109e+00
 1.11229599e+00
 1.11026447e+00
 1.10838031e+00
 1.10665459e+00
 1.10509429e+00
 1.10370185e+00
 1.10247337e+00
 1.10143474e+00
 1.10064764e+00
 1.10016277e+00
 1.10000000e+00
 1.15320613e+00
 1.15315059e+00
 1.15293300e+00
 1.15245126e+00
 1.15164510e+00
 1.15051683e+00
 1.14909641e+00
 1.14741845e+00
 1.14551710e+00
 1.14342614e+00
 1.14118032e+00
 1.13881400e+00
 1.13635738e+00
 1.13383575e+00
 1.13127472e+00
 1.12869970e+00
 1.12613569e+00
 1.12360522e+00
 1.12112591e+00
 1.11871544e+00
 1.11639212e+00
 1.11417144e+00
 1.11206860e+00
 1.11009831e+00
 1.10827496e+00
 1.10661121e+00
 1.10511348e+00
 1.10379119e+00
 1.10261115e+00
 1.10155791e+00
 1.10071433e+00
 1.10018033e+00
 1.10000000e+00
 1.15302217e+00
 1.15294506e+00
 1.15265584e+00
 1.15207197e+00
 1.15117263e+00
 1.14997565e+00
 1.14850939e+00
 1.14680334e+00
 1.14488797e+00
 1.14279429e+00
 1.14055584e+00
 1.13820641e+00
 1.13577476e+00
 1.13328341e+00
 1.13075700e+00
 1.12822006e+00
 1.12569730e+00
 1.12321109e+00
 1.12077722e+00
 1.11841258e+00
 1.11613572e+00
 1.11396122e+00
 1.11190392e+00
 1.10997863e+00
 1.10819996e+00
 1.10658411e+00
 1.10513318e+00
 1.10388214e+00
 1.10278025e+00
 1.10173120e+00
 1.10081858e+00
 1.10020897e+00
 1.10000000e+00
 1.15306628e+00
 1.15294685e+00
 1.15255524e+00
 1.15187002e+00
 1.15089668e+00
 1.14965113e+00
 1.14815443e+00
 1.14643020e+00
 1.14450584e+00
 1.14241017e+00
 1.14017599e+00
 1.13783685e+00
 1.13542060e+00
 1.13294769e+00
 1.13044235e+00
 1.12792851e+00
 1.12543078e+00
 1.12297162e+00
 1.12056542e+00
 1.11822858e+00
 1.11598006e+00
 1.11383369e+00
 1.11180408e+00
 1.10990633e+00
 1.10815453e+00
 1.10656943e+00
 1.10514445e+00
 1.10394446e+00
 1.10292401e+00
 1.10189811e+00
 1.10093600e+00
 1.10024582e+00
 1.10000000e+00
 1.15311100e+00
 1.15296463e+00
 1.15252723e+00
 1.15180419e+00
 1.15080476e+00
 1.14954247e+00
 1.14803542e+00
 1.14630502e+00
 1.14437762e+00
 1.14228124e+00
 1.14004847e+00
 1.13771279e+00
 1.13530177e+00
 1.13283505e+00
 1.13033678e+00
 1.12783069e+00
 1.12534135e+00
 1.12289130e+00
 1.12049438e+00
 1.11816686e+00
 1.11592786e+00
 1.11379093e+00
 1.11177062e+00
 1.10988214e+00
 1.10813923e+00
 1.10656486e+00
 1.10514768e+00
 1.10396550e+00
 1.10298081e+00
 1.10196857e+00
 1.10099209e+00
 1.10026813e+00
 1.10000000e+00
