 1.29859400e+00
 1.29906743e+00
 1.30048302e+00
 1.30282686e+00
 1.30607593e+00
 1.31019831e+00
 1.31515281e+00
 1.32088653e+00
 1.32733910e+00
 1.33444460e+00
 1.34212123e+00
 1.35028196e+00
 1.35882211e+00
 1.36764337e+00
 1.37664233e+00
 1.38571707e+00
 1.39476334e+00
 1.40367666e+00
 1.41237598e+00
 1.42078590e+00
 1.42884565e+00
 1.43650921e+00
 1.44373493e+00
 1.45047274e+00
 1.45666900e+00
 1.46227178e+00
 1.46723243e+00
 1.47150704e+00
 1.47505635e+00
 1.47785068e+00
 1.47986548e+00
 1.48108213e+00
 1.48148900e+00
 1.29900574e+00
 1.29941385e+00
 1.30072093e+00
 1.30297892e+00
 1.30617259e+00
 1.31026254e+00
 1.31519860e+00
 1.32092209e+00
 1.32736916e+00
 1.33447141e+00
 1.34214638e+00
 1.35030592e+00
 1.35884591e+00
 1.36766728e+00
 1.37666661e+00
 1.38574166e+00
 1.39478818e+00
 1.40370236e+00
 1.41240234e+00
 1.42081268e+00
 1.42887209e+00
 1.43653348e+00
 1.44375391e+00
 1.45048256e+00
 1.45666503e+00
 1.46224802e+00
 1.46718060e+00
 1.47141455e+00
 1.47490357e+00
 1.47760678e+00
 1.47949133e+00
 1.48055112e+00
 1.48086578e+00
 1.30000831e+00
 1.30031701e+00
 1.30138589e+00
 1.30341624e+00
 1.30645405e+00
 1.31045033e+00
 1.31533255e+00
 1.32102589e+00
 1.32745659e+00
 1.33454936e+00
 1.34221942e+00
 1.35037575e+00
 1.35891522e+00
 1.36773701e+00
 1.37673744e+00
 1.38581350e+00
 1.39486092e+00
 1.40377748e+00
 1.41247933e+00
 1.42089063e+00
 1.42894856e+00
 1.43660300e+00
 1.44380731e+00
 1.45050847e+00
 1.45664966e+00
 1.46217367e+00
 1.46702286e+00
 1.47113702e+00
 1.47445011e+00
 1.47689432e+00
 1.47842894e+00
 1.47913724e+00
 1.47930695e+00
 1.30101650e+00
 1.30128152e+00
 1.30219995e+00
 1.30401632e+00
 1.30686776e+00
 1.31073663e+00
 1.31554019e+00
 1.32118757e+00
 1.32759256e+00
 1.33467076e+00
 1.34233313e+00
 1.35048509e+00
 1.35902386e+00
 1.36784661e+00
 1.37684898e+00
 1.38592692e+00
 1.39497621e+00
 1.40389624e+00
 1.41260077e+00
 1.42101284e+00
 1.42906706e+00
 1.43670866e+00
 1.44388559e+00
 1.45054117e+00
 1.45661472e+00
 1.46204328e+00
 1.46676007e+00
 1.47069073e+00
 1.47375106e+00
 1.47586517e+00
 1.47704350e+00
 1.47750288e+00
 1.47759744e+00
 1.30141649e+00
 1.30171820e+00
 1.30269370e+00
 1.30450206e+00
 1.30727814e+00
 1.31105638e+00
 1.31578681e+00
 1.32138513e+00
 1.32776055e+00
 1.33482191e+00
 1.34247548e+00
 1.35062318e+00
 1.35916170e+00
 1.36798637e+00
 1.37699176e+00
 1.38607276e+00
 1.39512520e+00
 1.40404941e+00
 1.41275687e+00
 1.42116858e+00
 1.42921565e+00
 1.43683755e+00
 1.44397605e+00
 1.45056971e+00
 1.45655350e+00
 1.46185918e+00
 1.46641439e+00
 1.47014276e+00
 1.47297441e+00
 1.47488567e+00
 1.47596823e+00
 1.47644782e+00
 1.47657196e+00
 1.30106020e+00
 1.30146043e+00
 1.30265503e+00
 1.30465825e+00
 1.30752678e+00
 1.31131260e+00
 1.31601503e+00
 1.32158224e+00
 1.32793494e+00
 1.33498266e+00
 1.34262947e+00
 1.35077497e+00
 1.35931488e+00
 1.36814313e+00
 1.37715312e+00
 1.38623881e+00
 1.39529587e+00
 1.40422481e+00
 1.41293494e+00
 1.42134451e+00
 1.42938036e+00
 1.43697594e+00
 1.44406678e+00
 1.45058689e+00
 1.45646811e+00
 1.46164141e+00
 1.46604000e+00
 1.46960927e+00
 1.47233106e+00
 1.47425775e+00
 1.47551463e+00
 1.47623115e+00
 1.47646746e+00
 1.30066030e+00
 1.30110012e+00
 1.30240845e+00
 1.30456522e+00
 1.30756742e+00
 1.31143121e+00
 1.31616252e+00
 1.32173332e+00
 1.32808230e+00
 1.33512704e+00
 1.34277364e+00
 1.35092163e+00
 1.35946632e+00
 1.36830087e+00
 1.37731781e+00
 1.38641032e+00
 1.39547375e+00
 1.40440810e+00
 1.41312059e+00
 1.42152628e+00
 1.42954752e+00
 1.43711215e+00
 1.44415051e+00
 1.45059353e+00
 1.45637339e+00
 1.46142726e+00
 1.46570544e+00
 1.46918647e+00
 1.47189490e+00
 1.47390277e+00
 1.47529503e+00
 1.47612347e+00
 1.47639996e+00
 1.30033855e+00
 1.30078516e+00
 1.30212320e+00
 1.30434540e+00
 1.30743907e+00
 1.31139123e+00
 1.31618676e+00
 1.32179624e+00
 1.32816732e+00
 1.33522611e+00
 1.34288367e+00
 1.35104176e+00
 1.35959663e+00
 1.36844155e+00
 1.37746870e+00
 1.38657082e+00
 1.39564280e+00
 1.40458377e+00
 1.41329892e+00
 1.42170012e+00
 1.42970561e+00
 1.43723873e+00
 1.44422643e+00
 1.45059920e+00
 1.45629350e+00
 1.46125770e+00
 1.46546151e+00
 1.46890593e+00
 1.47162522e+00
 1.47367233e+00
 1.47509689e+00
 1.47593529e+00
 1.47621169e+00
 1.29985433e+00
 1.30031563e+00
 1.30169514e+00
 1.30398078e+00
 1.30715479e+00
 1.31119419e+00
 1.31606992e+00
 1.32174321e+00
 1.32816078e+00
 1.33525288e+00
 1.34293533e+00
 1.35111344e+00
 1.35968561e+00
 1.36854621e+00
 1.37758781e+00
 1.38670306e+00
 1.39578647e+00
 1.40473625e+00
 1.41345571e+00
 1.42185403e+00
 1.42984622e+00
 1.43735271e+00
 1.44429926e+00
 1.45061840e+00
 1.45625324e+00
 1.46116355e+00
 1.46533244e+00
 1.46876945e+00
 1.47150566e+00
 1.47358195e+00
 1.47503708e+00
 1.47589979e+00
 1.47618582e+00
 1.29922745e+00
 1.29970101e+00
 1.30111746e+00
 1.30346366e+00
 1.30671702e+00
 1.31084597e+00
 1.31581074e+00
 1.32156317e+00
 1.32804519e+00
 1.33518722e+00
 1.34290810e+00
 1.35111662e+00
 1.35971399e+00
 1.36859642e+00
 1.37765744e+00
 1.38679008e+00
 1.39588870e+00
 1.40485076e+00
 1.41357816e+00
 1.42197816e+00
 1.42996375e+00
 1.43745415e+00
 1.44437581e+00
 1.45066481e+00
 1.45627084e+00
 1.46116189e+00
 1.46532740e+00
 1.46877751e+00
 1.47153728e+00
 1.47363845e+00
 1.47511222e+00
 1.47598457e+00
 1.47627322e+00
 1.29843933e+00
 1.29892795e+00
 1.30038794e+00
 1.30280169e+00
 1.30613996e+00
 1.31036287e+00
 1.31542167e+00
 1.32126043e+00
 1.32781633e+00
 1.33501867e+00
 1.34278785e+00
 1.35103540e+00
 1.35966522e+00
 1.36857556e+00
 1.37766131e+00
 1.38681616e+00
 1.39593465e+00
 1.40491389e+00
 1.41365501e+00
 1.42206424e+00
 1.43005387e+00
 1.43754333e+00
 1.44446091e+00
 1.45074651e+00
 1.45635488e+00
 1.46125854e+00
 1.46544868e+00
 1.46893299e+00
 1.47173094e+00
 1.47386813e+00
 1.47537108e+00
 1.47626262e+00
 1.47655801e+00
 1.29754201e+00
 1.29804760e+00
 1.29955585e+00
 1.30204199e+00
 1.30546724e+00
 1.30978239e+00
 1.31493127e+00
 1.32085290e+00
 1.32748168e+00
 1.33474614e+00
 1.34256753e+00
 1.35085907e+00
 1.35952657e+00
 1.36846998e+00
 1.37758546e+00
 1.38676754e+00
 1.39591123e+00
 1.40491375e+00
 1.41367613e+00
 1.42210454e+00
 1.43011161e+00
 1.43761795e+00
 1.44455420e+00
 1.45086342e+00
 1.45650362e+00
 1.46144916e+00
 1.46569054e+00
 1.46923209e+00
 1.47208810e+00
 1.47427839e+00
 1.47582395e+00
 1.47674298e+00
 1.47704787e+00
 1.29668111e+00
 1.29720074e+00
 1.29874804e+00
 1.30129073e+00
 1.30478168e+00
 1.30916520e+00
 1.31438126e+00
 1.32036686e+00
 1.32705533e+00
 1.33437456e+00
 1.34224552e+00
 1.35058166e+00
 1.35928937e+00
 1.36826940e+00
 1.37741877e+00
 1.38663282e+00
 1.39580719e+00
 1.40483968e+00
 1.41363186e+00
 1.42209060e+00
 1.43012962e+00
 1.43767123e+00
 1.44464829e+00
 1.45100622e+00
 1.45670464e+00
 1.46171799e+00
 1.46603469e+00
 1.46965495e+00
 1.47258753e+00
 1.47484617e+00
 1.47644587e+00
 1.47739979e+00
 1.47771673e+00
 1.29604581e+00
 1.29656621e+00
 1.29811621e+00
 1.30066459e+00
 1.30416582e+00
 1.30856593e+00
 1.31380600e+00
 1.31982298e+00
 1.32654876e+00
 1.33390900e+00
 1.34182231e+00
 1.35020030e+00
 1.35894832e+00
 1.36796682e+00
 1.37715307e+00
 1.38640303e+00
 1.39561314e+00
 1.40468211e+00
 1.41351254e+00
 1.42201253e+00
 1.43009736e+00
 1.43769113e+00
 1.44472858e+00
 1.45115658e+00
 1.45693517e+00
 1.46203757e+00
 1.46644914e+00
 1.47016533e+00
 1.47318893e+00
 1.47552713e+00
 1.47718875e+00
 1.47818193e+00
 1.47851232e+00
 1.29564115e+00
 1.29614769e+00
 1.29766053e+00
 1.30015976e+00
 1.30361324e+00
 1.30797781e+00
 1.31320027e+00
 1.31921823e+00
 1.32596076e+00
 1.33334909e+00
 1.34129737e+00
 1.34971359e+00
 1.35850075e+00
 1.36755820e+00
 1.37678302e+00
 1.38607167e+00
 1.39532149e+00
 1.40443237e+00
 1.41330828e+00
 1.42185890e+00
 1.43000117e+00
 1.43766092e+00
 1.44477425e+00
 1.45128872e+00
 1.45716380e+00
 1.46237061e+00
 1.46689080e+00
 1.47071464e+00
 1.47383882e+00
 1.47626408e+00
 1.47799317e+00
 1.47902912e+00
 1.47937417e+00
 1.29519652e+00
 1.29568698e+00
 1.29715658e+00
 1.29959800e+00
 1.30299403e+00
 1.30731358e+00
 1.31251005e+00
 1.31852212e+00
 1.32527606e+00
 1.33268848e+00
 1.34066881e+00
 1.34912127e+00
 1.35794641e+00
 1.36704238e+00
 1.37630613e+00
 1.38563473e+00
 1.39492659e+00
 1.40408300e+00
 1.41300950e+00
 1.42161744e+00
 1.42982546e+00
 1.43756081e+00
 1.44476051e+00
 1.45137209e+00
 1.45735377e+00
 1.46267393e+00
 1.46731006e+00
 1.47124707e+00
 1.47447559e+00
 1.47699014e+00
 1.47878775e+00
 1.47986682e+00
 1.48022659e+00
 1.29438865e+00
 1.29487583e+00
 1.29633651e+00
 1.29876631e+00
 1.30215250e+00
 1.30646859e+00
 1.31167102e+00
 1.31769919e+00
 1.32447800e+00
 1.33192163e+00
 1.33993689e+00
 1.34842596e+00
 1.35728817e+00
 1.36642136e+00
 1.37572294e+00
 1.38509093e+00
 1.39442511e+00
 1.40362830e+00
 1.41260771e+00
 1.42127638e+00
 1.42955446e+00
 1.43737034e+00
 1.44466151e+00
 1.45137498e+00
 1.45746718e+00
 1.46290342e+00
 1.46765678e+00
 1.47170687e+00
 1.47503843e+00
 1.47764021e+00
 1.47950406e+00
 1.48062449e+00
 1.48099832e+00
 1.29314164e+00
 1.29363883e+00
 1.29512800e+00
 1.29760049e+00
 1.30103773e+00
 1.30540771e+00
 1.31066309e+00
 1.31674136e+00
 1.32356685e+00
 1.33105373e+00
 1.33910908e+00
 1.34763554e+00
 1.35653318e+00
 1.36570088e+00
 1.37503736e+00
 1.38444213e+00
 1.39381660e+00
 1.40306522e+00
 1.41209686e+00
 1.42082610e+00
 1.42917440e+00
 1.43707102e+00
 1.44445359e+00
 1.45126823e+00
 1.45746932e+00
 1.46301890e+00
 1.46788577e+00
 1.47204453e+00
 1.47547462e+00
 1.47815958e+00
 1.48008667e+00
 1.48124667e+00
 1.48163397e+00
 1.29158432e+00
 1.29210151e+00
 1.29364642e+00
 1.29619940e+00
 1.29972867e+00
 1.30419070e+00
 1.30953045e+00
 1.31568175e+00
 1.32256831e+00
 1.33010553e+00
 1.33820257e+00
 1.34676438e+00
 1.35569334e+00
 1.36489057e+00
 1.37425686e+00
 1.38369364e+00
 1.39310409e+00
 1.40239428e+00
 1.41147457e+00
 1.42026087e+00
 1.42867571e+00
 1.43664899e+00
 1.44411827e+00
 1.45102863e+00
 1.45733232e+00
 1.46298811e+00
 1.46796068e+00
 1.47221996e+00
 1.47574061e+00
 1.47850164e+00
 1.48048629e+00
 1.48168219e+00
 1.48208169e+00
 1.29000957e+00
 1.29054446e+00
 1.29213943e+00
 1.29476667e+00
 1.29838335e+00
 1.30293500e+00
 1.30835802e+00
 1.31458112e+00
 1.32152624e+00
 1.32910947e+00
 1.33724214e+00
 1.34583204e+00
 1.35478455e+00
 1.36400357e+00
 1.37339236e+00
 1.38285442e+00
 1.39229461e+00
 1.40162041e+00
 1.41074335e+00
 1.41958037e+00
 1.42805482e+00
 1.43609707e+00
 1.44364458e+00
 1.45064147e+00
 1.45703795e+00
 1.46278968e+00
 1.46785740e+00
 1.47220663e+00
 1.47580764e+00
 1.47863548e+00
 1.48067016e+00
 1.48189700e+00
 1.48230696e+00
 1.28862170e+00
 1.28916662e+00
 1.29079072e+00
 1.29346307e+00
 1.29713556e+00
 1.30174711e+00
 1.30722767e+00
 1.31350110e+00
 1.32048678e+00
 1.32810047e+00
 1.33625490e+00
 1.34486031e+00
 1.35382498e+00
 1.36305560e+00
 1.37245782e+00
 1.38193702e+00
 1.39139942e+00
 1.40075347e+00
 1.40991144e+00
 1.41879082e+00
 1.42731551e+00
 1.43541627e+00
 1.44303059e+00
 1.45010198e+00
 1.45657902e+00
 1.46241465e+00
 1.46756588e+00
 1.47199410e+00
 1.47566551e+00
 1.47855164e+00
 1.48062977e+00
 1.48188337e+00
 1.48230236e+00
 1.28747844e+00
 1.28802757e+00
 1.28966379e+00
 1.29235478e+00
 1.29605039e+00
 1.30068697e+00
 1.30619163e+00
 1.31248548e+00
 1.31948593e+00
 1.32710805e+00
 1.33526539e+00
 1.34387022e+00
 1.35283334e+00
 1.36206394e+00
 1.37146969e+00
 1.38095740e+00
 1.39043407e+00
 1.39980855e+00
 1.40899318e+00
 1.41790551e+00
 1.42646958e+00
 1.43461647e+00
 1.44228403e+00
 1.44941578e+00
 1.45595949e+00
 1.46186605e+00
 1.46708922e+00
 1.47158634e+00
 1.47531955e+00
 1.47825695e+00
 1.48037336e+00
 1.48165056e+00
 1.48207753e+00
 1.28658889e+00
 1.28713672e+00
 1.28876919e+00
 1.29145460e+00
 1.29514372e+00
 1.29977367e+00
 1.30527138e+00
 1.31155676e+00
 1.31854580e+00
 1.32615312e+00
 1.33429322e+00
 1.34288038e+00
 1.35182781e+00
 1.36104682e+00
 1.37044658e+00
 1.37993465e+00
 1.38941822e+00
 1.39880574e+00
 1.40800895e+00
 1.41694477e+00
 1.42553690e+00
 1.43371659e+00
 1.44142232e+00
 1.44859853e+00
 1.45519348e+00
 1.46115733e+00
 1.46644131e+00
 1.47099874e+00
 1.47478726e+00
 1.47777106e+00
 1.47992211e+00
 1.48122054e+00
 1.48165463e+00
 1.28592047e+00
 1.28646181e+00
 1.28807635e+00
 1.29073631e+00
 1.29439699e+00
 1.29899826e+00
 1.30446711e+00
 1.31072192e+00
 1.31767753e+00
 1.32524911e+00
 1.33335325e+00
 1.34190697e+00
 1.35082597e+00
 1.36002328e+00
 1.36940898e+00
 1.37889074e+00
 1.38837516e+00
 1.39776962e+00
 1.40698446e+00
 1.41593525e+00
 1.42454473e+00
 1.43274389e+00
 1.44047202e+00
 1.44767530e+00
 1.45430419e+00
 1.46031027e+00
 1.46564393e+00
 1.47025473e+00
 1.47409473e+00
 1.47712280e+00
 1.47930739e+00
 1.48062676e+00
 1.48106800e+00
 1.28538199e+00
 1.28591559e+00
 1.28750964e+00
 1.29014201e+00
 1.29377204e+00
 1.29834012e+00
 1.30377110e+00
 1.30998137e+00
 1.31688641e+00
 1.32440469e+00
 1.33245719e+00
 1.34096468e+00
 1.34984533e+00
 1.35901344e+00
 1.36837933e+00
 1.37785012e+00
 1.38733121e+00
 1.39672825e+00
 1.40594953e+00
 1.41490852e+00
 1.42352620e+00
 1.43173275e+00
 1.43946789e+00
 1.44667992e+00
 1.45332309e+00
 1.45935339e+00
 1.46472383e+00
 1.46938209e+00
 1.47327359e+00
 1.47634866e+00
 1.47856875e+00
 1.47990891e+00
 1.48035676e+00
 1.28487735e+00
 1.28541065e+00
 1.28700233e+00
 1.28962785e+00
 1.29324454e+00
 1.29778872e+00
 1.30318042e+00
 1.30933570e+00
 1.31617554e+00
 1.32362626e+00
 1.33161543e+00
 1.34006803e+00
 1.34890422e+00
 1.35803886e+00
 1.36738186e+00
 1.37683927e+00
 1.38631481e+00
 1.39571198e+00
 1.40493649e+00
 1.41389904e+00
 1.42251816e+00
 1.43072239e+00
 1.43845111e+00
 1.44565415e+00
 1.45229004e+00
 1.45832187e+00
 1.46371066e+00
 1.46840784e+00
 1.47235346e+00
 1.47548582e+00
 1.47775580e+00
 1.47913103e+00
 1.47959183e+00
 1.28443647e+00
 1.28496940e+00
 1.28656401e+00
 1.28919950e+00
 1.29282318e+00
 1.29735273e+00
 1.30269938e+00
 1.30878593e+00
 1.31554669e+00
 1.32291941e+00
 1.33083867e+00
 1.33923270e+00
 1.34802255e+00
 1.35712275e+00
 1.36644236e+00
 1.37588598e+00
 1.38535546e+00
 1.39475193e+00
 1.40397826e+00
 1.41294192e+00
 1.42155836e+00
 1.42975382e+00
 1.43746632e+00
 1.44464579e+00
 1.45125356e+00
 1.45726005e+00
 1.46263895e+00
 1.46735607e+00
 1.47135535e+00
 1.47455682e+00
 1.47688120e+00
 1.47828238e+00
 1.47874928e+00
 1.28397055e+00
 1.28452515e+00
 1.28617884e+00
 1.28888265e+00
 1.29254089e+00
 1.29704935e+00
 1.30233007e+00
 1.30832933e+00
 1.31500011e+00
 1.32229043e+00
 1.33013936e+00
 1.33847633e+00
 1.34722189e+00
 1.35628961e+00
 1.36558742e+00
 1.37501841e+00
 1.38448251e+00
 1.39387855e+00
 1.40310661e+00
 1.41207065e+00
 1.42068269e+00
 1.42886636e+00
 1.43655756e+00
 1.44370455e+00
 1.45026873e+00
 1.45622431e+00
 1.46155626e+00
 1.46625309e+00
 1.47028821e+00
 1.47359295e+00
 1.47605331e+00
 1.47756063e+00
 1.47806524e+00
 1.28360471e+00
 1.28421699e+00
 1.28599176e+00
 1.28878180e+00
 1.29244014e+00
 1.29687919e+00
 1.30206058e+00
 1.30795799e+00
 1.31453645e+00
 1.32174800e+00
 1.32953242e+00
 1.33781844e+00
 1.34652495e+00
 1.35556431e+00
 1.36484342e+00
 1.37426385e+00
 1.38372389e+00
 1.39312023e+00
 1.40235055e+00
 1.41131530e+00
 1.41992295e+00
 1.42809465e+00
 1.43576405e+00
 1.44287644e+00
 1.44939090e+00
 1.45528024e+00
 1.46053230e+00
 1.46514992e+00
 1.46914333e+00
 1.47249909e+00
 1.47512541e+00
 1.47683601e+00
 1.47743429e+00
 1.28380724e+00
 1.28443386e+00
 1.28621596e+00
 1.28895065e+00
 1.29249534e+00
 1.29680454e+00
 1.30186721e+00
 1.30766426e+00
 1.31415985e+00
 1.32130407e+00
 1.32903482e+00
 1.33727933e+00
 1.34595421e+00
 1.35497069e+00
 1.36423502e+00
 1.37364737e+00
 1.38310477e+00
 1.39250205e+00
 1.40173516e+00
 1.41070124e+00
 1.41930542e+00
 1.42746685e+00
 1.43511740e+00
 1.44219886e+00
 1.44866715e+00
 1.45449041e+00
 1.45965124e+00
 1.46414889e+00
 1.46800200e+00
 1.47123487e+00
 1.47381494e+00
 1.47555928e+00
 1.47618670e+00
 1.28445834e+00
 1.28504485e+00
 1.28669438e+00
 1.28923866e+00
 1.29260463e+00
 1.29677363e+00
 1.30173087e+00
 1.30744711e+00
 1.31387898e+00
 1.32097273e+00
 1.32866383e+00
 1.33687814e+00
 1.34552996e+00
 1.35452980e+00
 1.36378363e+00
 1.37319037e+00
 1.38264632e+00
 1.39204476e+00
 1.40128069e+00
 1.41024842e+00
 1.41885029e+00
 1.42700408e+00
 1.43464071e+00
 1.44169854e+00
 1.44813106e+00
 1.45390129e+00
 1.45898444e+00
 1.46336720e+00
 1.46705188e+00
 1.47005521e+00
 1.47238170e+00
 1.47394831e+00
 1.47452275e+00
 1.28512573e+00
 1.28563606e+00
 1.28710049e+00
 1.28945924e+00
 1.29268580e+00
 1.29675759e+00
 1.30164653e+00
 1.30731210e+00
 1.31370458e+00
 1.32076745e+00
 1.32843440e+00
 1.33663056e+00
 1.34526842e+00
 1.35425818e+00
 1.36350579e+00
 1.37290927e+00
 1.38236458e+00
 1.39176393e+00
 1.40100198e+00
 1.40997108e+00
 1.41857170e+00
 1.42672083e+00
 1.43434913e+00
 1.44139235e+00
 1.44780281e+00
 1.45353980e+00
 1.45857346e+00
 1.46288015e+00
 1.46644501e+00
 1.46926375e+00
 1.47133354e+00
 1.47263834e+00
 1.47310432e+00
 1.28540200e+00
 1.28586405e+00
 1.28724607e+00
 1.28953582e+00
 1.29271335e+00
 1.29675178e+00
 1.30161759e+00
 1.30726611e+00
 1.31364533e+00
 1.32069786e+00
 1.32835672e+00
 1.33654685e+00
 1.34518004e+00
 1.35416642e+00
 1.36341199e+00
 1.37281439e+00
 1.38226954e+00
 1.39166923e+00
 1.40090807e+00
 1.40987769e+00
 1.41847792e+00
 1.42662549e+00
 1.43425106e+00
 1.44128935e+00
 1.44769242e+00
 1.45341820e+00
 1.45843517e+00
 1.46271599e+00
 1.46623958e+00
 1.46899307e+00
 1.47096681e+00
 1.47215385e+00
 1.47255000e+00
