 1.19930900e+00
 1.19893339e+00
 1.19781651e+00
 1.19598785e+00
 1.19349476e+00
 1.19039997e+00
 1.18677852e+00
 1.18271552e+00
 1.17830151e+00
 1.17362809e+00
 1.16878623e+00
 1.16386443e+00
 1.15892141e+00
 1.15398112e+00
 1.14906002e+00
 1.14418620e+00
 1.13939803e+00
 1.13471241e+00
 1.13015210e+00
 1.12574363e+00
 1.12152145e+00
 1.11752030e+00
 1.11376212e+00
 1.11026440e+00
 1.10705953e+00
 1.10413664e+00
 1.10164913e+00
 1.09928884e+00
 1.09733160e+00
 1.09701967e+00
 1.09807807e+00
 1.09941670e+00
 1.10000000e+00
 1.19863812e+00
 1.19838512e+00
 1.19747936e+00
 1.19582958e+00
 1.19346475e+00
 1.19045659e+00
 1.18689334e+00
 1.18286926e+00
 1.17848059e+00
 1.17382237e+00
 1.16898775e+00
 1.16406586e+00
 1.15911694e+00
 1.15416759e+00
 1.14923613e+00
 1.14435141e+00
 1.13955125e+00
 1.13485398e+00
 1.13028274e+00
 1.12586461e+00
 1.12163396e+00
 1.11762550e+00
 1.11386185e+00
 1.11036248e+00
 1.10715849e+00
 1.10425030e+00
 1.10176779e+00
 1.09946947e+00
 1.09767319e+00
 1.09741259e+00
 1.09838180e+00
 1.09953583e+00
 1.10000000e+00
 1.19702812e+00
 1.19697124e+00
 1.19654324e+00
 1.19537661e+00
 1.19337755e+00
 1.19062252e+00
 1.18723101e+00
 1.18332262e+00
 1.17900956e+00
 1.17439691e+00
 1.16958402e+00
 1.16466245e+00
 1.15969692e+00
 1.15472132e+00
 1.14975946e+00
 1.14484239e+00
 1.14000699e+00
 1.13527524e+00
 1.13067165e+00
 1.12622474e+00
 1.12196886e+00
 1.11793873e+00
 1.11415916e+00
 1.11065444e+00
 1.10745493e+00
 1.10458442e+00
 1.10213041e+00
 1.10000620e+00
 1.09855860e+00
 1.09835926e+00
 1.09902792e+00
 1.09973646e+00
 1.10000000e+00
 1.19550108e+00
 1.19555360e+00
 1.19548128e+00
 1.19482207e+00
 1.19329804e+00
 1.19091021e+00
 1.18778295e+00
 1.18405822e+00
 1.17986727e+00
 1.17532902e+00
 1.17055195e+00
 1.16563243e+00
 1.16064221e+00
 1.15562573e+00
 1.15061525e+00
 1.14564557e+00
 1.14075351e+00
 1.13596586e+00
 1.13130967e+00
 1.12681553e+00
 1.12251820e+00
 1.11845275e+00
 1.11464775e+00
 1.11113313e+00
 1.10794325e+00
 1.10512106e+00
 1.10273466e+00
 1.10083043e+00
 1.09966507e+00
 1.09938951e+00
 1.09962790e+00
 1.09989987e+00
 1.10000000e+00
 1.19516256e+00
 1.19519076e+00
 1.19513088e+00
 1.19464947e+00
 1.19344445e+00
 1.19140041e+00
 1.18856705e+00
 1.18506536e+00
 1.18102973e+00
 1.17658842e+00
 1.17185872e+00
 1.16694349e+00
 1.16192323e+00
 1.15685442e+00
 1.15177972e+00
 1.14673921e+00
 1.14177160e+00
 1.13690878e+00
 1.13218146e+00
 1.12762275e+00
 1.12326851e+00
 1.11915489e+00
 1.11531512e+00
 1.11178477e+00
 1.10860518e+00
 1.10582965e+00
 1.10352655e+00
 1.10177963e+00
 1.10069426e+00
 1.10020724e+00
 1.10005385e+00
 1.10001108e+00
 1.10000000e+00
 1.19638399e+00
 1.19627949e+00
 1.19594657e+00
 1.19528549e+00
 1.19410881e+00
 1.19224823e+00
 1.18964761e+00
 1.18635714e+00
 1.18248252e+00
 1.17814623e+00
 1.17346854e+00
 1.16855780e+00
 1.16350326e+00
 1.15837326e+00
 1.15322140e+00
 1.14809451e+00
 1.14303514e+00
 1.13808044e+00
 1.13326545e+00
 1.12862624e+00
 1.12420046e+00
 1.12002618e+00
 1.11614103e+00
 1.11258551e+00
 1.10940609e+00
 1.10665778e+00
 1.10440094e+00
 1.10268682e+00
 1.10151411e+00
 1.10077850e+00
 1.10033238e+00
 1.10008236e+00
 1.10000000e+00
 1.19813682e+00
 1.19798235e+00
 1.19751190e+00
 1.19668918e+00
 1.19542463e+00
 1.19359613e+00
 1.19111548e+00
 1.18797265e+00
 1.18422823e+00
 1.17998258e+00
 1.17534903e+00
 1.17043702e+00
 1.16534222e+00
 1.16014299e+00
 1.15490310e+00
 1.14967687e+00
 1.14451213e+00
 1.13945136e+00
 1.13453424e+00
 1.12980007e+00
 1.12528880e+00
 1.12104074e+00
 1.11709681e+00
 1.11350021e+00
 1.11029748e+00
 1.10753627e+00
 1.10525569e+00
 1.10346671e+00
 1.10213128e+00
 1.10117193e+00
 1.10051680e+00
 1.10012915e+00
 1.10000000e+00
 1.20027569e+00
 1.20011379e+00
 1.19961048e+00
 1.19871960e+00
 1.19737659e+00
 1.19550613e+00
 1.19304207e+00
 1.18995794e+00
 1.18628202e+00
 1.18208799e+00
 1.17747438e+00
 1.17254571e+00
 1.16739986e+00
 1.16212196e+00
 1.15678398e+00
 1.15144741e+00
 1.14616585e+00
 1.14098706e+00
 1.13595522e+00
 1.13111299e+00
 1.12650264e+00
 1.12216638e+00
 1.11814663e+00
 1.11448614e+00
 1.11122654e+00
 1.10840295e+00
 1.10603399e+00
 1.10411117e+00
 1.10259938e+00
 1.10145486e+00
 1.10064645e+00
 1.10016183e+00
 1.10000000e+00
 1.20316627e+00
 1.20297694e+00
 1.20239997e+00
 1.20140745e+00
 1.19995399e+00
 1.19798578e+00
 1.19545570e+00
 1.19234100e+00
 1.18865672e+00
 1.18445682e+00
 1.17982339e+00
 1.17485171e+00
 1.16963732e+00
 1.16426810e+00
 1.15882141e+00
 1.15336448e+00
 1.14795625e+00
 1.14264927e+00
 1.13749180e+00
 1.13252953e+00
 1.12780675e+00
 1.12336669e+00
 1.11925138e+00
 1.11550058e+00
 1.11214883e+00
 1.10922016e+00
 1.10672230e+00
 1.10464519e+00
 1.10296799e+00
 1.10167112e+00
 1.10074436e+00
 1.10018646e+00
 1.10000000e+00
 1.20669547e+00
 1.20648123e+00
 1.20583065e+00
 1.20472222e+00
 1.20312566e+00
 1.20100806e+00
 1.19834216e+00
 1.19511692e+00
 1.19134684e+00
 1.18707581e+00
 1.18237297e+00
 1.17732317e+00
 1.17201635e+00
 1.16653945e+00
 1.16097203e+00
 1.15538499e+00
 1.14984131e+00
 1.14439742e+00
 1.13910488e+00
 1.13401183e+00
 1.12916391e+00
 1.12460441e+00
 1.12037375e+00
 1.11650782e+00
 1.11303514e+00
 1.10997360e+00
 1.10732892e+00
 1.10509717e+00
 1.10327104e+00
 1.10184609e+00
 1.10082306e+00
 1.10020622e+00
 1.10000000e+00
 1.21085410e+00
 1.21060665e+00
 1.20986030e+00
 1.20860436e+00
 1.20682466e+00
 1.20450782e+00
 1.20164604e+00
 1.19824269e+00
 1.19431819e+00
 1.18991365e+00
 1.18509014e+00
 1.17992349e+00
 1.17449676e+00
 1.16889331e+00
 1.16319206e+00
 1.15746531e+00
 1.15177833e+00
 1.14619017e+00
 1.14075471e+00
 1.13552173e+00
 1.13053752e+00
 1.12584484e+00
 1.12148215e+00
 1.11748220e+00
 1.11387013e+00
 1.11066237e+00
 1.10786739e+00
 1.10548880e+00
 1.10352942e+00
 1.10199398e+00
 1.10088935e+00
 1.10022285e+00
 1.10000000e+00
 1.21550853e+00
 1.21522055e+00
 1.21435803e+00
 1.21292487e+00
 1.21092668e+00
 1.20837080e+00
 1.20526806e+00
 1.20163629e+00
 1.19750435e+00
 1.19291517e+00
 1.18792619e+00
 1.18260678e+00
 1.17703346e+00
 1.17128475e+00
 1.16543697e+00
 1.15956173e+00
 1.15372493e+00
 1.14798683e+00
 1.14240259e+00
 1.13702284e+00
 1.13189399e+00
 1.12705805e+00
 1.12255202e+00
 1.11840691e+00
 1.11464704e+00
 1.11129022e+00
 1.10834925e+00
 1.10583432e+00
 1.10375531e+00
 1.10212266e+00
 1.10094693e+00
 1.10023729e+00
 1.10000000e+00
 1.22036683e+00
 1.22003978e+00
 1.21906437e+00
 1.21745609e+00
 1.21523660e+00
 1.21243120e+00
 1.20906840e+00
 1.20518130e+00
 1.20080965e+00
 1.19600177e+00
 1.19081523e+00
 1.18531576e+00
 1.17957470e+00
 1.17366561e+00
 1.16766117e+00
 1.16163092e+00
 1.15563997e+00
 1.14974862e+00
 1.14401237e+00
 1.13848208e+00
 1.13320400e+00
 1.12821958e+00
 1.12356507e+00
 1.11927116e+00
 1.11536303e+00
 1.11186107e+00
 1.10878237e+00
 1.10614231e+00
 1.10395561e+00
 1.10223647e+00
 1.10099780e+00
 1.10025004e+00
 1.10000000e+00
 1.22515177e+00
 1.22479385e+00
 1.22372627e+00
 1.22196756e+00
 1.21954774e+00
 1.21650591e+00
 1.21288715e+00
 1.20874055e+00
 1.20411855e+00
 1.19907737e+00
 1.19367745e+00
 1.18798333e+00
 1.18206273e+00
 1.17598486e+00
 1.16981855e+00
 1.16363056e+00
 1.15748441e+00
 1.15143964e+00
 1.14555145e+00
 1.13987054e+00
 1.13444297e+00
 1.12930995e+00
 1.12450773e+00
 1.12006760e+00
 1.11601641e+00
 1.11237740e+00
 1.10917135e+00
 1.10641751e+00
 1.10413404e+00
 1.10233769e+00
 1.10104302e+00
 1.10026137e+00
 1.10000000e+00
 1.22975011e+00
 1.22936082e+00
 1.22820172e+00
 1.22629812e+00
 1.22368945e+00
 1.22042615e+00
 1.21656634e+00
 1.21217234e+00
 1.20730814e+00
 1.20203798e+00
 1.19642617e+00
 1.19053741e+00
 1.18443704e+00
 1.17819078e+00
 1.17186397e+00
 1.16552063e+00
 1.15922243e+00
 1.15302781e+00
 1.14699145e+00
 1.14116380e+00
 1.13559083e+00
 1.13031388e+00
 1.12536967e+00
 1.12079066e+00
 1.11660557e+00
 1.11284024e+00
 1.10951843e+00
 1.10666230e+00
 1.10429245e+00
 1.10242747e+00
 1.10108311e+00
 1.10027142e+00
 1.10000000e+00
 1.23396001e+00
 1.23354334e+00
 1.23230360e+00
 1.23027099e+00
 1.22749322e+00
 1.22403168e+00
 1.21995646e+00
 1.21534131e+00
 1.21025966e+00
 1.20478227e+00
 1.19897666e+00
 1.19290785e+00
 1.18663947e+00
 1.18023461e+00
 1.17375593e+00
 1.16726524e+00
 1.16082265e+00
 1.15448573e+00
 1.14830873e+00
 1.14234201e+00
 1.13663167e+00
 1.13121947e+00
 1.12614295e+00
 1.12143584e+00
 1.11712869e+00
 1.11324953e+00
 1.10982441e+00
 1.10687765e+00
 1.10443164e+00
 1.10250631e+00
 1.10111830e+00
 1.10028024e+00
 1.10000000e+00
 1.23761809e+00
 1.23717715e+00
 1.23586670e+00
 1.23372272e+00
 1.23080155e+00
 1.22717468e+00
 1.22292234e+00
 1.21812709e+00
 1.21286875e+00
 1.20722188e+00
 1.20125543e+00
 1.19503410e+00
 1.18862018e+00
 1.18207501e+00
 1.17545968e+00
 1.16883475e+00
 1.16225963e+00
 1.15579157e+00
 1.14948480e+00
 1.14338992e+00
 1.13755346e+00
 1.13201783e+00
 1.12682153e+00
 1.12199956e+00
 1.11758402e+00
 1.11360467e+00
 1.11008930e+00
 1.10706380e+00
 1.10455186e+00
 1.10257437e+00
 1.10114869e+00
 1.10028786e+00
 1.10000000e+00
 1.24055489e+00
 1.24009463e+00
 1.23872858e+00
 1.23649928e+00
 1.23347196e+00
 1.22972715e+00
 1.22535232e+00
 1.22043461e+00
 1.21505601e+00
 1.20929136e+00
 1.20320894e+00
 1.19687242e+00
 1.19034321e+00
 1.18368213e+00
 1.17695008e+00
 1.17020782e+00
 1.16351513e+00
 1.15692980e+00
 1.15050666e+00
 1.14429696e+00
 1.13834795e+00
 1.13270290e+00
 1.12740128e+00
 1.12247924e+00
 1.11797013e+00
 1.11390499e+00
 1.11031285e+00
 1.10722069e+00
 1.10465309e+00
 1.10263166e+00
 1.10117426e+00
 1.10029427e+00
 1.10000000e+00
 1.24259371e+00
 1.24212357e+00
 1.24073005e+00
 1.23846102e+00
 1.23538782e+00
 1.23159546e+00
 1.22717328e+00
 1.22220770e+00
 1.21677835e+00
 1.21095732e+00
 1.20481071e+00
 1.19840121e+00
 1.19179045e+00
 1.18504039e+00
 1.17821360e+00
 1.17137262e+00
 1.16457889e+00
 1.15789166e+00
 1.15136701e+00
 1.14505727e+00
 1.13901067e+00
 1.13327143e+00
 1.12787999e+00
 1.12287347e+00
 1.11828619e+00
 1.11415004e+00
 1.11049484e+00
 1.10734821e+00
 1.10473531e+00
 1.10267817e+00
 1.10119501e+00
 1.10029947e+00
 1.10000000e+00
 1.24361980e+00
 1.24315555e+00
 1.24177950e+00
 1.23953874e+00
 1.23650277e+00
 1.23275309e+00
 1.22837365e+00
 1.22344446e+00
 1.21803896e+00
 1.21222456e+00
 1.20606502e+00
 1.19962319e+00
 1.19296285e+00
 1.18614927e+00
 1.17924869e+00
 1.17232706e+00
 1.16544870e+00
 1.15867514e+00
 1.15206424e+00
 1.14566968e+00
 1.13954087e+00
 1.13372302e+00
 1.12825749e+00
 1.12318223e+00
 1.11853220e+00
 1.11433983e+00
 1.11063525e+00
 1.10744636e+00
 1.10479849e+00
 1.10271389e+00
 1.10121094e+00
 1.10030346e+00
 1.10000000e+00
 1.24369433e+00
 1.24325235e+00
 1.24194064e+00
 1.23979905e+00
 1.23688588e+00
 1.23326926e+00
 1.22901967e+00
 1.22420514e+00
 1.21888989e+00
 1.21313581e+00
 1.20700527e+00
 1.20056332e+00
 1.19387843e+00
 1.18702156e+00
 1.18006447e+00
 1.17307787e+00
 1.16612980e+00
 1.15928457e+00
 1.15260208e+00
 1.14613755e+00
 1.13994153e+00
 1.13406022e+00
 1.12853582e+00
 1.12340697e+00
 1.11870912e+00
 1.11447488e+00
 1.11073436e+00
 1.10751523e+00
 1.10484268e+00
 1.10273882e+00
 1.10122206e+00
 1.10030625e+00
 1.10000000e+00
 1.24304940e+00
 1.24264315e+00
 1.24143335e+00
 1.23944580e+00
 1.23671985e+00
 1.23330326e+00
 1.22924705e+00
 1.22460269e+00
 1.21942261e+00
 1.21376290e+00
 1.20768617e+00
 1.20126238e+00
 1.19456732e+00
 1.18767973e+00
 1.18067819e+00
 1.17363879e+00
 1.16663359e+00
 1.15972976e+00
 1.15298919e+00
 1.14646850e+00
 1.14021929e+00
 1.13428856e+00
 1.12871929e+00
 1.12355076e+00
 1.11881886e+00
 1.11455624e+00
 1.11079260e+00
 1.10755499e+00
 1.10486789e+00
 1.10275297e+00
 1.10122835e+00
 1.10030782e+00
 1.10000000e+00
 1.24203622e+00
 1.24166909e+00
 1.24057224e+00
 1.23875849e+00
 1.23624697e+00
 1.23306121e+00
 1.22922784e+00
 1.22477740e+00
 1.21974819e+00
 1.21419109e+00
 1.20817163e+00
 1.20176783e+00
 1.19506520e+00
 1.18815138e+00
 1.18111207e+00
 1.17402851e+00
 1.16697630e+00
 1.16002508e+00
 1.15323843e+00
 1.14667407e+00
 1.14038430e+00
 1.13441667e+00
 1.12881474e+00
 1.12361852e+00
 1.11886446e+00
 1.11458539e+00
 1.11081046e+00
 1.10756559e+00
 1.10487397e+00
 1.10275619e+00
 1.10122975e+00
 1.10030817e+00
 1.10000000e+00
 1.24093558e+00
 1.24060822e+00
 1.23962575e+00
 1.23798768e+00
 1.23569368e+00
 1.23274212e+00
 1.22913143e+00
 1.22486753e+00
 1.21997448e+00
 1.21450146e+00
 1.20852169e+00
 1.20212469e+00
 1.19540706e+00
 1.18846516e+00
 1.18139071e+00
 1.17426883e+00
 1.16717767e+00
 1.16018857e+00
 1.15336630e+00
 1.14676928e+00
 1.14045006e+00
 1.13445627e+00
 1.12883178e+00
 1.12361730e+00
 1.11885030e+00
 1.11456429e+00
 1.11078819e+00
 1.10754647e+00
 1.10486020e+00
 1.10274797e+00
 1.10122601e+00
 1.10030723e+00
 1.10000000e+00
 1.23994700e+00
 1.23965558e+00
 1.23878047e+00
 1.23731413e+00
 1.23523509e+00
 1.23250912e+00
 1.22909975e+00
 1.22498717e+00
 1.22018715e+00
 1.21475631e+00
 1.20878238e+00
 1.20236904e+00
 1.19562335e+00
 1.18864831e+00
 1.18153935e+00
 1.17438353e+00
 1.16726005e+00
 1.16024111e+00
 1.15339219e+00
 1.14677207e+00
 1.14043303e+00
 1.13442214e+00
 1.12878298e+00
 1.12355683e+00
 1.11878262e+00
 1.11449562e+00
 1.11072562e+00
 1.10749598e+00
 1.10482476e+00
 1.10272705e+00
 1.10121652e+00
 1.10030484e+00
 1.10000000e+00
 1.23911543e+00
 1.23887368e+00
 1.23813433e+00
 1.23686190e+00
 1.23500439e+00
 1.23248857e+00
 1.22923733e+00
 1.22521187e+00
 1.22043673e+00
 1.21499051e+00
 1.20898131e+00
 1.20252610e+00
 1.19573904e+00
 1.18872609e+00
 1.18158339e+00
 1.17439767e+00
 1.16724768e+00
 1.16020567e+00
 1.15333767e+00
 1.14670260e+00
 1.14035201e+00
 1.13433159e+00
 1.12868381e+00
 1.12344997e+00
 1.11867056e+00
 1.11438375e+00
 1.11062244e+00
 1.10741084e+00
 1.10476380e+00
 1.10269063e+00
 1.10119992e+00
 1.10030066e+00
 1.10000000e+00
 1.23869231e+00
 1.23847574e+00
 1.23783101e+00
 1.23674114e+00
 1.23510920e+00
 1.23277287e+00
 1.22960175e+00
 1.22556710e+00
 1.22073274e+00
 1.21521135e+00
 1.20912993e+00
 1.20261275e+00
 1.19577537e+00
 1.18872264e+00
 1.18154848e+00
 1.17433726e+00
 1.16716606e+00
 1.16010662e+00
 1.15322561e+00
 1.14658232e+00
 1.14022717e+00
 1.13420359e+00
 1.12855191e+00
 1.12331260e+00
 1.11852706e+00
 1.11423667e+00
 1.11047983e+00
 1.10728616e+00
 1.10467022e+00
 1.10263314e+00
 1.10117341e+00
 1.10029397e+00
 1.10000000e+00
 1.23814454e+00
 1.23803539e+00
 1.23769196e+00
 1.23698645e+00
 1.23564544e+00
 1.23341036e+00
 1.23018428e+00
 1.22602175e+00
 1.22104904e+00
 1.21540749e+00
 1.20923121e+00
 1.20264245e+00
 1.19575253e+00
 1.18866198e+00
 1.18146046e+00
 1.17422866e+00
 1.16704112e+00
 1.15996871e+00
 1.15307931e+00
 1.14643302e+00
 1.14007892e+00
 1.13405740e+00
 1.12840563e+00
 1.12316242e+00
 1.11836889e+00
 1.11406820e+00
 1.11030438e+00
 1.10711780e+00
 1.10453286e+00
 1.10254426e+00
 1.10113151e+00
 1.10028332e+00
 1.10000000e+00
 1.23784186e+00
 1.23799030e+00
 1.23820278e+00
 1.23794242e+00
 1.23672261e+00
 1.23435196e+00
 1.23089173e+00
 1.22650051e+00
 1.22134275e+00
 1.21556344e+00
 1.20928834e+00
 1.20262974e+00
 1.19569143e+00
 1.18856834e+00
 1.18134490e+00
 1.17409758e+00
 1.16689808e+00
 1.15981608e+00
 1.15292147e+00
 1.14627580e+00
 1.13992674e+00
 1.13391113e+00
 1.12826217e+00
 1.12301669e+00
 1.11821442e+00
 1.11389790e+00
 1.11011326e+00
 1.10690972e+00
 1.10433936e+00
 1.10240762e+00
 1.10106457e+00
 1.10026617e+00
 1.10000000e+00
 1.23968675e+00
 1.23990926e+00
 1.24019478e+00
 1.23977398e+00
 1.23817783e+00
 1.23538827e+00
 1.23157520e+00
 1.22692121e+00
 1.22157830e+00
 1.21567173e+00
 1.20930983e+00
 1.20259183e+00
 1.19561375e+00
 1.18846532e+00
 1.18122583e+00
 1.17396771e+00
 1.16676006e+00
 1.15967095e+00
 1.15277316e+00
 1.14613011e+00
 1.13978816e+00
 1.13378057e+00
 1.12813608e+00
 1.12288991e+00
 1.11808016e+00
 1.11374642e+00
 1.10993450e+00
 1.10668497e+00
 1.10408893e+00
 1.10220635e+00
 1.10095930e+00
 1.10023866e+00
 1.10000000e+00
 1.24314404e+00
 1.24320974e+00
 1.24297378e+00
 1.24181103e+00
 1.23954205e+00
 1.23625813e+00
 1.23210871e+00
 1.22723126e+00
 1.22174062e+00
 1.21573629e+00
 1.20930931e+00
 1.20254725e+00
 1.19554028e+00
 1.18837426e+00
 1.18112424e+00
 1.17385929e+00
 1.16664661e+00
 1.15955238e+00
 1.15265266e+00
 1.14601273e+00
 1.13967788e+00
 1.13367832e+00
 1.12803853e+00
 1.12279267e+00
 1.11797811e+00
 1.11362925e+00
 1.10979624e+00
 1.10648682e+00
 1.10381565e+00
 1.10194941e+00
 1.10080915e+00
 1.10019773e+00
 1.10000000e+00
 1.24638377e+00
 1.24613808e+00
 1.24514936e+00
 1.24324501e+00
 1.24043945e+00
 1.23680592e+00
 1.23243410e+00
 1.22741460e+00
 1.22183218e+00
 1.21576795e+00
 1.20930151e+00
 1.20251272e+00
 1.19548842e+00
 1.18831224e+00
 1.18105640e+00
 1.17378776e+00
 1.16657247e+00
 1.15947503e+00
 1.15257424e+00
 1.14593673e+00
 1.13960705e+00
 1.13361340e+00
 1.12797711e+00
 1.12273176e+00
 1.11791513e+00
 1.11355549e+00
 1.10971300e+00
 1.10635701e+00
 1.10359545e+00
 1.10171199e+00
 1.10064657e+00
 1.10014718e+00
 1.10000000e+00
 1.24769000e+00
 1.24724504e+00
 1.24591901e+00
 1.24373781e+00
 1.24074296e+00
 1.23698928e+00
 1.23254186e+00
 1.22747454e+00
 1.22186134e+00
 1.21577713e+00
 1.20929754e+00
 1.20249983e+00
 1.19546978e+00
 1.18829030e+00
 1.18103261e+00
 1.17376282e+00
 1.16654674e+00
 1.15944819e+00
 1.15254705e+00
 1.14591043e+00
 1.13958264e+00
 1.13359118e+00
 1.12795618e+00
 1.12271104e+00
 1.11789395e+00
 1.11353027e+00
 1.10968578e+00
 1.10631328e+00
 1.10351026e+00
 1.10161326e+00
 1.10057001e+00
 1.10011711e+00
 1.10000000e+00
