 1.24769000e+00
 1.24724506e+00
 1.24591901e+00
 1.24373781e+00
 1.24074300e+00
 1.23698927e+00
 1.23254186e+00
 1.22747455e+00
 1.22186134e+00
 1.21577713e+00
 1.20929752e+00
 1.20249983e+00
 1.19546976e+00
 1.18829027e+00
 1.18103261e+00
 1.17376282e+00
 1.16654674e+00
 1.15944819e+00
 1.15254705e+00
 1.14591044e+00
 1.13958265e+00
 1.13359117e+00
 1.12795618e+00
 1.12271104e+00
 1.11789395e+00
 1.11353027e+00
 1.10968578e+00
 1.10631328e+00
 1.10351026e+00
 1.10161325e+00
 1.10057000e+00
 1.10011711e+00
 1.10000000e+00
 1.24644289e+00
 1.24619794e+00
 1.24521137e+00
 1.24331045e+00
 1.24050933e+00
 1.23688077e+00
 1.23251411e+00
 1.22749950e+00
 1.22192128e+00
 1.21586028e+00
 1.20939584e+00
 1.20260774e+00
 1.19558273e+00
 1.18840452e+00
 1.18114544e+00
 1.17387246e+00
 1.16665191e+00
 1.15954847e+00
 1.15264116e+00
 1.14599674e+00
 1.13965999e+00
 1.13365924e+00
 1.12801599e+00
 1.12276396e+00
 1.11794106e+00
 1.11357565e+00
 1.10972800e+00
 1.10636754e+00
 1.10360224e+00
 1.10171584e+00
 1.10064829e+00
 1.10014761e+00
 1.10000000e+00
 1.24337998e+00
 1.24344864e+00
 1.24322134e+00
 1.24207228e+00
 1.23982089e+00
 1.23655690e+00
 1.23242805e+00
 1.22757007e+00
 1.22209622e+00
 1.21610476e+00
 1.20968581e+00
 1.20292646e+00
 1.19591670e+00
 1.18874258e+00
 1.18147957e+00
 1.17419728e+00
 1.16696361e+00
 1.15984547e+00
 1.15291968e+00
 1.14625223e+00
 1.13988912e+00
 1.13386123e+00
 1.12819367e+00
 1.12292116e+00
 1.11808156e+00
 1.11370971e+00
 1.10985611e+00
 1.10652883e+00
 1.10384275e+00
 1.10196475e+00
 1.10081599e+00
 1.10019944e+00
 1.10000000e+00
 1.24021616e+00
 1.24044532e+00
 1.24075029e+00
 1.24036021e+00
 1.23880347e+00
 1.23605858e+00
 1.23229158e+00
 1.22768115e+00
 1.22237580e+00
 1.21649799e+00
 1.21015403e+00
 1.20344202e+00
 1.19645765e+00
 1.18929101e+00
 1.18202235e+00
 1.17472534e+00
 1.16747062e+00
 1.16032791e+00
 1.15337165e+00
 1.14666690e+00
 1.14026161e+00
 1.13419054e+00
 1.12848381e+00
 1.12317790e+00
 1.11831202e+00
 1.11392674e+00
 1.11006870e+00
 1.10677913e+00
 1.10414968e+00
 1.10224073e+00
 1.10097465e+00
 1.10024251e+00
 1.10000000e+00
 1.23878131e+00
 1.23894157e+00
 1.23918856e+00
 1.23898261e+00
 1.23783247e+00
 1.23554068e+00
 1.23216165e+00
 1.22784712e+00
 1.22275543e+00
 1.21702660e+00
 1.21078288e+00
 1.20413456e+00
 1.19718483e+00
 1.19002931e+00
 1.18275405e+00
 1.17543780e+00
 1.16815495e+00
 1.16097806e+00
 1.15397998e+00
 1.14722516e+00
 1.14076406e+00
 1.13463617e+00
 1.12887712e+00
 1.12352598e+00
 1.11862446e+00
 1.11421680e+00
 1.11035058e+00
 1.10707624e+00
 1.10444680e+00
 1.10246842e+00
 1.10109170e+00
 1.10027297e+00
 1.10000000e+00
 1.23961375e+00
 1.23952304e+00
 1.23923342e+00
 1.23861257e+00
 1.23737962e+00
 1.23526642e+00
 1.23216548e+00
 1.22812089e+00
 1.22324955e+00
 1.21768520e+00
 1.21155651e+00
 1.20498266e+00
 1.19807410e+00
 1.19093244e+00
 1.18364983e+00
 1.17631052e+00
 1.16899319e+00
 1.16177319e+00
 1.15472294e+00
 1.14790706e+00
 1.14137894e+00
 1.13518304e+00
 1.12936034e+00
 1.12395308e+00
 1.11900544e+00
 1.11456326e+00
 1.11067281e+00
 1.10737631e+00
 1.10469965e+00
 1.10263864e+00
 1.10117364e+00
 1.10029388e+00
 1.10000000e+00
 1.24082112e+00
 1.24063124e+00
 1.24006407e+00
 1.23909532e+00
 1.23761694e+00
 1.23545295e+00
 1.23245811e+00
 1.22858911e+00
 1.22389660e+00
 1.21848255e+00
 1.21246629e+00
 1.20596780e+00
 1.19910148e+00
 1.19197373e+00
 1.18468207e+00
 1.17731591e+00
 1.16995824e+00
 1.16268713e+00
 1.15557572e+00
 1.14868968e+00
 1.14208557e+00
 1.13581261e+00
 1.12991653e+00
 1.12444270e+00
 1.11943687e+00
 1.11494423e+00
 1.11100640e+00
 1.10765563e+00
 1.10490860e+00
 1.10276804e+00
 1.10123361e+00
 1.10030905e+00
 1.10000000e+00
 1.24206194e+00
 1.24185586e+00
 1.24121989e+00
 1.24010834e+00
 1.23845405e+00
 1.23616556e+00
 1.23314620e+00
 1.22933787e+00
 1.22474765e+00
 1.21943986e+00
 1.21351250e+00
 1.20707692e+00
 1.20024584e+00
 1.19312742e+00
 1.18582269e+00
 1.17842511e+00
 1.17102134e+00
 1.16369208e+00
 1.15651198e+00
 1.14954847e+00
 1.14286131e+00
 1.13650394e+00
 1.13052605e+00
 1.12497553e+00
 1.11989870e+00
 1.11533885e+00
 1.11133321e+00
 1.10790956e+00
 1.10508557e+00
 1.10287272e+00
 1.10128118e+00
 1.10032103e+00
 1.10000000e+00
 1.24391363e+00
 1.24366624e+00
 1.24291894e+00
 1.24165196e+00
 1.23982534e+00
 1.23738207e+00
 1.23426079e+00
 1.23041693e+00
 1.22584382e+00
 1.22057993e+00
 1.21470029e+00
 1.20830166e+00
 1.20148961e+00
 1.19437010e+00
 1.18704490e+00
 1.17960972e+00
 1.17215383e+00
 1.16476016e+00
 1.15750517e+00
 1.15045846e+00
 1.14368277e+00
 1.13723508e+00
 1.13116821e+00
 1.12553189e+00
 1.12037255e+00
 1.11573203e+00
 1.11164572e+00
 1.10814157e+00
 1.10524128e+00
 1.10296275e+00
 1.10132172e+00
 1.10033121e+00
 1.10000000e+00
 1.24616707e+00
 1.24589122e+00
 1.24505876e+00
 1.24365592e+00
 1.24166106e+00
 1.23904511e+00
 1.23577570e+00
 1.23182789e+00
 1.22719799e+00
 1.22191310e+00
 1.21603131e+00
 1.20963427e+00
 1.20281723e+00
 1.19568054e+00
 1.18832386e+00
 1.18084300e+00
 1.17332843e+00
 1.16586461e+00
 1.15852971e+00
 1.15139542e+00
 1.14452711e+00
 1.13798463e+00
 1.13182323e+00
 1.12609407e+00
 1.12084397e+00
 1.11611462e+00
 1.11194187e+00
 1.10835593e+00
 1.10538244e+00
 1.10304351e+00
 1.10135791e+00
 1.10034028e+00
 1.10000000e+00
 1.24881073e+00
 1.24850333e+00
 1.24758032e+00
 1.24603876e+00
 1.24387244e+00
 1.24107197e+00
 1.23762683e+00
 1.23353061e+00
 1.22878906e+00
 1.22342774e+00
 1.21749544e+00
 1.21106191e+00
 1.20421186e+00
 1.19703821e+00
 1.18963633e+00
 1.18210016e+00
 1.17451987e+00
 1.16698061e+00
 1.15956177e+00
 1.15233678e+00
 1.14537317e+00
 1.13873306e+00
 1.13247368e+00
 1.12664757e+00
 1.12130250e+00
 1.11648117e+00
 1.11222116e+00
 1.10855536e+00
 1.10551254e+00
 1.10311755e+00
 1.10139103e+00
 1.10034859e+00
 1.10000000e+00
 1.25170311e+00
 1.25136584e+00
 1.25035622e+00
 1.24867996e+00
 1.24634432e+00
 1.24335639e+00
 1.23972318e+00
 1.23545421e+00
 1.23056621e+00
 1.22508848e+00
 1.21906648e+00
 1.21256237e+00
 1.20565216e+00
 1.19842122e+00
 1.19095956e+00
 1.18335791e+00
 1.17570496e+00
 1.16808559e+00
 1.16057982e+00
 1.15326230e+00
 1.14620224e+00
 1.13946356e+00
 1.13310518e+00
 1.12718114e+00
 1.12174063e+00
 1.11682803e+00
 1.11248304e+00
 1.10874101e+00
 1.10563307e+00
 1.10318597e+00
 1.10142160e+00
 1.10035625e+00
 1.10000000e+00
 1.25467291e+00
 1.25431014e+00
 1.25322570e+00
 1.25143047e+00
 1.24894061e+00
 1.24577560e+00
 1.24195695e+00
 1.23750837e+00
 1.23245780e+00
 1.22684064e+00
 1.22070293e+00
 1.21410296e+00
 1.20711060e+00
 1.19980481e+00
 1.19227025e+00
 1.18459390e+00
 1.17686222e+00
 1.16915916e+00
 1.16156474e+00
 1.15415435e+00
 1.14699838e+00
 1.14016221e+00
 1.13370628e+00
 1.12768619e+00
 1.12215278e+00
 1.11715232e+00
 1.11272657e+00
 1.10891295e+00
 1.10574442e+00
 1.10324911e+00
 1.10144980e+00
 1.10036332e+00
 1.10000000e+00
 1.25759808e+00
 1.25721308e+00
 1.25606304e+00
 1.25416249e+00
 1.25153439e+00
 1.24820801e+00
 1.24421644e+00
 1.23959506e+00
 1.23438164e+00
 1.22861806e+00
 1.22235277e+00
 1.21564277e+00
 1.20855419e+00
 1.20116127e+00
 1.19354418e+00
 1.18578631e+00
 1.17797172e+00
 1.17018301e+00
 1.16249984e+00
 1.15499789e+00
 1.14774838e+00
 1.14081783e+00
 1.13426804e+00
 1.12815613e+00
 1.12253463e+00
 1.11745157e+00
 1.11295057e+00
 1.10907075e+00
 1.10584646e+00
 1.10330692e+00
 1.10147561e+00
 1.10036979e+00
 1.10000000e+00
 1.26036870e+00
 1.25996295e+00
 1.25875254e+00
 1.25675707e+00
 1.25400658e+00
 1.25053848e+00
 1.24639446e+00
 1.24161829e+00
 1.23625506e+00
 1.23035197e+00
 1.22396028e+00
 1.21713724e+00
 1.20994717e+00
 1.20246138e+00
 1.19475683e+00
 1.18691404e+00
 1.17901495e+00
 1.17114082e+00
 1.16337071e+00
 1.15578035e+00
 1.14844149e+00
 1.14142157e+00
 1.13478354e+00
 1.12858592e+00
 1.12288275e+00
 1.11772367e+00
 1.11315383e+00
 1.10921372e+00
 1.10593884e+00
 1.10335923e+00
 1.10149897e+00
 1.10037564e+00
 1.10000000e+00
 1.26283330e+00
 1.26241158e+00
 1.26115456e+00
 1.25908547e+00
 1.25623959e+00
 1.25266025e+00
 1.24839497e+00
 1.24349294e+00
 1.23800408e+00
 1.23197956e+00
 1.22547330e+00
 1.21854370e+00
 1.21125487e+00
 1.20367685e+00
 1.19588482e+00
 1.18795750e+00
 1.17997529e+00
 1.17201837e+00
 1.16416521e+00
 1.15649146e+00
 1.14906921e+00
 1.14196658e+00
 1.13524752e+00
 1.12897171e+00
 1.12319451e+00
 1.11796688e+00
 1.11333525e+00
 1.10934121e+00
 1.10602117e+00
 1.10340585e+00
 1.10151977e+00
 1.10038086e+00
 1.10000000e+00
 1.26486887e+00
 1.26443825e+00
 1.26315501e+00
 1.26104359e+00
 1.25814077e+00
 1.25449156e+00
 1.25014566e+00
 1.24515491e+00
 1.23957218e+00
 1.23345158e+00
 1.22684960e+00
 1.21982654e+00
 1.21244757e+00
 1.20478301e+00
 1.19690770e+00
 1.18889968e+00
 1.18083856e+00
 1.17280383e+00
 1.16487353e+00
 1.15712319e+00
 1.14962508e+00
 1.14244784e+00
 1.13565619e+00
 1.12931077e+00
 1.12346800e+00
 1.11817994e+00
 1.11349401e+00
 1.10945271e+00
 1.10609315e+00
 1.10344659e+00
 1.10153796e+00
 1.10038542e+00
 1.10000000e+00
 1.26642914e+00
 1.26599808e+00
 1.26471217e+00
 1.26259268e+00
 1.25967318e+00
 1.25599651e+00
 1.25161148e+00
 1.24657021e+00
 1.24092686e+00
 1.23473755e+00
 1.22806124e+00
 1.22096072e+00
 1.21350334e+00
 1.20576101e+00
 1.19780950e+00
 1.18972722e+00
 1.18159371e+00
 1.17348819e+00
 1.16548844e+00
 1.15766981e+00
 1.15010468e+00
 1.14286203e+00
 1.13600715e+00
 1.12960142e+00
 1.12370210e+00
 1.11836210e+00
 1.11362964e+00
 1.10954791e+00
 1.10615458e+00
 1.10348136e+00
 1.10155348e+00
 1.10038930e+00
 1.10000000e+00
 1.26758648e+00
 1.26715826e+00
 1.26588018e+00
 1.26377125e+00
 1.26086114e+00
 1.25718804e+00
 1.25279668e+00
 1.24773656e+00
 1.24206101e+00
 1.23582706e+00
 1.22909587e+00
 1.22193316e+00
 1.21440931e+00
 1.20659888e+00
 1.19857962e+00
 1.19043110e+00
 1.18223334e+00
 1.17406561e+00
 1.16600545e+00
 1.15812805e+00
 1.15050572e+00
 1.14320762e+00
 1.13629944e+00
 1.12984310e+00
 1.12389651e+00
 1.11851323e+00
 1.11374209e+00
 1.10962680e+00
 1.10620548e+00
 1.10351016e+00
 1.10156633e+00
 1.10039253e+00
 1.10000000e+00
 1.26840275e+00
 1.26798122e+00
 1.26672165e+00
 1.26463899e+00
 1.26175744e+00
 1.25810938e+00
 1.25373404e+00
 1.24867674e+00
 1.24298868e+00
 1.23672702e+00
 1.22995501e+00
 1.22274170e+00
 1.21516119e+00
 1.20729149e+00
 1.19921296e+00
 1.19100684e+00
 1.18275393e+00
 1.17453358e+00
 1.16642307e+00
 1.15849721e+00
 1.15082811e+00
 1.14348493e+00
 1.13653359e+00
 1.13003643e+00
 1.12405184e+00
 1.11863385e+00
 1.11383177e+00
 1.10968969e+00
 1.10624604e+00
 1.10353311e+00
 1.10157657e+00
 1.10039509e+00
 1.10000000e+00
 1.26897832e+00
 1.26856447e+00
 1.26732685e+00
 1.26527703e+00
 1.26243351e+00
 1.25882152e+00
 1.25447341e+00
 1.24942930e+00
 1.24373779e+00
 1.23745616e+00
 1.23065008e+00
 1.22339243e+00
 1.21576161e+00
 1.20783950e+00
 1.19970941e+00
 1.19145435e+00
 1.18315584e+00
 1.17489309e+00
 1.16674284e+00
 1.15877928e+00
 1.15107407e+00
 1.14369620e+00
 1.13671171e+00
 1.13018326e+00
 1.12416960e+00
 1.11872518e+00
 1.11389959e+00
 1.10973721e+00
 1.10627667e+00
 1.10355044e+00
 1.10158431e+00
 1.10039703e+00
 1.10000000e+00
 1.26939631e+00
 1.26899187e+00
 1.26778054e+00
 1.26576842e+00
 1.26296661e+00
 1.25939248e+00
 1.25507151e+00
 1.25003915e+00
 1.24434211e+00
 1.23803865e+00
 1.23119760e+00
 1.22389630e+00
 1.21621781e+00
 1.20824802e+00
 1.20007307e+00
 1.19177750e+00
 1.18344308e+00
 1.17514848e+00
 1.16696940e+00
 1.15897898e+00
 1.15124815e+00
 1.14384561e+00
 1.13683746e+00
 1.13028664e+00
 1.12425226e+00
 1.11878906e+00
 1.11394690e+00
 1.10977029e+00
 1.10629797e+00
 1.10356248e+00
 1.10158968e+00
 1.10039838e+00
 1.10000000e+00
 1.26976891e+00
 1.26937288e+00
 1.26818465e+00
 1.26620461e+00
 1.26343614e+00
 1.25988893e+00
 1.25558243e+00
 1.25054865e+00
 1.24483378e+00
 1.23849823e+00
 1.23161494e+00
 1.22426618e+00
 1.21653979e+00
 1.20852543e+00
 1.20031159e+00
 1.19198370e+00
 1.18362317e+00
 1.17530739e+00
 1.16711036e+00
 1.15910366e+00
 1.15135718e+00
 1.14393924e+00
 1.13691602e+00
 1.13035080e+00
 1.12430309e+00
 1.11882795e+00
 1.11397543e+00
 1.10979009e+00
 1.10631066e+00
 1.10356963e+00
 1.10159287e+00
 1.10039918e+00
 1.10000000e+00
 1.27019480e+00
 1.26980335e+00
 1.26862715e+00
 1.26666216e+00
 1.26390597e+00
 1.26036263e+00
 1.25604727e+00
 1.25098993e+00
 1.24523765e+00
 1.23885423e+00
 1.23191752e+00
 1.22451505e+00
 1.21673919e+00
 1.20868274e+00
 1.20043576e+00
 1.19208372e+00
 1.18370686e+00
 1.17538048e+00
 1.16717610e+00
 1.15916311e+00
 1.15141005e+00
 1.14398483e+00
 1.13695387e+00
 1.13038096e+00
 1.12432610e+00
 1.11884476e+00
 1.11398719e+00
 1.10979793e+00
 1.10631554e+00
 1.10357234e+00
 1.10159407e+00
 1.10039948e+00
 1.10000000e+00
 1.27071921e+00
 1.27032695e+00
 1.26914783e+00
 1.26717609e+00
 1.26440636e+00
 1.26083931e+00
 1.25648758e+00
 1.25138092e+00
 1.24556891e+00
 1.23912017e+00
 1.23211823e+00
 1.22465583e+00
 1.21682929e+00
 1.20873366e+00
 1.20045952e+00
 1.19209150e+00
 1.18370790e+00
 1.17538116e+00
 1.16717942e+00
 1.15916914e+00
 1.15141726e+00
 1.14399140e+00
 1.13695854e+00
 1.13038315e+00
 1.12432589e+00
 1.11884275e+00
 1.11398428e+00
 1.10979505e+00
 1.10631332e+00
 1.10357097e+00
 1.10159343e+00
 1.10039932e+00
 1.10000000e+00
 1.27132560e+00
 1.27092906e+00
 1.26973635e+00
 1.26774052e+00
 1.26493545e+00
 1.26132044e+00
 1.25690705e+00
 1.25172678e+00
 1.24583444e+00
 1.23930521e+00
 1.23222870e+00
 1.22470241e+00
 1.21682574e+00
 1.20869497e+00
 1.20040009e+00
 1.19202402e+00
 1.18364265e+00
 1.17532500e+00
 1.16713487e+00
 1.15913497e+00
 1.15139036e+00
 1.14396876e+00
 1.13693815e+00
 1.13036397e+00
 1.12430757e+00
 1.11882549e+00
 1.11396887e+00
 1.10978254e+00
 1.10630443e+00
 1.10356568e+00
 1.10159103e+00
 1.10039871e+00
 1.10000000e+00
 1.27198172e+00
 1.27157548e+00
 1.27035715e+00
 1.26832526e+00
 1.26547282e+00
 1.26179365e+00
 1.25729830e+00
 1.25202464e+00
 1.24603659e+00
 1.23941719e+00
 1.23226161e+00
 1.22467115e+00
 1.21674743e+00
 1.20858691e+00
 1.20027789e+00
 1.19190091e+00
 1.18352950e+00
 1.17522902e+00
 1.16705797e+00
 1.15907430e+00
 1.15134112e+00
 1.14392678e+00
 1.13690093e+00
 1.13033031e+00
 1.12427669e+00
 1.11879702e+00
 1.11394328e+00
 1.10976121e+00
 1.10628885e+00
 1.10355623e+00
 1.10158669e+00
 1.10039762e+00
 1.10000000e+00
 1.27256521e+00
 1.27215890e+00
 1.27093886e+00
 1.26889326e+00
 1.26599870e+00
 1.26224362e+00
 1.25764905e+00
 1.25226846e+00
 1.24617751e+00
 1.23946597e+00
 1.23223285e+00
 1.22458204e+00
 1.21661678e+00
 1.20843290e+00
 1.20011599e+00
 1.19174374e+00
 1.18338796e+00
 1.17511070e+00
 1.16696413e+00
 1.15900042e+00
 1.15128073e+00
 1.14387476e+00
 1.13685470e+00
 1.13028890e+00
 1.12423907e+00
 1.11876200e+00
 1.11391044e+00
 1.10973186e+00
 1.10626585e+00
 1.10354163e+00
 1.10157986e+00
 1.10039588e+00
 1.10000000e+00
 1.27308417e+00
 1.27269666e+00
 1.27150768e+00
 1.26945882e+00
 1.26650602e+00
 1.26265243e+00
 1.25794460e+00
 1.25245358e+00
 1.24626302e+00
 1.23946567e+00
 1.23216239e+00
 1.22445855e+00
 1.21645903e+00
 1.20825850e+00
 1.19993895e+00
 1.19157490e+00
 1.18323769e+00
 1.17498696e+00
 1.16686760e+00
 1.15892513e+00
 1.15121897e+00
 1.14382091e+00
 1.13680642e+00
 1.13024597e+00
 1.12420042e+00
 1.11872563e+00
 1.11387457e+00
 1.10969623e+00
 1.10623443e+00
 1.10351998e+00
 1.10156934e+00
 1.10039320e+00
 1.10000000e+00
 1.27374833e+00
 1.27335882e+00
 1.27214661e+00
 1.27002816e+00
 1.26696691e+00
 1.26299321e+00
 1.25817193e+00
 1.25258084e+00
 1.24630438e+00
 1.23943466e+00
 1.23207324e+00
 1.22432620e+00
 1.21630054e+00
 1.20808946e+00
 1.19977094e+00
 1.19141614e+00
 1.18309740e+00
 1.17487313e+00
 1.16678049e+00
 1.15885798e+00
 1.15116371e+00
 1.14377202e+00
 1.13676200e+00
 1.13020685e+00
 1.12416569e+00
 1.11869280e+00
 1.11384107e+00
 1.10965857e+00
 1.10619508e+00
 1.10348922e+00
 1.10155341e+00
 1.10038904e+00
 1.10000000e+00
 1.27448356e+00
 1.27406612e+00
 1.27276478e+00
 1.27051694e+00
 1.26732627e+00
 1.26324088e+00
 1.25832652e+00
 1.25265815e+00
 1.24631708e+00
 1.23939318e+00
 1.23198875e+00
 1.22420982e+00
 1.21616618e+00
 1.20794934e+00
 1.19963361e+00
 1.19128689e+00
 1.18298364e+00
 1.17478207e+00
 1.16671210e+00
 1.15880585e+00
 1.15112065e+00
 1.14373338e+00
 1.13672631e+00
 1.13017581e+00
 1.12413864e+00
 1.11866720e+00
 1.11381501e+00
 1.10962577e+00
 1.10615313e+00
 1.10345090e+00
 1.10153125e+00
 1.10038302e+00
 1.10000000e+00
 1.27506570e+00
 1.27460422e+00
 1.27319420e+00
 1.27083138e+00
 1.26754611e+00
 1.26338675e+00
 1.25841357e+00
 1.25269751e+00
 1.24631691e+00
 1.23935963e+00
 1.23192899e+00
 1.22413048e+00
 1.21607649e+00
 1.20785707e+00
 1.19954399e+00
 1.19120265e+00
 1.18290962e+00
 1.17472344e+00
 1.16666872e+00
 1.15877308e+00
 1.15109350e+00
 1.14370872e+00
 1.13670317e+00
 1.13015593e+00
 1.12412164e+00
 1.11865102e+00
 1.11379912e+00
 1.10960429e+00
 1.10611978e+00
 1.10341594e+00
 1.10150758e+00
 1.10037569e+00
 1.10000000e+00
 1.27528700e+00
 1.27479892e+00
 1.27334185e+00
 1.27093697e+00
 1.26761884e+00
 1.26343436e+00
 1.25844134e+00
 1.25270928e+00
 1.24631544e+00
 1.23934691e+00
 1.23190749e+00
 1.22410237e+00
 1.21604502e+00
 1.20782489e+00
 1.19951289e+00
 1.19117342e+00
 1.18288395e+00
 1.17470322e+00
 1.16665389e+00
 1.15876193e+00
 1.15108424e+00
 1.14370026e+00
 1.13669515e+00
 1.13014910e+00
 1.12411586e+00
 1.11864550e+00
 1.11379387e+00
 1.10959702e+00
 1.10610696e+00
 1.10340148e+00
 1.10149650e+00
 1.10037136e+00
 1.10000000e+00
