 1.21665900e+00
 1.21646120e+00
 1.21586558e+00
 1.21486730e+00
 1.21346289e+00
 1.21165665e+00
 1.20946907e+00
 1.20695025e+00
 1.20417078e+00
 1.20122740e+00
 1.19823828e+00
 1.19528756e+00
 1.19233485e+00
 1.18927882e+00
 1.18614308e+00
 1.18300564e+00
 1.17983366e+00
 1.17648315e+00
 1.17288984e+00
 1.16900152e+00
 1.16486898e+00
 1.16069479e+00
 1.15671758e+00
 1.15310614e+00
 1.14993991e+00
 1.14725582e+00
 1.14505916e+00
 1.14331671e+00
 1.14197925e+00
 1.14099992e+00
 1.14033578e+00
 1.13995226e+00
 1.13982700e+00
 1.21676232e+00
 1.21658761e+00
 1.21603117e+00
 1.21506551e+00
 1.21368470e+00
 1.21189570e+00
 1.20972208e+00
 1.20721446e+00
 1.20444378e+00
 1.20150573e+00
 1.19851536e+00
 1.19555421e+00
 1.19258660e+00
 1.18951938e+00
 1.18637338e+00
 1.18322053e+00
 1.18002860e+00
 1.17666191e+00
 1.17305632e+00
 1.16916428e+00
 1.16503846e+00
 1.16087587e+00
 1.15690818e+00
 1.15330043e+00
 1.15013173e+00
 1.14743769e+00
 1.14522099e+00
 1.14344609e+00
 1.14205991e+00
 1.14100870e+00
 1.14024501e+00
 1.13974473e+00
 1.13955187e+00
 1.21715230e+00
 1.21701340e+00
 1.21654387e+00
 1.21566511e+00
 1.21435058e+00
 1.21261092e+00
 1.21047704e+00
 1.20800150e+00
 1.20525572e+00
 1.20233230e+00
 1.19933794e+00
 1.19634757e+00
 1.19333804e+00
 1.19023740e+00
 1.18706003e+00
 1.18386199e+00
 1.18061316e+00
 1.17719933e+00
 1.17355860e+00
 1.16965568e+00
 1.16554780e+00
 1.16141671e+00
 1.15747491e+00
 1.15387663e+00
 1.15069920e+00
 1.14797435e+00
 1.14569757e+00
 1.14382678e+00
 1.14229791e+00
 1.14104132e+00
 1.14000816e+00
 1.13924275e+00
 1.13894123e+00
 1.21802933e+00
 1.21790753e+00
 1.21749634e+00
 1.21670313e+00
 1.21547088e+00
 1.21379991e+00
 1.21172370e+00
 1.20929584e+00
 1.20658675e+00
 1.20368369e+00
 1.20068196e+00
 1.19764873e+00
 1.19457719e+00
 1.19142191e+00
 1.18819105e+00
 1.18492115e+00
 1.18158581e+00
 1.17809816e+00
 1.17440377e+00
 1.17048332e+00
 1.16639878e+00
 1.16231048e+00
 1.15840368e+00
 1.15481633e+00
 1.15162097e+00
 1.14884319e+00
 1.14646956e+00
 1.14445039e+00
 1.14271310e+00
 1.14118755e+00
 1.13986823e+00
 1.13890212e+00
 1.13853856e+00
 1.21959943e+00
 1.21946696e+00
 1.21904264e+00
 1.21826468e+00
 1.21707828e+00
 1.21546646e+00
 1.21345001e+00
 1.21107551e+00
 1.20840780e+00
 1.20552590e+00
 1.20251283e+00
 1.19942887e+00
 1.19628296e+00
 1.19305449e+00
 1.18974851e+00
 1.18638485e+00
 1.18294234e+00
 1.17936093e+00
 1.17559957e+00
 1.17165498e+00
 1.16759173e+00
 1.16354663e+00
 1.15967458e+00
 1.15609395e+00
 1.15286919e+00
 1.15001927e+00
 1.14752514e+00
 1.14533839e+00
 1.14340171e+00
 1.14168879e+00
 1.14026044e+00
 1.13927932e+00
 1.13892613e+00
 1.22189929e+00
 1.22173438e+00
 1.22123980e+00
 1.22040548e+00
 1.21920550e+00
 1.21761762e+00
 1.21564416e+00
 1.21331571e+00
 1.21068514e+00
 1.20781990e+00
 1.20479073e+00
 1.20165228e+00
 1.19842572e+00
 1.19510975e+00
 1.19171011e+00
 1.18823659e+00
 1.18467453e+00
 1.18098705e+00
 1.17714996e+00
 1.17317387e+00
 1.16912303e+00
 1.16511165e+00
 1.16126554e+00
 1.15768281e+00
 1.15441842e+00
 1.15148738e+00
 1.14887404e+00
 1.14654866e+00
 1.14449635e+00
 1.14275191e+00
 1.14140786e+00
 1.14056649e+00
 1.14028245e+00
 1.22465485e+00
 1.22447726e+00
 1.22394715e+00
 1.22306820e+00
 1.22183702e+00
 1.22024460e+00
 1.21828954e+00
 1.21598970e+00
 1.21338380e+00
 1.21052580e+00
 1.20747453e+00
 1.20427949e+00
 1.20096952e+00
 1.19755665e+00
 1.19405005e+00
 1.19045657e+00
 1.18676911e+00
 1.18296986e+00
 1.17905141e+00
 1.17503537e+00
 1.17098325e+00
 1.16698961e+00
 1.16315528e+00
 1.15956027e+00
 1.15625158e+00
 1.15324551e+00
 1.15053925e+00
 1.14813066e+00
 1.14604142e+00
 1.14432704e+00
 1.14305720e+00
 1.14228211e+00
 1.14202236e+00
 1.22777976e+00
 1.22760074e+00
 1.22706359e+00
 1.22616885e+00
 1.22491799e+00
 1.22331267e+00
 1.22135743e+00
 1.21906644e+00
 1.21646828e+00
 1.21360471e+00
 1.21052376e+00
 1.20726971e+00
 1.20387506e+00
 1.20036022e+00
 1.19673919e+00
 1.19302102e+00
 1.18920699e+00
 1.18529463e+00
 1.18129100e+00
 1.17722569e+00
 1.17315649e+00
 1.16916218e+00
 1.16532424e+00
 1.16170883e+00
 1.15835862e+00
 1.15529575e+00
 1.15253311e+00
 1.15008919e+00
 1.14799811e+00
 1.14630614e+00
 1.14505898e+00
 1.14429348e+00
 1.14403513e+00
 1.23130313e+00
 1.23112012e+00
 1.23057229e+00
 1.22966257e+00
 1.22839473e+00
 1.22677363e+00
 1.22480697e+00
 1.22250850e+00
 1.21990129e+00
 1.21701831e+00
 1.21389887e+00
 1.21058227e+00
 1.20710188e+00
 1.20348313e+00
 1.19974503e+00
 1.19590161e+00
 1.19196268e+00
 1.18793807e+00
 1.18384623e+00
 1.17972227e+00
 1.17562045e+00
 1.17160801e+00
 1.16775295e+00
 1.16411257e+00
 1.16072875e+00
 1.15763098e+00
 1.15484436e+00
 1.15239770e+00
 1.15032622e+00
 1.14866791e+00
 1.14745744e+00
 1.14672106e+00
 1.14647400e+00
 1.23515818e+00
 1.23497319e+00
 1.23441902e+00
 1.23349816e+00
 1.23221505e+00
 1.23057617e+00
 1.22859088e+00
 1.22627296e+00
 1.22364268e+00
 1.22072750e+00
 1.21756054e+00
 1.21417687e+00
 1.21060943e+00
 1.20688655e+00
 1.20303185e+00
 1.19906516e+00
 1.19500435e+00
 1.19086904e+00
 1.18668621e+00
 1.18249489e+00
 1.17834674e+00
 1.17430144e+00
 1.17041866e+00
 1.16675112e+00
 1.16334201e+00
 1.16022699e+00
 1.15743849e+00
 1.15500891e+00
 1.15297045e+00
 1.15135259e+00
 1.15017939e+00
 1.14946828e+00
 1.14923002e+00
 1.23930887e+00
 1.23912153e+00
 1.23856036e+00
 1.23762794e+00
 1.23632874e+00
 1.23466954e+00
 1.23266004e+00
 1.23031387e+00
 1.22764963e+00
 1.22469153e+00
 1.22146870e+00
 1.21801312e+00
 1.21435695e+00
 1.21053038e+00
 1.20656095e+00
 1.20247403e+00
 1.19829455e+00
 1.19404988e+00
 1.18977341e+00
 1.18550707e+00
 1.18130121e+00
 1.17721113e+00
 1.17329207e+00
 1.16959496e+00
 1.16616481e+00
 1.16304139e+00
 1.16026073e+00
 1.15785544e+00
 1.15585371e+00
 1.15427778e+00
 1.15314323e+00
 1.15245949e+00
 1.15223114e+00
 1.24370829e+00
 1.24351842e+00
 1.24294960e+00
 1.24200430e+00
 1.24068692e+00
 1.23900413e+00
 1.23696549e+00
 1.23458412e+00
 1.23187751e+00
 1.22886789e+00
 1.22558199e+00
 1.22204984e+00
 1.21830303e+00
 1.21437318e+00
 1.21029105e+00
 1.20608686e+00
 1.20179140e+00
 1.19743814e+00
 1.19306535e+00
 1.18871744e+00
 1.18444444e+00
 1.18029958e+00
 1.17633608e+00
 1.17260439e+00
 1.16915084e+00
 1.16601733e+00
 1.16324107e+00
 1.16085367e+00
 1.15887967e+00
 1.15733560e+00
 1.15623029e+00
 1.15556692e+00
 1.15534586e+00
 1.24830799e+00
 1.24811531e+00
 1.24753804e+00
 1.24657846e+00
 1.24524068e+00
 1.24353106e+00
 1.24145876e+00
 1.23903640e+00
 1.23628066e+00
 1.23321260e+00
 1.22985760e+00
 1.22624462e+00
 1.22240515e+00
 1.21837203e+00
 1.21417876e+00
 1.20985953e+00
 1.20544991e+00
 1.20098814e+00
 1.19651633e+00
 1.19208108e+00
 1.18773280e+00
 1.18352404e+00
 1.17950716e+00
 1.17573237e+00
 1.17224638e+00
 1.16909144e+00
 1.16630441e+00
 1.16391546e+00
 1.16194673e+00
 1.16041177e+00
 1.15931624e+00
 1.15866032e+00
 1.15844203e+00
 1.25306081e+00
 1.25286504e+00
 1.25227836e+00
 1.25130281e+00
 1.24994211e+00
 1.24820225e+00
 1.24609197e+00
 1.24362346e+00
 1.24081286e+00
 1.23768060e+00
 1.23425137e+00
 1.23055378e+00
 1.22661954e+00
 1.22248273e+00
 1.21817916e+00
 1.21374625e+00
 1.20922339e+00
 1.20465255e+00
 1.20007895e+00
 1.19555111e+00
 1.19112022e+00
 1.18683874e+00
 1.18275865e+00
 1.17892971e+00
 1.17539800e+00
 1.17220474e+00
 1.16938526e+00
 1.16696812e+00
 1.16497444e+00
 1.16341776e+00
 1.16230481e+00
 1.16163741e+00
 1.16141509e+00
 1.25792112e+00
 1.25772177e+00
 1.25712432e+00
 1.25613060e+00
 1.25474406e+00
 1.25297028e+00
 1.25081768e+00
 1.24829816e+00
 1.24542757e+00
 1.24222607e+00
 1.23871819e+00
 1.23493257e+00
 1.23090148e+00
 1.22666019e+00
 1.22224651e+00
 1.21770051e+00
 1.21306461e+00
 1.20838374e+00
 1.20370559e+00
 1.19908037e+00
 1.19456013e+00
 1.19019757e+00
 1.18604443e+00
 1.18214991e+00
 1.17855906e+00
 1.17531145e+00
 1.17244038e+00
 1.16997256e+00
 1.16792865e+00
 1.16632422e+00
 1.16517066e+00
 1.16447568e+00
 1.16424357e+00
 1.26284248e+00
 1.26263913e+00
 1.26202955e+00
 1.26101531e+00
 1.25959963e+00
 1.25778793e+00
 1.25558853e+00
 1.25301326e+00
 1.25007795e+00
 1.24680276e+00
 1.24321234e+00
 1.23933568e+00
 1.23520575e+00
 1.23085903e+00
 1.22633506e+00
 1.22167611e+00
 1.21692698e+00
 1.21213498e+00
 1.20734976e+00
 1.20262296e+00
 1.19800745e+00
 1.19355629e+00
 1.18932126e+00
 1.18535133e+00
 1.18169105e+00
 1.17837921e+00
 1.17544805e+00
 1.17292331e+00
 1.17082536e+00
 1.16917094e+00
 1.16797488e+00
 1.16725046e+00
 1.16700771e+00
 1.26778059e+00
 1.26757237e+00
 1.26694827e+00
 1.26591010e+00
 1.26446127e+00
 1.26260735e+00
 1.26035674e+00
 1.25772132e+00
 1.25471705e+00
 1.25136430e+00
 1.24768805e+00
 1.24371780e+00
 1.23948735e+00
 1.23503435e+00
 1.23039986e+00
 1.22562798e+00
 1.22076547e+00
 1.21586150e+00
 1.21096728e+00
 1.20613557e+00
 1.20141997e+00
 1.19687394e+00
 1.19254960e+00
 1.18849637e+00
 1.18475947e+00
 1.18137869e+00
 1.17838759e+00
 1.17581342e+00
 1.17367790e+00
 1.17199840e+00
 1.17078867e+00
 1.17005879e+00
 1.16981483e+00
 1.27268056e+00
 1.27246710e+00
 1.27182736e+00
 1.27076330e+00
 1.26927864e+00
 1.26737927e+00
 1.26507392e+00
 1.26237479e+00
 1.25929815e+00
 1.25586475e+00
 1.25210010e+00
 1.24803437e+00
 1.24370223e+00
 1.23914246e+00
 1.23439752e+00
 1.22951304e+00
 1.22453742e+00
 1.21952131e+00
 1.21451713e+00
 1.20957847e+00
 1.20475942e+00
 1.20011377e+00
 1.19569408e+00
 1.19155059e+00
 1.18773006e+00
 1.18427454e+00
 1.18122033e+00
 1.17859722e+00
 1.17642808e+00
 1.17472900e+00
 1.17351008e+00
 1.17277695e+00
 1.17253231e+00
 1.27749022e+00
 1.27727123e+00
 1.27661498e+00
 1.27552371e+00
 1.27400148e+00
 1.27205459e+00
 1.26969216e+00
 1.26692686e+00
 1.26377546e+00
 1.26025931e+00
 1.25640459e+00
 1.25224230e+00
 1.24780804e+00
 1.24314170e+00
 1.23828697e+00
 1.23329088e+00
 1.22820319e+00
 1.22307580e+00
 1.21796204e+00
 1.21291607e+00
 1.20799215e+00
 1.20324407e+00
 1.19872451e+00
 1.19448433e+00
 1.19057169e+00
 1.18703088e+00
 1.18390104e+00
 1.18121476e+00
 1.17899687e+00
 1.17726386e+00
 1.17602437e+00
 1.17528104e+00
 1.17503345e+00
 1.28215828e+00
 1.28193372e+00
 1.28126085e+00
 1.28014207e+00
 1.27858168e+00
 1.27658631e+00
 1.27416556e+00
 1.27133267e+00
 1.26810515e+00
 1.26450516e+00
 1.26055975e+00
 1.25630084e+00
 1.25176498e+00
 1.24699312e+00
 1.24203012e+00
 1.23692427e+00
 1.23172658e+00
 1.22649004e+00
 1.22126876e+00
 1.21611719e+00
 1.21108944e+00
 1.20623880e+00
 1.20161740e+00
 1.19727592e+00
 1.19326302e+00
 1.18962439e+00
 1.18640123e+00
 1.18362870e+00
 1.18133440e+00
 1.17953764e+00
 1.17824984e+00
 1.17747619e+00
 1.17721824e+00
 1.28663936e+00
 1.28640937e+00
 1.28572016e+00
 1.28457405e+00
 1.28297541e+00
 1.28093115e+00
 1.27845143e+00
 1.27555029e+00
 1.27224617e+00
 1.26856229e+00
 1.26452671e+00
 1.26017226e+00
 1.25553645e+00
 1.25066118e+00
 1.24559243e+00
 1.24037967e+00
 1.23507515e+00
 1.22973296e+00
 1.22440797e+00
 1.21915484e+00
 1.21402724e+00
 1.20907743e+00
 1.20435619e+00
 1.19991301e+00
 1.19579598e+00
 1.19205123e+00
 1.18872159e+00
 1.18584484e+00
 1.18345234e+00
 1.18156850e+00
 1.18021107e+00
 1.17939203e+00
 1.17911827e+00
 1.29089734e+00
 1.29066174e+00
 1.28995568e+00
 1.28878158e+00
 1.28714395e+00
 1.28505008e+00
 1.28251081e+00
 1.27954118e+00
 1.27616083e+00
 1.27239413e+00
 1.26827015e+00
 1.26382259e+00
 1.25908973e+00
 1.25411433e+00
 1.24894336e+00
 1.24362753e+00
 1.23822041e+00
 1.23277732e+00
 1.22735407e+00
 1.22200564e+00
 1.21678520e+00
 1.21174361e+00
 1.20692961e+00
 1.20239043e+00
 1.19817259e+00
 1.19432208e+00
 1.19088354e+00
 1.18789855e+00
 1.18540380e+00
 1.18343002e+00
 1.18200168e+00
 1.18113698e+00
 1.18084742e+00
 1.29489706e+00
 1.29465567e+00
 1.29393227e+00
 1.29272935e+00
 1.29105173e+00
 1.28890736e+00
 1.28630810e+00
 1.28327033e+00
 1.27981510e+00
 1.27596800e+00
 1.27175892e+00
 1.26722216e+00
 1.26239651e+00
 1.25732542e+00
 1.25205681e+00
 1.24664264e+00
 1.24113798e+00
 1.23559971e+00
 1.23008489e+00
 1.22464919e+00
 1.21934551e+00
 1.21422332e+00
 1.20932878e+00
 1.20470594e+00
 1.20039848e+00
 1.19645135e+00
 1.19291103e+00
 1.18982395e+00
 1.18723360e+00
 1.18517781e+00
 1.18368712e+00
 1.18278378e+00
 1.18248118e+00
 1.29860617e+00
 1.29835874e+00
 1.29761728e+00
 1.29638457e+00
 1.29466588e+00
 1.29247014e+00
 1.28981083e+00
 1.28670621e+00
 1.28317897e+00
 1.27925563e+00
 1.27496651e+00
 1.27034604e+00
 1.26543324e+00
 1.26027203e+00
 1.25491126e+00
 1.24940425e+00
 1.24380777e+00
 1.23818060e+00
 1.23258159e+00
 1.22706764e+00
 1.22169197e+00
 1.21650300e+00
 1.21154435e+00
 1.20685609e+00
 1.20247745e+00
 1.19845019e+00
 1.19482113e+00
 1.19164145e+00
 1.18896262e+00
 1.18683061e+00
 1.18528190e+00
 1.18434228e+00
 1.18402732e+00
 1.30199540e+00
 1.30174185e+00
 1.30098182e+00
 1.29971799e+00
 1.29795655e+00
 1.29570841e+00
 1.29298972e+00
 1.28982120e+00
 1.28622690e+00
 1.28223364e+00
 1.27787139e+00
 1.27317424e+00
 1.26818116e+00
 1.26293645e+00
 1.25748986e+00
 1.25189613e+00
 1.24621400e+00
 1.24050452e+00
 1.23482884e+00
 1.22924580e+00
 1.22380971e+00
 1.21856878e+00
 1.21356469e+00
 1.20883344e+00
 1.20440826e+00
 1.20032443e+00
 1.19662493e+00
 1.19336320e+00
 1.19059927e+00
 1.18839053e+00
 1.18678325e+00
 1.18580844e+00
 1.18548201e+00
 1.30504510e+00
 1.30478387e+00
 1.30400169e+00
 1.30270297e+00
 1.30089590e+00
 1.29859455e+00
 1.29581893e+00
 1.29259221e+00
 1.28893864e+00
 1.28488399e+00
 1.28045716e+00
 1.27569159e+00
 1.27062613e+00
 1.26530544e+00
 1.25978012e+00
 1.25410644e+00
 1.24834524e+00
 1.24256017e+00
 1.23681517e+00
 1.23117165e+00
 1.22568583e+00
 1.22040681e+00
 1.21537554e+00
 1.21062502e+00
 1.20618224e+00
 1.20207293e+00
 1.19832972e+00
 1.19500121e+00
 1.19215404e+00
 1.18986061e+00
 1.18818071e+00
 1.18715531e+00
 1.18681033e+00
 1.30771725e+00
 1.30744993e+00
 1.30664761e+00
 1.30531268e+00
 1.30345716e+00
 1.30110344e+00
 1.29827727e+00
 1.29500215e+00
 1.29129991e+00
 1.28719405e+00
 1.28271215e+00
 1.27788718e+00
 1.27275799e+00
 1.26736957e+00
 1.26177340e+00
 1.25602724e+00
 1.25019413e+00
 1.24434046e+00
 1.23853326e+00
 1.23283703e+00
 1.22731056e+00
 1.22200478e+00
 1.21696149e+00
 1.21221276e+00
 1.20778135e+00
 1.20368345e+00
 1.19993567e+00
 1.19656875e+00
 1.19364445e+00
 1.19125764e+00
 1.18950520e+00
 1.18844479e+00
 1.18809133e+00
 1.31004015e+00
 1.30975887e+00
 1.30891650e+00
 1.30752538e+00
 1.30561391e+00
 1.30321433e+00
 1.30035097e+00
 1.29704128e+00
 1.29330248e+00
 1.28915593e+00
 1.28462863e+00
 1.27975353e+00
 1.27456975e+00
 1.26912257e+00
 1.26346424e+00
 1.25765394e+00
 1.25175684e+00
 1.24584209e+00
 1.23997989e+00
 1.23423809e+00
 1.22867832e+00
 1.22335394e+00
 1.21830889e+00
 1.21357662e+00
 1.20917925e+00
 1.20512798e+00
 1.20142522e+00
 1.19807348e+00
 1.19509810e+00
 1.19257980e+00
 1.19065772e+00
 1.18946584e+00
 1.18906580e+00
 1.31196011e+00
 1.31165104e+00
 1.31074492e+00
 1.30929149e+00
 1.30733958e+00
 1.30491734e+00
 1.30203667e+00
 1.29870699e+00
 1.29494275e+00
 1.29076512e+00
 1.28620163e+00
 1.28128562e+00
 1.27605675e+00
 1.27056040e+00
 1.26484948e+00
 1.25898441e+00
 1.25303234e+00
 1.24706495e+00
 1.24115543e+00
 1.23537502e+00
 1.22978808e+00
 1.22445046e+00
 1.21940884e+00
 1.21469967e+00
 1.21034755e+00
 1.20636516e+00
 1.20275121e+00
 1.19949012e+00
 1.19656157e+00
 1.19397791e+00
 1.19185034e+00
 1.19040772e+00
 1.18989223e+00
 1.31328610e+00
 1.31296591e+00
 1.31204003e+00
 1.31058007e+00
 1.30863539e+00
 1.30622076e+00
 1.30333982e+00
 1.30000080e+00
 1.29621957e+00
 1.29201900e+00
 1.28742792e+00
 1.28248007e+00
 1.27721593e+00
 1.27168058e+00
 1.26592754e+00
 1.26001823e+00
 1.25402145e+00
 1.24801109e+00
 1.24206286e+00
 1.23625118e+00
 1.23064268e+00
 1.22529534e+00
 1.22025847e+00
 1.21557211e+00
 1.21126442e+00
 1.20735378e+00
 1.20384527e+00
 1.20072713e+00
 1.19796832e+00
 1.19553448e+00
 1.19346331e+00
 1.19197903e+00
 1.19142767e+00
 1.31405111e+00
 1.31374107e+00
 1.31285058e+00
 1.31143995e+00
 1.30953490e+00
 1.30714202e+00
 1.30426760e+00
 1.30092459e+00
 1.29713236e+00
 1.29291585e+00
 1.28830534e+00
 1.28333463e+00
 1.27804525e+00
 1.27248158e+00
 1.26669775e+00
 1.26075583e+00
 1.25472593e+00
 1.24868364e+00
 1.24270645e+00
 1.23687160e+00
 1.23124721e+00
 1.22589293e+00
 1.22085997e+00
 1.21619171e+00
 1.21191919e+00
 1.20806703e+00
 1.20464960e+00
 1.20166978e+00
 1.19911631e+00
 1.19696417e+00
 1.19520513e+00
 1.19393988e+00
 1.19345384e+00
 1.31440929e+00
 1.31412425e+00
 1.31329324e+00
 1.31193789e+00
 1.31006804e+00
 1.30769272e+00
 1.30482381e+00
 1.30147903e+00
 1.29768045e+00
 1.29345445e+00
 1.28883240e+00
 1.28384788e+00
 1.27854337e+00
 1.27296250e+00
 1.26715990e+00
 1.26119798e+00
 1.25514769e+00
 1.24908568e+00
 1.24309051e+00
 1.23724136e+00
 1.23160718e+00
 1.22624861e+00
 1.22121798e+00
 1.21656107e+00
 1.21231039e+00
 1.20849504e+00
 1.20513601e+00
 1.20224809e+00
 1.19984088e+00
 1.19791548e+00
 1.19647255e+00
 1.19552996e+00
 1.19517761e+00
 1.31450900e+00
 1.31424059e+00
 1.31343693e+00
 1.31210258e+00
 1.31024536e+00
 1.30787621e+00
 1.30500924e+00
 1.30166391e+00
 1.29786323e+00
 1.29363406e+00
 1.28900819e+00
 1.28401904e+00
 1.27870951e+00
 1.27312286e+00
 1.26731396e+00
 1.26134529e+00
 1.25528810e+00
 1.24921943e+00
 1.24321815e+00
 1.23736417e+00
 1.23172666e+00
 1.22636664e+00
 1.22133675e+00
 1.21668368e+00
 1.21244033e+00
 1.20863740e+00
 1.20529811e+00
 1.20244147e+00
 1.20008464e+00
 1.19823937e+00
 1.19691472e+00
 1.19611726e+00
 1.19585100e+00
