 9.79715000e-01
 9.75239536e-01
 9.64947893e-01
 9.48241339e-01
 9.13949854e-01
 8.90502265e-01
 8.81976771e-01
 8.48556204e-01
 8.43790672e-01
 8.37337537e-01
 8.31521000e-01
 9.82202915e-01
 9.79129317e-01
 9.69788369e-01
 9.53194573e-01
 9.22943080e-01
 9.00743946e-01
 8.89244243e-01
 8.61985990e-01
 8.53910632e-01
 8.46712740e-01
 8.42294164e-01
 9.93724553e-01
 9.91959942e-01
 9.84660884e-01
 9.69948629e-01
 9.47801486e-01
 9.28836007e-01
 9.14646225e-01
 8.97013298e-01
 8.86215038e-01
 8.78094844e-01
 8.74402185e-01
 1.02114619e+00
 1.01849182e+00
 1.01104713e+00
 9.99420175e-01
 9.84791576e-01
 9.70975206e-01
 9.59304159e-01
 9.48763587e-01
 9.41309044e-01
 9.36418112e-01
 9.34441657e-01
 1.05345097e+00
 1.05086631e+00
 1.04491007e+00
 1.03787762e+00
 1.03049535e+00
 1.02360514e+00
 1.01784358e+00
 1.01362334e+00
 1.01210424e+00
 1.01365440e+00
 1.01520257e+00
 1.07713919e+00
 1.07778289e+00
 1.07893134e+00
 1.07981266e+00
 1.08067580e+00
 1.08179613e+00
 1.08306790e+00
 1.08425933e+00
 1.08501088e+00
 1.08462832e+00
 1.08399553e+00
 1.10721722e+00
 1.10920149e+00
 1.11433841e+00
 1.12175420e+00
 1.13054400e+00
 1.13976542e+00
 1.14820241e+00
 1.15476093e+00
 1.15931854e+00
 1.16216004e+00
 1.16323229e+00
 1.13749768e+00
 1.13902101e+00
 1.14634273e+00
 1.15963109e+00
 1.17505206e+00
 1.19171727e+00
 1.20703969e+00
 1.21817074e+00
 1.22588488e+00
 1.23086073e+00
 1.23267474e+00
 1.14553773e+00
 1.15268252e+00
 1.16919168e+00
 1.19064464e+00
 1.20924430e+00
 1.23245351e+00
 1.25447318e+00
 1.26802483e+00
 1.27715347e+00
 1.28178832e+00
 1.28327597e+00
 1.16392781e+00
 1.16846104e+00
 1.18390115e+00
 1.21403851e+00
 1.22908400e+00
 1.25824964e+00
 1.28631623e+00
 1.29942492e+00
 1.31054176e+00
 1.31399551e+00
 1.31383961e+00
 1.17655000e+00
 1.17502760e+00
 1.18782740e+00
 1.22393799e+00
 1.23486150e+00
 1.26711941e+00
 1.29784585e+00
 1.30986222e+00
 1.32251460e+00
 1.32583512e+00
 1.32511800e+00
