 1.63340400e+00
 1.63340648e+00
 1.63341030e+00
 1.63340490e+00
 1.63337429e+00
 1.63329900e+00
 1.63315941e+00
 1.63294268e+00
 1.63264862e+00
 1.63230612e+00
 1.63196044e+00
 1.63163954e+00
 1.63135001e+00
 1.63101880e+00
 1.63046889e+00
 1.62954938e+00
 1.62821957e+00
 1.62657262e+00
 1.62471575e+00
 1.62278871e+00
 1.62098793e+00
 1.61943101e+00
 1.61811165e+00
 1.61696993e+00
 1.61590027e+00
 1.61481405e+00
 1.61368173e+00
 1.61254093e+00
 1.61145969e+00
 1.61051572e+00
 1.60978156e+00
 1.60931567e+00
 1.60915600e+00
 1.63308931e+00
 1.63308734e+00
 1.63308621e+00
 1.63308140e+00
 1.63305698e+00
 1.63299198e+00
 1.63286540e+00
 1.63266312e+00
 1.63238415e+00
 1.63205516e+00
 1.63171873e+00
 1.63140185e+00
 1.63110925e+00
 1.63076891e+00
 1.63021114e+00
 1.62929001e+00
 1.62796615e+00
 1.62632796e+00
 1.62448180e+00
 1.62256617e+00
 1.62077061e+00
 1.61920899e+00
 1.61787685e+00
 1.61671534e+00
 1.61562310e+00
 1.61451550e+00
 1.61336518e+00
 1.61220809e+00
 1.61110940e+00
 1.61014252e+00
 1.60937636e+00
 1.60887125e+00
 1.60868815e+00
 1.63212328e+00
 1.63211738e+00
 1.63210994e+00
 1.63210966e+00
 1.63210446e+00
 1.63207026e+00
 1.63198214e+00
 1.63182240e+00
 1.63158743e+00
 1.63129776e+00
 1.63098863e+00
 1.63068382e+00
 1.63038329e+00
 1.63001843e+00
 1.62943916e+00
 1.62851375e+00
 1.62720635e+00
 1.62559321e+00
 1.62377748e+00
 1.62189325e+00
 1.62011146e+00
 1.61853591e+00
 1.61716650e+00
 1.61594831e+00
 1.61479165e+00
 1.61362301e+00
 1.61242070e+00
 1.61121652e+00
 1.61006757e+00
 1.60903632e+00
 1.60818533e+00
 1.60759420e+00
 1.60737548e+00
 1.63045295e+00
 1.63045247e+00
 1.63045833e+00
 1.63048091e+00
 1.63051361e+00
 1.63053182e+00
 1.63050647e+00
 1.63041516e+00
 1.63024963e+00
 1.63002179e+00
 1.62975663e+00
 1.62947205e+00
 1.62916228e+00
 1.62876483e+00
 1.62815602e+00
 1.62722514e+00
 1.62594130e+00
 1.62436588e+00
 1.62259545e+00
 1.62075524e+00
 1.61899105e+00
 1.61739264e+00
 1.61596475e+00
 1.61466030e+00
 1.61340639e+00
 1.61214564e+00
 1.61086398e+00
 1.60958912e+00
 1.60836923e+00
 1.60725880e+00
 1.60632698e+00
 1.60568163e+00
 1.60544756e+00
 1.62803212e+00
 1.62804828e+00
 1.62809753e+00
 1.62817820e+00
 1.62827861e+00
 1.62837437e+00
 1.62843515e+00
 1.62843485e+00
 1.62835953e+00
 1.62821161e+00
 1.62800476e+00
 1.62774894e+00
 1.62743336e+00
 1.62700399e+00
 1.62636480e+00
 1.62542914e+00
 1.62417217e+00
 1.62264167e+00
 1.62092420e+00
 1.61913150e+00
 1.61738289e+00
 1.61575305e+00
 1.61425086e+00
 1.61284072e+00
 1.61146930e+00
 1.61009767e+00
 1.60872119e+00
 1.60736762e+00
 1.60608421e+00
 1.60493215e+00
 1.60399331e+00
 1.60336893e+00
 1.60314872e+00
 1.62487862e+00
 1.62491987e+00
 1.62503516e+00
 1.62520427e+00
 1.62540231e+00
 1.62560085e+00
 1.62576882e+00
 1.62587771e+00
 1.62590813e+00
 1.62585335e+00
 1.62571613e+00
 1.62549791e+00
 1.62518435e+00
 1.62473102e+00
 1.62406701e+00
 1.62312905e+00
 1.62189914e+00
 1.62041467e+00
 1.61874988e+00
 1.61699990e+00
 1.61525992e+00
 1.61359082e+00
 1.61200511e+00
 1.61048083e+00
 1.60898493e+00
 1.60749749e+00
 1.60602574e+00
 1.60460410e+00
 1.60328859e+00
 1.60215280e+00
 1.60127864e+00
 1.60073312e+00
 1.60054900e+00
 1.62112184e+00
 1.62118241e+00
 1.62135409e+00
 1.62161008e+00
 1.62191458e+00
 1.62222960e+00
 1.62251840e+00
 1.62274818e+00
 1.62289381e+00
 1.62294022e+00
 1.62288046e+00
 1.62270820e+00
 1.62240705e+00
 1.62194186e+00
 1.62126251e+00
 1.62032588e+00
 1.61912108e+00
 1.61767831e+00
 1.61605908e+00
 1.61434135e+00
 1.61260023e+00
 1.61088565e+00
 1.60921376e+00
 1.60757673e+00
 1.60596097e+00
 1.60436491e+00
 1.60280907e+00
 1.60133708e+00
 1.60001099e+00
 1.59890158e+00
 1.59807199e+00
 1.59756286e+00
 1.59739176e+00
 1.61684859e+00
 1.61692377e+00
 1.61713960e+00
 1.61746864e+00
 1.61787065e+00
 1.61829977e+00
 1.61871088e+00
 1.61906401e+00
 1.61932701e+00
 1.61947688e+00
 1.61949826e+00
 1.61937840e+00
 1.61909989e+00
 1.61863548e+00
 1.61795108e+00
 1.61701948e+00
 1.61583635e+00
 1.61442721e+00
 1.61284208e+00
 1.61114350e+00
 1.60939108e+00
 1.60762714e+00
 1.60587193e+00
 1.60413085e+00
 1.60240771e+00
 1.60071722e+00
 1.59909166e+00
 1.59758032e+00
 1.59624291e+00
 1.59513854e+00
 1.59431559e+00
 1.59380806e+00
 1.59363652e+00
 1.61211659e+00
 1.61220455e+00
 1.61245843e+00
 1.61284976e+00
 1.61333594e+00
 1.61386655e+00
 1.61438995e+00
 1.61485868e+00
 1.61523292e+00
 1.61548193e+00
 1.61558305e+00
 1.61551833e+00
 1.61526978e+00
 1.61481620e+00
 1.61413515e+00
 1.61321106e+00
 1.61204505e+00
 1.61065962e+00
 1.60909554e+00
 1.60740304e+00
 1.60563068e+00
 1.60381621e+00
 1.60198433e+00
 1.60015194e+00
 1.59833725e+00
 1.59656788e+00
 1.59488430e+00
 1.59333771e+00
 1.59198357e+00
 1.59087381e+00
 1.59005106e+00
 1.58954572e+00
 1.58937540e+00
 1.60700639e+00
 1.60710426e+00
 1.60738773e+00
 1.60782793e+00
 1.60838122e+00
 1.60899467e+00
 1.60961215e+00
 1.61017996e+00
 1.61065122e+00
 1.61098807e+00
 1.61116153e+00
 1.61114942e+00
 1.61093318e+00
 1.61049577e+00
 1.60982265e+00
 1.60890632e+00
 1.60775189e+00
 1.60637995e+00
 1.60482449e+00
 1.60312687e+00
 1.60132836e+00
 1.59946461e+00
 1.59756468e+00
 1.59565480e+00
 1.59376415e+00
 1.59192952e+00
 1.59019637e+00
 1.58861610e+00
 1.58724087e+00
 1.58611823e+00
 1.58528732e+00
 1.58477695e+00
 1.58460483e+00
 1.60159756e+00
 1.60170154e+00
 1.60200403e+00
 1.60247744e+00
 1.60307858e+00
 1.60375318e+00
 1.60444181e+00
 1.60508603e+00
 1.60563332e+00
 1.60604004e+00
 1.60627214e+00
 1.60630398e+00
 1.60611630e+00
 1.60569459e+00
 1.60502932e+00
 1.60411815e+00
 1.60296887e+00
 1.60160080e+00
 1.60004336e+00
 1.59833206e+00
 1.59650383e+00
 1.59459378e+00
 1.59263490e+00
 1.59066048e+00
 1.58870748e+00
 1.58681871e+00
 1.58504257e+00
 1.58343033e+00
 1.58203223e+00
 1.58089367e+00
 1.58005234e+00
 1.57953617e+00
 1.57936221e+00
 1.59594072e+00
 1.59604957e+00
 1.59636657e+00
 1.59686384e+00
 1.59749760e+00
 1.59821253e+00
 1.59894745e+00
 1.59964135e+00
 1.60023841e+00
 1.60069126e+00
 1.60096229e+00
 1.60102334e+00
 1.60085433e+00
 1.60044204e+00
 1.59977981e+00
 1.59886835e+00
 1.59771697e+00
 1.59634412e+00
 1.59477627e+00
 1.59304538e+00
 1.59118607e+00
 1.58923375e+00
 1.58722462e+00
 1.58519701e+00
 1.58319308e+00
 1.58125948e+00
 1.57944637e+00
 1.57780501e+00
 1.57638461e+00
 1.57522941e+00
 1.57437627e+00
 1.57385286e+00
 1.57367644e+00
 1.59011946e+00
 1.59023159e+00
 1.59055761e+00
 1.59106772e+00
 1.59171648e+00
 1.59244780e+00
 1.59320045e+00
 1.59391320e+00
 1.59452933e+00
 1.59499983e+00
 1.59528514e+00
 1.59535543e+00
 1.59518988e+00
 1.59477575e+00
 1.59410776e+00
 1.59318809e+00
 1.59202673e+00
 1.59064141e+00
 1.58905674e+00
 1.58730260e+00
 1.58541248e+00
 1.58342243e+00
 1.58137104e+00
 1.57930003e+00
 1.57725492e+00
 1.57528474e+00
 1.57344080e+00
 1.57177447e+00
 1.57033455e+00
 1.56916482e+00
 1.56830174e+00
 1.56777262e+00
 1.56759434e+00
 1.58426080e+00
 1.58437042e+00
 1.58468901e+00
 1.58518735e+00
 1.58582104e+00
 1.58653543e+00
 1.58727081e+00
 1.58796712e+00
 1.58856812e+00
 1.58902455e+00
 1.58929610e+00
 1.58935205e+00
 1.58917102e+00
 1.58874021e+00
 1.58805476e+00
 1.58711729e+00
 1.58593779e+00
 1.58453324e+00
 1.58292697e+00
 1.58114761e+00
 1.57922813e+00
 1.57720513e+00
 1.57511881e+00
 1.57301307e+00
 1.57093543e+00
 1.56893639e+00
 1.56706794e+00
 1.56538154e+00
 1.56392579e+00
 1.56274410e+00
 1.56187262e+00
 1.56133847e+00
 1.56115852e+00
 1.57843735e+00
 1.57853755e+00
 1.57882953e+00
 1.57928804e+00
 1.57987341e+00
 1.58053518e+00
 1.58121680e+00
 1.58186048e+00
 1.58241146e+00
 1.58282129e+00
 1.58304989e+00
 1.58306639e+00
 1.58284911e+00
 1.58238501e+00
 1.58166900e+00
 1.58070346e+00
 1.57949783e+00
 1.57806825e+00
 1.57643697e+00
 1.57463175e+00
 1.57268515e+00
 1.57063412e+00
 1.56851978e+00
 1.56638723e+00
 1.56428512e+00
 1.56226466e+00
 1.56037817e+00
 1.55867709e+00
 1.55720980e+00
 1.55601949e+00
 1.55514208e+00
 1.55460449e+00
 1.55442341e+00
 1.57263045e+00
 1.57271888e+00
 1.57297661e+00
 1.57338145e+00
 1.57389819e+00
 1.57448145e+00
 1.57507956e+00
 1.57563890e+00
 1.57610799e+00
 1.57644072e+00
 1.57659848e+00
 1.57655116e+00
 1.57627720e+00
 1.57576327e+00
 1.57500376e+00
 1.57400029e+00
 1.57276137e+00
 1.57130208e+00
 1.56964364e+00
 1.56781295e+00
 1.56584214e+00
 1.56376815e+00
 1.56163246e+00
 1.55948067e+00
 1.55736181e+00
 1.55532730e+00
 1.55342941e+00
 1.55171936e+00
 1.55024523e+00
 1.54904989e+00
 1.54816900e+00
 1.54762934e+00
 1.54744757e+00
 1.56684004e+00
 1.56691540e+00
 1.56713449e+00
 1.56747713e+00
 1.56791169e+00
 1.56839780e+00
 1.56888947e+00
 1.56933867e+00
 1.56969892e+00
 1.56992813e+00
 1.56999059e+00
 1.56985786e+00
 1.56950906e+00
 1.56893069e+00
 1.56811636e+00
 1.56706660e+00
 1.56578867e+00
 1.56429639e+00
 1.56260984e+00
 1.56075503e+00
 1.55876347e+00
 1.55667180e+00
 1.55452137e+00
 1.55235771e+00
 1.55022972e+00
 1.54818853e+00
 1.54628602e+00
 1.54457300e+00
 1.54309713e+00
 1.54190091e+00
 1.54101968e+00
 1.54047998e+00
 1.54029823e+00
 1.56109149e+00
 1.56115127e+00
 1.56132477e+00
 1.56159479e+00
 1.56193391e+00
 1.56230673e+00
 1.56267303e+00
 1.56299108e+00
 1.56322058e+00
 1.56332486e+00
 1.56327231e+00
 1.56303705e+00
 1.56259923e+00
 1.56194521e+00
 1.56106763e+00
 1.55996563e+00
 1.55864498e+00
 1.55711807e+00
 1.55540375e+00
 1.55352702e+00
 1.55151867e+00
 1.54941478e+00
 1.54725622e+00
 1.54508799e+00
 1.54295842e+00
 1.54091795e+00
 1.53901773e+00
 1.53730784e+00
 1.53583531e+00
 1.53464213e+00
 1.53376328e+00
 1.53322506e+00
 1.53304381e+00
 1.55538684e+00
 1.55543068e+00
 1.55555672e+00
 1.55574914e+00
 1.55598369e+00
 1.55623021e+00
 1.55645534e+00
 1.55662507e+00
 1.55670668e+00
 1.55667012e+00
 1.55648869e+00
 1.55613948e+00
 1.55560373e+00
 1.55486744e+00
 1.55392200e+00
 1.55276490e+00
 1.55140022e+00
 1.54983880e+00
 1.54809825e+00
 1.54620259e+00
 1.54418179e+00
 1.54207122e+00
 1.53991103e+00
 1.53774543e+00
 1.53562176e+00
 1.53358945e+00
 1.53169855e+00
 1.52999814e+00
 1.52853438e+00
 1.52734858e+00
 1.52647524e+00
 1.52594041e+00
 1.52576030e+00
 1.54977110e+00
 1.54979630e+00
 1.54986724e+00
 1.54997069e+00
 1.55008691e+00
 1.55019216e+00
 1.55026108e+00
 1.55026842e+00
 1.55019000e+00
 1.55000293e+00
 1.54968562e+00
 1.54921784e+00
 1.54858149e+00
 1.54776168e+00
 1.54674812e+00
 1.54553641e+00
 1.54412881e+00
 1.54253471e+00
 1.54077056e+00
 1.53885947e+00
 1.53683068e+00
 1.53471885e+00
 1.53256330e+00
 1.53040721e+00
 1.52829674e+00
 1.52627993e+00
 1.52440546e+00
 1.52272107e+00
 1.52127183e+00
 1.52009818e+00
 1.51923400e+00
 1.51870487e+00
 1.51852670e+00
 1.54426636e+00
 1.54426963e+00
 1.54427642e+00
 1.54427808e+00
 1.54426158e+00
 1.54421153e+00
 1.54411207e+00
 1.54394783e+00
 1.54370380e+00
 1.54336429e+00
 1.54291216e+00
 1.54232894e+00
 1.54159611e+00
 1.54069711e+00
 1.53961954e+00
 1.53835689e+00
 1.53690973e+00
 1.53528617e+00
 1.53350174e+00
 1.53157893e+00
 1.52954644e+00
 1.52743831e+00
 1.52529307e+00
 1.52315282e+00
 1.52106234e+00
 1.51906806e+00
 1.51721691e+00
 1.51555501e+00
 1.51412595e+00
 1.51296903e+00
 1.51211726e+00
 1.51159572e+00
 1.51142008e+00
 1.53885701e+00
 1.53883745e+00
 1.53877702e+00
 1.53867123e+00
 1.53851438e+00
 1.53830127e+00
 1.53802791e+00
 1.53769071e+00
 1.53728445e+00
 1.53680007e+00
 1.53622343e+00
 1.53553605e+00
 1.53471758e+00
 1.53374892e+00
 1.53261519e+00
 1.53130790e+00
 1.52982618e+00
 1.52817723e+00
 1.52637614e+00
 1.52444514e+00
 1.52241266e+00
 1.52031237e+00
 1.51818213e+00
 1.51606305e+00
 1.51399850e+00
 1.51203311e+00
 1.51021178e+00
 1.50857854e+00
 1.50717522e+00
 1.50603969e+00
 1.50520401e+00
 1.50469250e+00
 1.50452028e+00
 1.53355937e+00
 1.53351467e+00
 1.53338086e+00
 1.53315964e+00
 1.53285549e+00
 1.53247606e+00
 1.53203107e+00
 1.53152950e+00
 1.53097549e+00
 1.53036474e+00
 1.52968354e+00
 1.52891103e+00
 1.52802348e+00
 1.52699866e+00
 1.52581931e+00
 1.52447530e+00
 1.52296486e+00
 1.52129490e+00
 1.51948055e+00
 1.51754426e+00
 1.51551461e+00
 1.51342513e+00
 1.51131325e+00
 1.50921924e+00
 1.50718522e+00
 1.50525402e+00
 1.50346827e+00
 1.50186948e+00
 1.50049706e+00
 1.49938694e+00
 1.49856985e+00
 1.49806952e+00
 1.49790102e+00
 1.52836755e+00
 1.52829576e+00
 1.52808454e+00
 1.52774520e+00
 1.52729475e+00
 1.52675535e+00
 1.52615207e+00
 1.52550713e+00
 1.52483251e+00
 1.52412521e+00
 1.52336815e+00
 1.52253546e+00
 1.52159903e+00
 1.52053365e+00
 1.51932029e+00
 1.51794797e+00
 1.51641471e+00
 1.51472774e+00
 1.51290291e+00
 1.51096341e+00
 1.50893830e+00
 1.50686125e+00
 1.50476942e+00
 1.50270252e+00
 1.50070171e+00
 1.49880836e+00
 1.49706288e+00
 1.49550394e+00
 1.49416794e+00
 1.49308829e+00
 1.49229407e+00
 1.49180797e+00
 1.49164431e+00
 1.52325976e+00
 1.52316558e+00
 1.52288744e+00
 1.52244102e+00
 1.52185590e+00
 1.52117294e+00
 1.52043657e+00
 1.51968288e+00
 1.51892776e+00
 1.51816356e+00
 1.51736516e+00
 1.51649984e+00
 1.51553540e+00
 1.51444484e+00
 1.51320862e+00
 1.51181581e+00
 1.51026494e+00
 1.50856422e+00
 1.50673081e+00
 1.50478917e+00
 1.50276922e+00
 1.50070488e+00
 1.49863315e+00
 1.49659330e+00
 1.49462592e+00
 1.49277157e+00
 1.49106909e+00
 1.48955441e+00
 1.48826018e+00
 1.48721604e+00
 1.48644818e+00
 1.48597786e+00
 1.48581939e+00
 1.51833793e+00
 1.51821530e+00
 1.51785974e+00
 1.51730279e+00
 1.51659019e+00
 1.51578373e+00
 1.51495054e+00
 1.51413699e+00
 1.51335291e+00
 1.51257707e+00
 1.51177263e+00
 1.51090039e+00
 1.50992621e+00
 1.50882355e+00
 1.50757385e+00
 1.50616710e+00
 1.50460276e+00
 1.50289055e+00
 1.50104955e+00
 1.49910600e+00
 1.49709091e+00
 1.49503854e+00
 1.49298556e+00
 1.49097074e+00
 1.48903433e+00
 1.48721676e+00
 1.48555663e+00
 1.48408832e+00
 1.48284068e+00
 1.48183829e+00
 1.48110331e+00
 1.48065434e+00
 1.48050336e+00
 1.51358710e+00
 1.51345435e+00
 1.51305436e+00
 1.51240205e+00
 1.51156587e+00
 1.51065970e+00
 1.50978235e+00
 1.50897341e+00
 1.50821810e+00
 1.50747401e+00
 1.50669317e+00
 1.50583358e+00
 1.50486289e+00
 1.50375760e+00
 1.50250144e+00
 1.50108568e+00
 1.49951089e+00
 1.49778853e+00
 1.49594021e+00
 1.49399435e+00
 1.49198327e+00
 1.48994146e+00
 1.48790502e+00
 1.48591191e+00
 1.48400180e+00
 1.48221524e+00
 1.48059190e+00
 1.47916736e+00
 1.47796884e+00
 1.47701372e+00
 1.47631456e+00
 1.47588550e+00
 1.47574050e+00
 1.50950097e+00
 1.50930595e+00
 1.50872993e+00
 1.50785216e+00
 1.50684725e+00
 1.50588704e+00
 1.50504867e+00
 1.50431937e+00
 1.50364493e+00
 1.50296454e+00
 1.50222588e+00
 1.50138987e+00
 1.50042993e+00
 1.49932763e+00
 1.49806962e+00
 1.49664837e+00
 1.49506521e+00
 1.49333342e+00
 1.49147765e+00
 1.48952880e+00
 1.48752063e+00
 1.48548776e+00
 1.48346533e+00
 1.48149014e+00
 1.47960074e+00
 1.47783715e+00
 1.47624005e+00
 1.47484865e+00
 1.47369531e+00
 1.47279776e+00
 1.47215719e+00
 1.47176997e+00
 1.47163953e+00
 1.50597130e+00
 1.50561591e+00
 1.50469451e+00
 1.50354183e+00
 1.50246479e+00
 1.50159231e+00
 1.50090188e+00
 1.50031485e+00
 1.49975198e+00
 1.49914901e+00
 1.49845824e+00
 1.49764831e+00
 1.49670114e+00
 1.49560428e+00
 1.49434710e+00
 1.49292273e+00
 1.49133272e+00
 1.48959197e+00
 1.48772868e+00
 1.48577628e+00
 1.48376994e+00
 1.48174439e+00
 1.47973346e+00
 1.47777255e+00
 1.47589869e+00
 1.47415035e+00
 1.47256728e+00
 1.47119058e+00
 1.47006024e+00
 1.46920603e+00
 1.46863254e+00
 1.46831376e+00
 1.46821312e+00
 1.50186554e+00
 1.50146297e+00
 1.50049349e+00
 1.49943804e+00
 1.49859386e+00
 1.49798212e+00
 1.49751190e+00
 1.49708828e+00
 1.49663830e+00
 1.49610842e+00
 1.49546078e+00
 1.49467344e+00
 1.49373762e+00
 1.49264645e+00
 1.49139131e+00
 1.48996539e+00
 1.48836987e+00
 1.48662086e+00
 1.48475048e+00
 1.48279435e+00
 1.48078896e+00
 1.47876922e+00
 1.47676732e+00
 1.47481740e+00
 1.47295488e+00
 1.47121623e+00
 1.46963837e+00
 1.46825998e+00
 1.46712188e+00
 1.46626176e+00
 1.46569731e+00
 1.46540110e+00
 1.46531283e+00
 1.49756175e+00
 1.49725566e+00
 1.49660799e+00
 1.49601123e+00
 1.49558356e+00
 1.49527865e+00
 1.49501790e+00
 1.49473335e+00
 1.49437401e+00
 1.49390084e+00
 1.49328557e+00
 1.49251441e+00
 1.49158692e+00
 1.49050042e+00
 1.48924749e+00
 1.48782097e+00
 1.48622135e+00
 1.48446540e+00
 1.48258914e+00
 1.48062969e+00
 1.47862465e+00
 1.47660923e+00
 1.47461386e+00
 1.47267184e+00
 1.47081722e+00
 1.46908476e+00
 1.46750824e+00
 1.46612181e+00
 1.46496140e+00
 1.46406125e+00
 1.46344686e+00
 1.46311493e+00
 1.46301655e+00
 1.49423702e+00
 1.49412408e+00
 1.49394312e+00
 1.49380579e+00
 1.49371048e+00
 1.49362249e+00
 1.49350025e+00
 1.49330422e+00
 1.49300144e+00
 1.49256316e+00
 1.49196738e+00
 1.49120551e+00
 1.49028295e+00
 1.48919945e+00
 1.48794817e+00
 1.48652150e+00
 1.48491935e+00
 1.48315869e+00
 1.48127853e+00
 1.47931677e+00
 1.47731177e+00
 1.47529907e+00
 1.47330765e+00
 1.47137045e+00
 1.46952055e+00
 1.46779176e+00
 1.46621560e+00
 1.46482265e+00
 1.46364425e+00
 1.46270818e+00
 1.46203691e+00
 1.46164345e+00
 1.46151916e+00
 1.49298500e+00
 1.49299579e+00
 1.49302414e+00
 1.49305840e+00
 1.49308036e+00
 1.49306692e+00
 1.49299180e+00
 1.49282558e+00
 1.49254182e+00
 1.49211520e+00
 1.49152588e+00
 1.49076698e+00
 1.48984603e+00
 1.48876357e+00
 1.48751289e+00
 1.48608620e+00
 1.48448321e+00
 1.48272086e+00
 1.48083934e+00
 1.47887675e+00
 1.47687174e+00
 1.47485997e+00
 1.47286988e+00
 1.47093430e+00
 1.46908597e+00
 1.46735842e+00
 1.46578240e+00
 1.46438713e+00
 1.46320243e+00
 1.46225344e+00
 1.46156053e+00
 1.46113865e+00
 1.46099700e+00
