 5.49837000e-01
 5.50438489e-01
 5.53509985e-01
 5.61999474e-01
 5.78085292e-01
 5.99443484e-01
 6.18277916e-01
 6.49993769e-01
 6.85936430e-01
 7.29441775e-01
 7.63653408e-01
 8.20507638e-01
 8.67053586e-01
 9.30865231e-01
 9.78000683e-01
 1.04229666e+00
 1.09665122e+00
 1.16387802e+00
 1.21763692e+00
 1.27267306e+00
 1.31821889e+00
 1.37393883e+00
 1.42941473e+00
 1.47853404e+00
 1.50853001e+00
 1.54290177e+00
 1.57383615e+00
 1.59536674e+00
 1.62055780e+00
 1.64005587e+00
 1.65094477e+00
 1.65535936e+00
 1.65638400e+00
 5.49203132e-01
 5.50257943e-01
 5.54118503e-01
 5.62753415e-01
 5.78621649e-01
 5.99442303e-01
 6.19319637e-01
 6.50474270e-01
 6.86545237e-01
 7.29251068e-01
 7.64794113e-01
 8.20303121e-01
 8.67807087e-01
 9.30340218e-01
 9.78655666e-01
 1.04198496e+00
 1.09707046e+00
 1.16330603e+00
 1.21757279e+00
 1.27226498e+00
 1.31858785e+00
 1.37382362e+00
 1.42892105e+00
 1.47738373e+00
 1.50845910e+00
 1.54254815e+00
 1.57323295e+00
 1.59554207e+00
 1.62005225e+00
 1.63904426e+00
 1.65004855e+00
 1.65500555e+00
 1.65643281e+00
 5.47844243e-01
 5.49560506e-01
 5.54986208e-01
 5.64534409e-01
 5.80034126e-01
 6.00006604e-01
 6.21934204e-01
 6.52089408e-01
 6.88151695e-01
 7.29204432e-01
 7.67626122e-01
 8.20168651e-01
 8.69632445e-01
 9.29267976e-01
 9.80211010e-01
 1.04136883e+00
 1.09799818e+00
 1.16189813e+00
 1.21722742e+00
 1.27124909e+00
 1.31937650e+00
 1.37346838e+00
 1.42739792e+00
 1.47437506e+00
 1.50789958e+00
 1.54146404e+00
 1.57164505e+00
 1.59548425e+00
 1.61854827e+00
 1.63641613e+00
 1.64771272e+00
 1.65389179e+00
 1.65605018e+00
 5.47169914e-01
 5.49445526e-01
 5.56098642e-01
 5.66818147e-01
 5.82249193e-01
 6.01930535e-01
 6.25399889e-01
 6.54970304e-01
 6.90511938e-01
 7.30203629e-01
 7.71118018e-01
 8.20919888e-01
 8.71789178e-01
 9.28589494e-01
 9.81925865e-01
 1.04100672e+00
 1.09882733e+00
 1.16024089e+00
 1.21637564e+00
 1.26997965e+00
 1.31992661e+00
 1.37275091e+00
 1.42486152e+00
 1.47035188e+00
 1.50623628e+00
 1.53954368e+00
 1.56933235e+00
 1.59424650e+00
 1.61610008e+00
 1.63309206e+00
 1.64478912e+00
 1.65169679e+00
 1.65403043e+00
 5.48827755e-01
 5.51223155e-01
 5.58313120e-01
 5.69757267e-01
 5.85469811e-01
 6.05358126e-01
 6.29587259e-01
 6.58959907e-01
 6.93737956e-01
 7.32648726e-01
 7.74816854e-01
 8.22875229e-01
 8.74011165e-01
 9.28843025e-01
 9.83444158e-01
 1.04113111e+00
 1.09924406e+00
 1.15869142e+00
 1.21501619e+00
 1.26857175e+00
 1.31971186e+00
 1.37139452e+00
 1.42148465e+00
 1.46582966e+00
 1.50318033e+00
 1.53657222e+00
 1.56615808e+00
 1.59141392e+00
 1.61256338e+00
 1.62895073e+00
 1.64043951e+00
 1.64727751e+00
 1.64958709e+00
 5.53742375e-01
 5.56095145e-01
 5.63054578e-01
 5.74447644e-01
 5.90193418e-01
 6.10247498e-01
 6.34732001e-01
 6.63955503e-01
 6.98063078e-01
 7.36472170e-01
 7.78879739e-01
 8.25893681e-01
 8.76503873e-01
 9.30052902e-01
 9.84866288e-01
 1.04163408e+00
 1.09930061e+00
 1.15729288e+00
 1.21330619e+00
 1.26688676e+00
 1.31848475e+00
 1.36912936e+00
 1.41741626e+00
 1.46084969e+00
 1.49877304e+00
 1.53230667e+00
 1.56176402e+00
 1.58697965e+00
 1.60784948e+00
 1.62409443e+00
 1.63548036e+00
 1.64197568e+00
 1.64402138e+00
 5.61091753e-01
 5.63245160e-01
 5.69841014e-01
 5.81009069e-01
 5.96662988e-01
 6.16685030e-01
 6.41107493e-01
 6.70068162e-01
 7.03622589e-01
 7.41538551e-01
 7.83616927e-01
 8.29805261e-01
 8.79549794e-01
 9.32071864e-01
 9.86426844e-01
 1.04235926e+00
 1.09916935e+00
 1.15596039e+00
 1.21135167e+00
 1.26472926e+00
 1.31618139e+00
 1.36581349e+00
 1.41262834e+00
 1.45521045e+00
 1.49308454e+00
 1.52656218e+00
 1.55581893e+00
 1.58081884e+00
 1.60150915e+00
 1.61789406e+00
 1.63006992e+00
 1.63789029e+00
 1.64066185e+00
 5.69088498e-01
 5.71509704e-01
 5.78532723e-01
 5.89795045e-01
 6.05212152e-01
 6.24890897e-01
 6.48955898e-01
 6.77490260e-01
 7.10489322e-01
 7.47812893e-01
 7.89260338e-01
 8.34584539e-01
 8.83321830e-01
 9.34801115e-01
 9.88296077e-01
 1.04325077e+00
 1.09897902e+00
 1.15460550e+00
 1.20914289e+00
 1.26196259e+00
 1.31281589e+00
 1.36139918e+00
 1.40696104e+00
 1.44865212e+00
 1.48607319e+00
 1.51920698e+00
 1.54808057e+00
 1.57267250e+00
 1.59293625e+00
 1.60873637e+00
 1.61980998e+00
 1.62609149e+00
 1.62805684e+00
 5.83752172e-01
 5.85599711e-01
 5.91365625e-01
 6.01413245e-01
 6.15910137e-01
 6.34896025e-01
 6.58388165e-01
 6.86364193e-01
 7.18735696e-01
 7.55343033e-01
 7.95964065e-01
 8.40298081e-01
 8.87908461e-01
 9.38214050e-01
 9.90567275e-01
 1.04432861e+00
 1.09879356e+00
 1.15315841e+00
 1.20660968e+00
 1.25851367e+00
 1.30842066e+00
 1.35586255e+00
 1.40022927e+00
 1.44093433e+00
 1.47762143e+00
 1.51013884e+00
 1.53840410e+00
 1.56234275e+00
 1.58193213e+00
 1.59731029e+00
 1.60873210e+00
 1.61610886e+00
 1.61873173e+00
 5.96550527e-01
 5.98503984e-01
 6.04303524e-01
 6.14004495e-01
 6.27926973e-01
 6.46359989e-01
 6.69346921e-01
 6.96765244e-01
 7.28449250e-01
 7.64217655e-01
 8.03846614e-01
 8.47033879e-01
 8.93367620e-01
 9.42322295e-01
 9.93293279e-01
 1.04563144e+00
 1.09863716e+00
 1.15156432e+00
 1.20368005e+00
 1.25434593e+00
 1.30301904e+00
 1.34917594e+00
 1.39228279e+00
 1.43186940e+00
 1.46760652e+00
 1.49929769e+00
 1.52681997e+00
 1.55005533e+00
 1.56880427e+00
 1.58274178e+00
 1.59166754e+00
 1.59610395e+00
 1.59733223e+00
 6.08967859e-01
 6.10604694e-01
 6.15947855e-01
 6.25708103e-01
 6.40099830e-01
 6.58898380e-01
 6.81850928e-01
 7.08828952e-01
 7.39761515e-01
 7.74547821e-01
 8.13009808e-01
 8.54870894e-01
 8.99746765e-01
 9.47149479e-01
 9.96507436e-01
 1.04718860e+00
 1.09851516e+00
 1.14978349e+00
 1.20030388e+00
 1.24944123e+00
 1.29662163e+00
 1.34131263e+00
 1.38302270e+00
 1.42133430e+00
 1.45593422e+00
 1.48661762e+00
 1.51328763e+00
 1.53598157e+00
 1.55491883e+00
 1.57045992e+00
 1.58274786e+00
 1.59111169e+00
 1.59415897e+00
 6.12150332e-01
 6.15500769e-01
 6.24689349e-01
 6.38044535e-01
 6.54510771e-01
 6.73957753e-01
 6.96673643e-01
 7.22933875e-01
 7.52865351e-01
 7.86447527e-01
 8.23534171e-01
 8.63866601e-01
 9.07080741e-01
 9.52715807e-01
 1.00022920e+00
 1.04901543e+00
 1.09842579e+00
 1.14779189e+00
 1.19645530e+00
 1.24379423e+00
 1.28923588e+00
 1.33225884e+00
 1.37240064e+00
 1.40927244e+00
 1.44256744e+00
 1.47205550e+00
 1.49756833e+00
 1.51897383e+00
 1.53612995e+00
 1.54886583e+00
 1.55715327e+00
 1.56146646e+00
 1.56273252e+00
 6.51525366e-01
 6.52635576e-01
 6.56571736e-01
 6.64444281e-01
 6.76824565e-01
 6.93622666e-01
 7.14537633e-01
 7.39336882e-01
 7.67864635e-01
 7.99970096e-01
 8.35454420e-01
 8.74044414e-01
 9.15382600e-01
 9.59027826e-01
 1.00446414e+00
 1.05111574e+00
 1.09836600e+00
 1.14558004e+00
 1.19212928e+00
 1.23741380e+00
 1.28087809e+00
 1.32202202e+00
 1.36041096e+00
 1.39568382e+00
 1.42755236e+00
 1.45578885e+00
 1.48020919e+00
 1.50067420e+00
 1.51713810e+00
 1.52972371e+00
 1.53868583e+00
 1.54416599e+00
 1.54603544e+00
 6.71259185e-01
 6.73133454e-01
 6.78536969e-01
 6.87187003e-01
 6.99181008e-01
 7.14834170e-01
 7.34328344e-01
 7.57633693e-01
 7.84604745e-01
 8.15049543e-01
 8.48737271e-01
 8.85383111e-01
 9.24635441e-01
 9.66071690e-01
 1.00920273e+00
 1.05348433e+00
 1.09833396e+00
 1.14315113e+00
 1.18733932e+00
 1.23032659e+00
 1.27158300e+00
 1.31063512e+00
 1.34707832e+00
 1.38058608e+00
 1.41091302e+00
 1.43788860e+00
 1.46139954e+00
 1.48136290e+00
 1.49769784e+00
 1.51031368e+00
 1.51915308e+00
 1.52429615e+00
 1.52596607e+00
 6.96424433e-01
 6.97782244e-01
 7.02146773e-01
 7.10010022e-01
 7.21556161e-01
 7.36696065e-01
 7.55326750e-01
 7.77399176e-01
 8.02849025e-01
 8.31547071e-01
 8.63292561e-01
 8.97817843e-01
 9.34789734e-01
 9.73809981e-01
 1.01441947e+00
 1.05610803e+00
 1.09832936e+00
 1.14051946e+00
 1.18211663e+00
 1.22258100e+00
 1.26141205e+00
 1.29816410e+00
 1.33245954e+00
 1.36400046e+00
 1.39257862e+00
 1.41808291e+00
 1.44049623e+00
 1.45986250e+00
 1.47620799e+00
 1.48944549e+00
 1.49933027e+00
 1.50550205e+00
 1.50761005e+00
 7.15552039e-01
 7.17801843e-01
 7.24066591e-01
 7.33443594e-01
 7.45453268e-01
 7.60167074e-01
 7.77832894e-01
 7.98598432e-01
 8.22464472e-01
 8.49325325e-01
 8.79001318e-01
 9.11249714e-01
 9.45765446e-01
 9.82181376e-01
 1.02007257e+00
 1.05896569e+00
 1.09835293e+00
 1.13770905e+00
 1.17650979e+00
 1.21425007e+00
 1.25046060e+00
 1.28472210e+00
 1.31667640e+00
 1.34603414e+00
 1.37257913e+00
 1.39617156e+00
 1.41675495e+00
 1.43436770e+00
 1.44913188e+00
 1.46115304e+00
 1.47032096e+00
 1.47620084e+00
 1.47824459e+00
 7.56362906e-01
 7.56877191e-01
 7.59061327e-01
 7.64180161e-01
 7.73044473e-01
 7.85710270e-01
 8.01852323e-01
 8.21134695e-01
 8.43322553e-01
 8.68243223e-01
 8.95723817e-01
 9.25551111e-01
 9.57454199e-01
 9.91101196e-01
 1.02610394e+00
 1.06202785e+00
 1.09840540e+00
 1.13475208e+00
 1.17058334e+00
 1.20543129e+00
 1.23885972e+00
 1.27047646e+00
 1.29994143e+00
 1.32696863e+00
 1.35131907e+00
 1.37278069e+00
 1.39113538e+00
 1.40613090e+00
 1.41751663e+00
 1.42522050e+00
 1.42961677e+00
 1.43158490e+00
 1.43209868e+00
 7.68799667e-01
 7.70992941e-01
 7.77098241e-01
 7.86162837e-01
 7.97520438e-01
 8.11008162e-01
 8.26725944e-01
 8.44796372e-01
 8.65274792e-01
 8.88138378e-01
 9.13290137e-01
 9.40562047e-01
 9.69718472e-01
 1.00046161e+00
 1.03243949e+00
 1.06525649e+00
 1.09848634e+00
 1.13168670e+00
 1.16441468e+00
 1.19624191e+00
 1.22676815e+00
 1.25563236e+00
 1.28252048e+00
 1.30716941e+00
 1.32936761e+00
 1.34895497e+00
 1.36582681e+00
 1.37994424e+00
 1.39133542e+00
 1.40006281e+00
 1.40618264e+00
 1.40976820e+00
 1.41093989e+00
 8.04510628e-01
 8.06009904e-01
 8.10468849e-01
 8.17714660e-01
 8.27447054e-01
 8.39408826e-01
 8.53505006e-01
 8.69756042e-01
 8.88193509e-01
 9.08797233e-01
 9.31478340e-01
 9.56081334e-01
 9.82389792e-01
 1.01013240e+00
 1.03899012e+00
 1.06860534e+00
 1.09859322e+00
 1.12855458e+00
 1.15808972e+00
 1.18681189e+00
 1.21435956e+00
 1.24040682e+00
 1.26467180e+00
 1.28692424e+00
 1.30699458e+00
 1.32478797e+00
 1.34030431e+00
 1.35365760e+00
 1.36506615e+00
 1.37474380e+00
 1.38262009e+00
 1.38805027e+00
 1.39003102e+00
 8.47384579e-01
 8.48067286e-01
 8.50286499e-01
 8.54455832e-01
 8.60979968e-01
 8.70043451e-01
 8.81606787e-01
 8.95530041e-01
 9.11663931e-01
 9.29867653e-01
 9.49992555e-01
 9.71864158e-01
 9.95271682e-01
 1.01996462e+00
 1.04565459e+00
 1.07202125e+00
 1.09872120e+00
 1.12539899e+00
 1.15169907e+00
 1.17727771e+00
 1.20181389e+00
 1.22501857e+00
 1.24664202e+00
 1.26647960e+00
 1.28437563e+00
 1.30022180e+00
 1.31393770e+00
 1.32541332e+00
 1.33442440e+00
 1.34065095e+00
 1.34401249e+00
 1.34516359e+00
 1.34532818e+00
 8.78884661e-01
 8.79618302e-01
 8.81870478e-01
 8.85773557e-01
 8.91506915e-01
 8.99248877e-01
 9.09103771e-01
 9.21065035e-01
 9.35041604e-01
 9.50901016e-01
 9.68490951e-01
 9.87639957e-01
 1.00815125e+00
 1.02979826e+00
 1.05232435e+00
 1.07544677e+00
 1.09886372e+00
 1.12226356e+00
 1.14533519e+00
 1.16777844e+00
 1.18931357e+00
 1.20968912e+00
 1.22868726e+00
 1.24612609e+00
 1.26185864e+00
 1.27577122e+00
 1.28779437e+00
 1.29795498e+00
 1.30647395e+00
 1.31376655e+00
 1.32006104e+00
 1.32476600e+00
 1.32657674e+00
 9.07496132e-01
 9.08251964e-01
 9.10512558e-01
 9.14293550e-01
 9.19656221e-01
 9.26668149e-01
 9.35370814e-01
 9.45771572e-01
 9.57838638e-01
 9.71499793e-01
 9.86647014e-01
 1.00314132e+00
 1.02081482e+00
 1.03947152e+00
 1.05888916e+00
 1.07882330e+00
 1.09901357e+00
 1.11919172e+00
 1.13909053e+00
 1.15845297e+00
 1.17704043e+00
 1.19463949e+00
 1.21106606e+00
 1.22616627e+00
 1.23981276e+00
 1.25189486e+00
 1.26229687e+00
 1.27085122e+00
 1.27727246e+00
 1.28119692e+00
 1.28257802e+00
 1.28228686e+00
 1.28190688e+00
 9.34581604e-01
 9.35319480e-01
 9.37555778e-01
 9.41280609e-01
 9.46397168e-01
 9.52810083e-01
 9.60496111e-01
 9.69478478e-01
 9.79773398e-01
 9.91360444e-01
 1.00417672e+00
 1.01812098e+00
 1.03305904e+00
 1.04882834e+00
 1.06524206e+00
 1.08209388e+00
 1.09916403e+00
 1.11622633e+00
 1.13305604e+00
 1.14943774e+00
 1.16517265e+00
 1.18008463e+00
 1.19402430e+00
 1.20687091e+00
 1.21853215e+00
 1.22894368e+00
 1.23807345e+00
 1.24594452e+00
 1.25268632e+00
 1.25854228e+00
 1.26362256e+00
 1.26742679e+00
 1.26889323e+00
 9.61154614e-01
 9.62032909e-01
 9.64454091e-01
 9.68033803e-01
 9.72567749e-01
 9.78048845e-01
 9.84528617e-01
 9.92045572e-01
 1.00061419e+00
 1.01022232e+00
 1.02082698e+00
 1.03235301e+00
 1.04469534e+00
 1.05772286e+00
 1.07128275e+00
 1.08520533e+00
 1.09930954e+00
 1.11340918e+00
 1.12731963e+00
 1.14086460e+00
 1.15388253e+00
 1.16623195e+00
 1.17779554e+00
 1.18848274e+00
 1.19823146e+00
 1.20701017e+00
 1.21481997e+00
 1.22168586e+00
 1.22760530e+00
 1.23244876e+00
 1.23595231e+00
 1.23795475e+00
 1.23857866e+00
 9.92208422e-01
 9.92373098e-01
 9.93123818e-01
 9.94902249e-01
 9.97893447e-01
 1.00202120e+00
 1.00714929e+00
 1.01318745e+00
 1.02009080e+00
 1.02782885e+00
 1.03636192e+00
 1.04563025e+00
 1.05555143e+00
 1.06602183e+00
 1.07691976e+00
 1.08810949e+00
 1.09944599e+00
 1.11078015e+00
 1.12196441e+00
 1.13285836e+00
 1.14333415e+00
 1.15328102e+00
 1.16260876e+00
 1.17124946e+00
 1.17915694e+00
 1.18630172e+00
 1.19265684e+00
 1.19817176e+00
 1.20275252e+00
 1.20629289e+00
 1.20875215e+00
 1.21017851e+00
 1.21064378e+00
 1.01431299e+00
 1.01477633e+00
 1.01605659e+00
 1.01800316e+00
 1.02059836e+00
 1.02388265e+00
 1.02787130e+00
 1.03255539e+00
 1.03791679e+00
 1.04393084e+00
 1.05056302e+00
 1.05776506e+00
 1.06547285e+00
 1.07360641e+00
 1.08207176e+00
 1.09076390e+00
 1.09957051e+00
 1.10837613e+00
 1.11706665e+00
 1.12553386e+00
 1.13367967e+00
 1.14141981e+00
 1.14868629e+00
 1.15542802e+00
 1.16160847e+00
 1.16719889e+00
 1.17216762e+00
 1.17647284e+00
 1.18007556e+00
 1.18297718e+00
 1.18521819e+00
 1.18674439e+00
 1.18730947e+00
 1.03545981e+00
 1.03585122e+00
 1.03698853e+00
 1.03872179e+00
 1.04087545e+00
 1.04340869e+00
 1.04638381e+00
 1.04985514e+00
 1.05383382e+00
 1.05830374e+00
 1.06323603e+00
 1.06859255e+00
 1.07432480e+00
 1.08037328e+00
 1.08666834e+00
 1.09313208e+00
 1.09968118e+00
 1.10622999e+00
 1.11269395e+00
 1.11899304e+00
 1.12505500e+00
 1.13081804e+00
 1.13623249e+00
 1.14126075e+00
 1.14587462e+00
 1.15005016e+00
 1.15376196e+00
 1.15697733e+00
 1.15963306e+00
 1.16157616e+00
 1.16259352e+00
 1.16275972e+00
 1.16267432e+00
 1.05544490e+00
 1.05574978e+00
 1.05651496e+00
 1.05754145e+00
 1.05882073e+00
 1.06043795e+00
 1.06244537e+00
 1.06484739e+00
 1.06762604e+00
 1.07075746e+00
 1.07421607e+00
 1.07797293e+00
 1.08199332e+00
 1.08623537e+00
 1.09065027e+00
 1.09518350e+00
 1.09977669e+00
 1.10436988e+00
 1.10890391e+00
 1.11332287e+00
 1.11757637e+00
 1.12162146e+00
 1.12542365e+00
 1.12895659e+00
 1.13219988e+00
 1.13513564e+00
 1.13774724e+00
 1.14003035e+00
 1.14203780e+00
 1.14394861e+00
 1.14597349e+00
 1.14787131e+00
 1.14870879e+00
 1.07389904e+00
 1.07375666e+00
 1.07349689e+00
 1.07343486e+00
 1.07379057e+00
 1.07460714e+00
 1.07581548e+00
 1.07733683e+00
 1.07912086e+00
 1.08113847e+00
 1.08336888e+00
 1.08579213e+00
 1.08838541e+00
 1.09112163e+00
 1.09396932e+00
 1.09689334e+00
 1.09985607e+00
 1.10281888e+00
 1.10574366e+00
 1.10859442e+00
 1.11133878e+00
 1.11394917e+00
 1.11640343e+00
 1.11868456e+00
 1.12077905e+00
 1.12267427e+00
 1.12435512e+00
 1.12580018e+00
 1.12698112e+00
 1.12787743e+00
 1.12849468e+00
 1.12884288e+00
 1.12894777e+00
 1.08733574e+00
 1.08696879e+00
 1.08615386e+00
 1.08550374e+00
 1.08536489e+00
 1.08569195e+00
 1.08633221e+00
 1.08718073e+00
 1.08818695e+00
 1.08932775e+00
 1.09058962e+00
 1.09196076e+00
 1.09342813e+00
 1.09497637e+00
 1.09658768e+00
 1.09824218e+00
 1.09991859e+00
 1.10159508e+00
 1.10325007e+00
 1.10486325e+00
 1.10641630e+00
 1.10789368e+00
 1.10928287e+00
 1.11057423e+00
 1.11175999e+00
 1.11283251e+00
 1.11377995e+00
 1.11457116e+00
 1.11510650e+00
 1.11515191e+00
 1.11448581e+00
 1.11343951e+00
 1.11292423e+00
 1.09525229e+00
 1.09486482e+00
 1.09414565e+00
 1.09365279e+00
 1.09350895e+00
 1.09362649e+00
 1.09390352e+00
 1.09427983e+00
 1.09472825e+00
 1.09523723e+00
 1.09580034e+00
 1.09641225e+00
 1.09706710e+00
 1.09775806e+00
 1.09847715e+00
 1.09921552e+00
 1.09996368e+00
 1.10071186e+00
 1.10145047e+00
 1.10217041e+00
 1.10286355e+00
 1.10352293e+00
 1.10414298e+00
 1.10471939e+00
 1.10524868e+00
 1.10572726e+00
 1.10614892e+00
 1.10649376e+00
 1.10669108e+00
 1.10655821e+00
 1.10585218e+00
 1.10470313e+00
 1.10408101e+00
 1.09897008e+00
 1.09884789e+00
 1.09860202e+00
 1.09843470e+00
 1.09838106e+00
 1.09840469e+00
 1.09847259e+00
 1.09856655e+00
 1.09867887e+00
 1.09880641e+00
 1.09894753e+00
 1.09910087e+00
 1.09926499e+00
 1.09943815e+00
 1.09961836e+00
 1.09980340e+00
 1.09999090e+00
 1.10017840e+00
 1.10036350e+00
 1.10054393e+00
 1.10071764e+00
 1.10088288e+00
 1.10103829e+00
 1.10118273e+00
 1.10131541e+00
 1.10143535e+00
 1.10154124e+00
 1.10162831e+00
 1.10167992e+00
 1.10164714e+00
 1.10145045e+00
 1.10103769e+00
 1.10070899e+00
 1.10000000e+00
 1.10000000e+00
 1.10000000e+00
 1.10000000e+00
 1.10000000e+00
 1.10000000e+00
 1.10000000e+00
 1.10000000e+00
 1.10000000e+00
 1.10000000e+00
 1.10000000e+00
 1.10000000e+00
 1.10000000e+00
 1.10000000e+00
 1.10000000e+00
 1.10000000e+00
 1.10000000e+00
 1.10000000e+00
 1.10000000e+00
 1.10000000e+00
 1.10000000e+00
 1.10000000e+00
 1.10000000e+00
 1.10000000e+00
 1.10000000e+00
 1.10000000e+00
 1.10000000e+00
 1.10000000e+00
 1.10000000e+00
 1.10000000e+00
 1.10000000e+00
 1.10000000e+00
 1.10000000e+00
