 5.15271000e-01
 5.02573901e-01
 4.67591724e-01
 4.14340833e-01
 3.42458111e-01
 2.62574512e-01
 1.80326827e-01
 1.02555346e-01
 4.39936395e-02
 1.89151679e-03
 -1.44780000e-02
 5.12691688e-01
 5.00862203e-01
 4.66482988e-01
 4.12964122e-01
 3.41742633e-01
 2.61856452e-01
 1.79621931e-01
 1.02619281e-01
 4.28399228e-02
 1.20473871e-03
 -1.40894717e-02
 5.05611705e-01
 4.94644993e-01
 4.61784975e-01
 4.08611848e-01
 3.38741470e-01
 2.59309105e-01
 1.77609498e-01
 1.01944091e-01
 4.12378738e-02
 1.04859463e-03
 -1.29987925e-02
 4.95521339e-01
 4.84783405e-01
 4.52432683e-01
 4.00092593e-01
 3.31895838e-01
 2.54016427e-01
 1.73958703e-01
 1.00091625e-01
 4.05809275e-02
 1.99250952e-03
 -1.13461830e-02
 4.81484495e-01
 4.69696418e-01
 4.36593999e-01
 3.85580305e-01
 3.20009092e-01
 2.45111890e-01
 1.68103612e-01
 9.71690796e-02
 4.01680004e-02
 3.38995257e-03
 -9.28718272e-03
 4.48408132e-01
 4.39126973e-01
 4.10754408e-01
 3.64197403e-01
 3.02960883e-01
 2.32498644e-01
 1.59910395e-01
 9.30838547e-02
 3.94346047e-02
 4.80420983e-03
 -7.15885818e-03
 4.16438156e-01
 4.07535006e-01
 3.81368288e-01
 3.38862009e-01
 2.82521221e-01
 2.17294667e-01
 1.49978404e-01
 8.80631548e-02
 3.83566793e-02
 6.34995274e-03
 -4.65058588e-03
 3.83449448e-01
 3.75942196e-01
 3.52529526e-01
 3.13499881e-01
 2.61717360e-01
 2.01628641e-01
 1.39504706e-01
 8.28845640e-02
 3.70015549e-02
 7.17639366e-03
 -3.14512358e-03
 3.60463948e-01
 3.52127404e-01
 3.28703007e-01
 2.91768626e-01
 2.43791915e-01
 1.88212574e-01
 1.29612715e-01
 7.90804767e-02
 3.59607555e-02
 8.05949102e-03
 -1.31912510e-03
 3.42335037e-01
 3.34325546e-01
 3.12200837e-01
 2.76953484e-01
 2.31472241e-01
 1.79834867e-01
 1.21166357e-01
 7.83849555e-02
 3.46681673e-02
 7.70831034e-03
 -2.57049691e-04
 3.34454000e-01
 3.27352381e-01
 3.06203464e-01
 2.71724844e-01
 2.26951755e-01
 1.77312716e-01
 1.17295165e-01
 7.91852781e-02
 3.36779911e-02
 6.78122614e-03
 -6.83047368e-18
