 1.48092600e+00
 1.48049424e+00
 1.47919929e+00
 1.47704244e+00
 1.47402629e+00
 1.47015591e+00
 1.46544040e+00
 1.45990155e+00
 1.45356654e+00
 1.44646956e+00
 1.43866271e+00
 1.43020707e+00
 1.42118264e+00
 1.41167136e+00
 1.40175905e+00
 1.39154582e+00
 1.38113318e+00
 1.37064429e+00
 1.36021469e+00
 1.34997980e+00
 1.34006433e+00
 1.33057733e+00
 1.32160857e+00
 1.31325288e+00
 1.30558655e+00
 1.29868049e+00
 1.29259133e+00
 1.28736806e+00
 1.28305100e+00
 1.27966780e+00
 1.27723821e+00
 1.27577542e+00
 1.27528700e+00
 1.48027314e+00
 1.47994046e+00
 1.47881145e+00
 1.47678803e+00
 1.47386068e+00
 1.47004521e+00
 1.46536433e+00
 1.45984816e+00
 1.45352921e+00
 1.44644494e+00
 1.43864857e+00
 1.43020233e+00
 1.42118605e+00
 1.41168209e+00
 1.40177695e+00
 1.39157057e+00
 1.38116530e+00
 1.37068394e+00
 1.36026144e+00
 1.35003254e+00
 1.34012165e+00
 1.33063764e+00
 1.32167125e+00
 1.31331638e+00
 1.30564971e+00
 1.29874145e+00
 1.29264790e+00
 1.28741678e+00
 1.28308596e+00
 1.27968020e+00
 1.27721692e+00
 1.27571267e+00
 1.27519968e+00
 1.47866012e+00
 1.47847984e+00
 1.47771744e+00
 1.47604938e+00
 1.47337266e+00
 1.46971643e+00
 1.46513683e+00
 1.45968772e+00
 1.45341647e+00
 1.44636984e+00
 1.43860464e+00
 1.43018620e+00
 1.42119418e+00
 1.41171212e+00
 1.40182828e+00
 1.39164242e+00
 1.38125893e+00
 1.37079973e+00
 1.36039803e+00
 1.35018678e+00
 1.34028940e+00
 1.33081444e+00
 1.32185485e+00
 1.31350248e+00
 1.30583466e+00
 1.29891985e+00
 1.29281322e+00
 1.28755885e+00
 1.28318805e+00
 1.27971840e+00
 1.27716512e+00
 1.27556872e+00
 1.27501749e+00
 1.47695652e+00
 1.47684703e+00
 1.47632518e+00
 1.47500029e+00
 1.47263017e+00
 1.46919535e+00
 1.46476691e+00
 1.45942239e+00
 1.45322746e+00
 1.44624135e+00
 1.43852680e+00
 1.43015332e+00
 1.42120102e+00
 1.41175511e+00
 1.40190616e+00
 1.39175421e+00
 1.38140598e+00
 1.37098233e+00
 1.36061386e+00
 1.35043093e+00
 1.34055539e+00
 1.33109555e+00
 1.32214662e+00
 1.31379844e+00
 1.30612851e+00
 1.29920333e+00
 1.29307613e+00
 1.28778660e+00
 1.28335984e+00
 1.27981105e+00
 1.27716898e+00
 1.27550993e+00
 1.27493996e+00
 1.47607562e+00
 1.47591769e+00
 1.47532889e+00
 1.47404399e+00
 1.47182133e+00
 1.46856185e+00
 1.46428701e+00
 1.45906406e+00
 1.45296473e+00
 1.44605700e+00
 1.43840954e+00
 1.43009592e+00
 1.42119742e+00
 1.41180105e+00
 1.40199968e+00
 1.39189424e+00
 1.38159337e+00
 1.37121683e+00
 1.36089220e+00
 1.35074681e+00
 1.34090057e+00
 1.33146165e+00
 1.32252678e+00
 1.31418451e+00
 1.30651200e+00
 1.29957444e+00
 1.29342374e+00
 1.28809847e+00
 1.28362656e+00
 1.28003672e+00
 1.27737908e+00
 1.27573186e+00
 1.27517203e+00
 1.47624147e+00
 1.47594213e+00
 1.47504245e+00
 1.47349231e+00
 1.47116647e+00
 1.46793935e+00
 1.46375798e+00
 1.45863989e+00
 1.45263794e+00
 1.44581710e+00
 1.43824762e+00
 1.43000518e+00
 1.42117216e+00
 1.41183703e+00
 1.40209455e+00
 1.39204680e+00
 1.38180363e+00
 1.37148365e+00
 1.36121141e+00
 1.35111110e+00
 1.34130062e+00
 1.33188783e+00
 1.32297028e+00
 1.31463601e+00
 1.30696207e+00
 1.30001378e+00
 1.29384467e+00
 1.28849880e+00
 1.28401734e+00
 1.28044879e+00
 1.27785136e+00
 1.27627637e+00
 1.27574963e+00
 1.47639733e+00
 1.47603972e+00
 1.47497534e+00
 1.47321058e+00
 1.47071317e+00
 1.46741211e+00
 1.46324331e+00
 1.45818619e+00
 1.45226369e+00
 1.44552584e+00
 1.43803735e+00
 1.42987241e+00
 1.42111304e+00
 1.41184827e+00
 1.40217396e+00
 1.39219308e+00
 1.38201591e+00
 1.37175979e+00
 1.36154644e+00
 1.35149711e+00
 1.34172771e+00
 1.33234564e+00
 1.32344884e+00
 1.31512555e+00
 1.30745367e+00
 1.30050064e+00
 1.29432487e+00
 1.28897931e+00
 1.28451638e+00
 1.28098927e+00
 1.27844422e+00
 1.27690999e+00
 1.27639783e+00
 1.47630128e+00
 1.47593322e+00
 1.47482624e+00
 1.47297405e+00
 1.47036533e+00
 1.46697556e+00
 1.46277122e+00
 1.45773036e+00
 1.45185847e+00
 1.44518903e+00
 1.43777643e+00
 1.42968948e+00
 1.42100764e+00
 1.41181906e+00
 1.40221956e+00
 1.39231227e+00
 1.38220720e+00
 1.37202019e+00
 1.36187041e+00
 1.35187645e+00
 1.34215241e+00
 1.33280511e+00
 1.32393279e+00
 1.31562456e+00
 1.30796018e+00
 1.30101069e+00
 1.29484008e+00
 1.28950763e+00
 1.28506846e+00
 1.28157034e+00
 1.27904905e+00
 1.27752761e+00
 1.27701902e+00
 1.47620532e+00
 1.47581836e+00
 1.47466028e+00
 1.47273582e+00
 1.47004508e+00
 1.46658025e+00
 1.46232769e+00
 1.45727628e+00
 1.45142889e+00
 1.44480924e+00
 1.43746181e+00
 1.42944824e+00
 1.42084355e+00
 1.41173341e+00
 1.40221240e+00
 1.39238284e+00
 1.38235373e+00
 1.37223921e+00
 1.36215610e+00
 1.35222066e+00
 1.34254536e+00
 1.33323646e+00
 1.32439259e+00
 1.31610411e+00
 1.30845320e+00
 1.30151441e+00
 1.29535577e+00
 1.29003918e+00
 1.28561917e+00
 1.28214038e+00
 1.27963564e+00
 1.27812582e+00
 1.27762153e+00
 1.47597240e+00
 1.47557817e+00
 1.47439681e+00
 1.47243214e+00
 1.46968893e+00
 1.46617008e+00
 1.46187546e+00
 1.45680524e+00
 1.45096678e+00
 1.44438124e+00
 1.43708698e+00
 1.42913925e+00
 1.42060802e+00
 1.41157543e+00
 1.40213374e+00
 1.39238355e+00
 1.38243223e+00
 1.37239195e+00
 1.36237734e+00
 1.35250258e+00
 1.34287872e+00
 1.33361148e+00
 1.32479991e+00
 1.31653571e+00
 1.30890321e+00
 1.30197952e+00
 1.29583473e+00
 1.29053122e+00
 1.28612238e+00
 1.28265119e+00
 1.28014985e+00
 1.27864045e+00
 1.27813588e+00
 1.47561102e+00
 1.47521128e+00
 1.47401397e+00
 1.47202425e+00
 1.46924908e+00
 1.46569593e+00
 1.46137220e+00
 1.45628641e+00
 1.45045181e+00
 1.44389110e+00
 1.43664036e+00
 1.42875067e+00
 1.42028756e+00
 1.41132945e+00
 1.40196566e+00
 1.39229445e+00
 1.38242102e+00
 1.37245543e+00
 1.36251015e+00
 1.35269749e+00
 1.34312719e+00
 1.33390447e+00
 1.32512868e+00
 1.31689259e+00
 1.30928201e+00
 1.30237561e+00
 1.29624446e+00
 1.29095108e+00
 1.28654855e+00
 1.28307989e+00
 1.28057832e+00
 1.27906768e+00
 1.27856250e+00
 1.47509270e+00
 1.47469043e+00
 1.47348543e+00
 1.47148287e+00
 1.46869076e+00
 1.46511923e+00
 1.46077994e+00
 1.45568682e+00
 1.44985799e+00
 1.44331901e+00
 1.43610608e+00
 1.42826823e+00
 1.41986790e+00
 1.41098024e+00
 1.40169156e+00
 1.39209750e+00
 1.38230086e+00
 1.37240945e+00
 1.36253363e+00
 1.35278395e+00
 1.34326893e+00
 1.33409321e+00
 1.32535624e+00
 1.31715136e+00
 1.30956530e+00
 1.30267760e+00
 1.29656003e+00
 1.29127587e+00
 1.28687914e+00
 1.28341411e+00
 1.28091500e+00
 1.27940599e+00
 1.27890140e+00
 1.47440315e+00
 1.47400005e+00
 1.47279253e+00
 1.47078580e+00
 1.46798825e+00
 1.46441114e+00
 1.46006847e+00
 1.45497746e+00
 1.44915976e+00
 1.44264365e+00
 1.43546645e+00
 1.42767662e+00
 1.41933477e+00
 1.41051357e+00
 1.40129671e+00
 1.39177724e+00
 1.38205557e+00
 1.37223724e+00
 1.36243059e+00
 1.35274447e+00
 1.34328619e+00
 1.33415971e+00
 1.32546430e+00
 1.31729352e+00
 1.30973445e+00
 1.30286707e+00
 1.29676365e+00
 1.29148817e+00
 1.28709583e+00
 1.28363237e+00
 1.28113350e+00
 1.27962438e+00
 1.27911974e+00
 1.47353364e+00
 1.47313098e+00
 1.47192474e+00
 1.46992006e+00
 1.46712537e+00
 1.46355242e+00
 1.45921637e+00
 1.45413627e+00
 1.44833605e+00
 1.44184610e+00
 1.43470504e+00
 1.42696151e+00
 1.41867522e+00
 1.40991715e+00
 1.40076892e+00
 1.39132133e+00
 1.38167256e+00
 1.37192599e+00
 1.36218804e+00
 1.35256593e+00
 1.34316574e+00
 1.33409067e+00
 1.32543961e+00
 1.31730606e+00
 1.30977716e+00
 1.30293301e+00
 1.29684603e+00
 1.29158050e+00
 1.28719211e+00
 1.28372768e+00
 1.28122482e+00
 1.27971145e+00
 1.27920501e+00
 1.47247994e+00
 1.47207881e+00
 1.47087701e+00
 1.46887934e+00
 1.46609399e+00
 1.46253270e+00
 1.45821111e+00
 1.45314928e+00
 1.44737251e+00
 1.44091261e+00
 1.43380932e+00
 1.42611173e+00
 1.41787922e+00
 1.40918176e+00
 1.40009941e+00
 1.39072118e+00
 1.38114329e+00
 1.37146720e+00
 1.36179749e+00
 1.35223986e+00
 1.34289914e+00
 1.33387771e+00
 1.32527401e+00
 1.31718134e+00
 1.30968687e+00
 1.30287084e+00
 1.29680591e+00
 1.29155677e+00
 1.28717979e+00
 1.28372275e+00
 1.28122434e+00
 1.27971337e+00
 1.27920768e+00
 1.47124968e+00
 1.47085055e+00
 1.46965471e+00
 1.46766681e+00
 1.46489482e+00
 1.46135028e+00
 1.45704885e+00
 1.45201089e+00
 1.44626241e+00
 1.43983606e+00
 1.43277239e+00
 1.42512096e+00
 1.41694113e+00
 1.40830231e+00
 1.39928356e+00
 1.38997248e+00
 1.38046368e+00
 1.37085694e+00
 1.36125518e+00
 1.35176258e+00
 1.34248278e+00
 1.33351728e+00
 1.32496403e+00
 1.31691618e+00
 1.30946104e+00
 1.30267911e+00
 1.29664349e+00
 1.29141932e+00
 1.28706341e+00
 1.28362374e+00
 1.28113869e+00
 1.27963628e+00
 1.27913357e+00
 1.46985107e+00
 1.46945451e+00
 1.46826623e+00
 1.46629056e+00
 1.46353509e+00
 1.46001101e+00
 1.45573373e+00
 1.45072362e+00
 1.44500689e+00
 1.43861664e+00
 1.43159393e+00
 1.42398875e+00
 1.41586061e+00
 1.40727873e+00
 1.39832153e+00
 1.38907564e+00
 1.37963440e+00
 1.37009610e+00
 1.36056216e+00
 1.35113529e+00
 1.34191788e+00
 1.33301049e+00
 1.32451055e+00
 1.31651111e+00
 1.30909966e+00
 1.30235712e+00
 1.29635689e+00
 1.29116418e+00
 1.28683549e+00
 1.28341816e+00
 1.28094980e+00
 1.27945773e+00
 1.27895853e+00
 1.46830252e+00
 1.46790872e+00
 1.46672867e+00
 1.46476651e+00
 1.46202942e+00
 1.45852810e+00
 1.45427750e+00
 1.44929764e+00
 1.44361465e+00
 1.43726178e+00
 1.43028043e+00
 1.42272095e+00
 1.41464318e+00
 1.40611636e+00
 1.39721867e+00
 1.38803610e+00
 1.37866101e+00
 1.36919045e+00
 1.35972438e+00
 1.35036406e+00
 1.34121049e+00
 1.33236315e+00
 1.32391879e+00
 1.31597028e+00
 1.30860537e+00
 1.30190547e+00
 1.29594438e+00
 1.29078729e+00
 1.28648997e+00
 1.28309854e+00
 1.28064938e+00
 1.27916901e+00
 1.27867372e+00
 1.46662515e+00
 1.46623446e+00
 1.46506356e+00
 1.46311615e+00
 1.46039880e+00
 1.45692160e+00
 1.45269889e+00
 1.44775022e+00
 1.44210146e+00
 1.43578583e+00
 1.42884497e+00
 1.42132966e+00
 1.41330017e+00
 1.40482606e+00
 1.39598555e+00
 1.38686432e+00
 1.37755401e+00
 1.36815057e+00
 1.35875260e+00
 1.34945978e+00
 1.34037155e+00
 1.33158596e+00
 1.32319876e+00
 1.31530233e+00
 1.30798457e+00
 1.30132753e+00
 1.29540585e+00
 1.29028532e+00
 1.28602169e+00
 1.28266005e+00
 1.28023482e+00
 1.27877013e+00
 1.27828031e+00
 1.46485067e+00
 1.46446304e+00
 1.46330124e+00
 1.46136858e+00
 1.45867106e+00
 1.45521800e+00
 1.45102300e+00
 1.44610497e+00
 1.44048935e+00
 1.43420929e+00
 1.42730666e+00
 1.41983273e+00
 1.41184844e+00
 1.40342395e+00
 1.39463780e+00
 1.38557563e+00
 1.37632860e+00
 1.36699171e+00
 1.35766220e+00
 1.34843805e+00
 1.33941684e+00
 1.33069475e+00
 1.32236592e+00
 1.31452167e+00
 1.30724956e+00
 1.30063205e+00
 1.29474477e+00
 1.28965466e+00
 1.28541838e+00
 1.28208109e+00
 1.27967605e+00
 1.27822512e+00
 1.27774024e+00
 1.46301271e+00
 1.46262816e+00
 1.46147535e+00
 1.45955709e+00
 1.45687870e+00
 1.45344874e+00
 1.44928001e+00
 1.44439068e+00
 1.43880567e+00
 1.43255797e+00
 1.42568976e+00
 1.41825308e+00
 1.41030979e+00
 1.40193095e+00
 1.39319571e+00
 1.38418992e+00
 1.37500441e+00
 1.36573338e+00
 1.35647275e+00
 1.34731871e+00
 1.33836663e+00
 1.32971030e+00
 1.32144147e+00
 1.31364952e+00
 1.30642083e+00
 1.29983762e+00
 1.29397611e+00
 1.28890430e+00
 1.28468003e+00
 1.28134964e+00
 1.27894774e+00
 1.27749774e+00
 1.27701297e+00
 1.46115065e+00
 1.46076870e+00
 1.45962370e+00
 1.45771832e+00
 1.45505739e+00
 1.45164866e+00
 1.44750388e+00
 1.44264023e+00
 1.43708191e+00
 1.43086183e+00
 1.42402275e+00
 1.41661782e+00
 1.40871022e+00
 1.40037220e+00
 1.39168378e+00
 1.38273116e+00
 1.37360505e+00
 1.36439897e+00
 1.35520756e+00
 1.34612522e+00
 1.33724492e+00
 1.32865753e+00
 1.32045166e+00
 1.31271366e+00
 1.30552766e+00
 1.29897487e+00
 1.29313195e+00
 1.28806849e+00
 1.28384455e+00
 1.28050917e+00
 1.27810002e+00
 1.27664383e+00
 1.27615664e+00
 1.45929668e+00
 1.45891747e+00
 1.45778051e+00
 1.45588791e+00
 1.45324373e+00
 1.44985468e+00
 1.44573127e+00
 1.44088941e+00
 1.43535260e+00
 1.42915389e+00
 1.42233719e+00
 1.41495729e+00
 1.40707914e+00
 1.39877644e+00
 1.39013020e+00
 1.38122707e+00
 1.37215775e+00
 1.36301520e+00
 1.35389300e+00
 1.34488383e+00
 1.33607826e+00
 1.32756404e+00
 1.31942593e+00
 1.31174621e+00
 1.30460541e+00
 1.29808274e+00
 1.29225523e+00
 1.28719518e+00
 1.28296676e+00
 1.27962325e+00
 1.27720591e+00
 1.27574393e+00
 1.27525467e+00
 1.45749167e+00
 1.45711499e+00
 1.45598550e+00
 1.45410495e+00
 1.45147662e+00
 1.44810578e+00
 1.44400089e+00
 1.43917604e+00
 1.43365405e+00
 1.42746891e+00
 1.42066652e+00
 1.41330408e+00
 1.40544861e+00
 1.39717538e+00
 1.38856633e+00
 1.37970860e+00
 1.37069287e+00
 1.36161175e+00
 1.35255796e+00
 1.34362278e+00
 1.33489464e+00
 1.32645827e+00
 1.31839440e+00
 1.31078034e+00
 1.30369143e+00
 1.29720296e+00
 1.29139114e+00
 1.28633146e+00
 1.28209418e+00
 1.27873900e+00
 1.27631161e+00
 1.27484319e+00
 1.27435174e+00
 1.45576935e+00
 1.45539520e+00
 1.45427359e+00
 1.45240627e+00
 1.44979503e+00
 1.44644216e+00
 1.44235271e+00
 1.43753859e+00
 1.43202284e+00
 1.42584188e+00
 1.41904491e+00
 1.41169210e+00
 1.40385262e+00
 1.39560310e+00
 1.38702623e+00
 1.37820945e+00
 1.36924351e+00
 1.36022077e+00
 1.35123342e+00
 1.34237173e+00
 1.33372250e+00
 1.32536802e+00
 1.31738538e+00
 1.30984674e+00
 1.30282084e+00
 1.29637614e+00
 1.29058454e+00
 1.28552278e+00
 1.28126817e+00
 1.27789007e+00
 1.27544262e+00
 1.27396178e+00
 1.27346633e+00
 1.45415560e+00
 1.45378660e+00
 1.45267871e+00
 1.45083040e+00
 1.44824012e+00
 1.44490556e+00
 1.44082683e+00
 1.43601428e+00
 1.43049380e+00
 1.42430660e+00
 1.41750627e+00
 1.41015592e+00
 1.40232649e+00
 1.39409549e+00
 1.38554597e+00
 1.37676550e+00
 1.36784487e+00
 1.35887640e+00
 1.34995203e+00
 1.34116143e+00
 1.33259041e+00
 1.32431968e+00
 1.31642379e+00
 1.30897068e+00
 1.30202230e+00
 1.29563769e+00
 1.28987887e+00
 1.28481782e+00
 1.28053755e+00
 1.27712095e+00
 1.27463465e+00
 1.27312406e+00
 1.27261716e+00
 1.45271432e+00
 1.45234718e+00
 1.45124838e+00
 1.44942041e+00
 1.44685558e+00
 1.44353816e+00
 1.43946059e+00
 1.43463601e+00
 1.42909802e+00
 1.42289466e+00
 1.41608366e+00
 1.40873023e+00
 1.40090621e+00
 1.39268938e+00
 1.38416276e+00
 1.37541384e+00
 1.36653347e+00
 1.35761405e+00
 1.34874755e+00
 1.34002343e+00
 1.33152705e+00
 1.32333845e+00
 1.31553109e+00
 1.30817063e+00
 1.30131418e+00
 1.29501149e+00
 1.28930990e+00
 1.28426538e+00
 1.27995675e+00
 1.27648725e+00
 1.27395708e+00
 1.27242725e+00
 1.27191669e+00
 1.45138653e+00
 1.45103565e+00
 1.44998251e+00
 1.44821192e+00
 1.44568763e+00
 1.44237850e+00
 1.43828310e+00
 1.43342922e+00
 1.42786197e+00
 1.42163531e+00
 1.41480919e+00
 1.40744930e+00
 1.39962761e+00
 1.39142153e+00
 1.38291380e+00
 1.37419159e+00
 1.36534591e+00
 1.35646931e+00
 1.34765406e+00
 1.33898965e+00
 1.33056127e+00
 1.32244907e+00
 1.31472668e+00
 1.30745970e+00
 1.30070382e+00
 1.29450367e+00
 1.28889369e+00
 1.28390490e+00
 1.27958419e+00
 1.27602276e+00
 1.27335887e+00
 1.27172191e+00
 1.27117306e+00
 1.45026547e+00
 1.44995675e+00
 1.44899408e+00
 1.44729448e+00
 1.44478637e+00
 1.44144972e+00
 1.43730950e+00
 1.43241154e+00
 1.42680851e+00
 1.42055609e+00
 1.41371375e+00
 1.40634622e+00
 1.39852517e+00
 1.39032722e+00
 1.38183473e+00
 1.37313431e+00
 1.36431738e+00
 1.35547656e+00
 1.34670468e+00
 1.33809133e+00
 1.32972164e+00
 1.32167626e+00
 1.31402970e+00
 1.30684923e+00
 1.30019207e+00
 1.29410362e+00
 1.28861479e+00
 1.28374085e+00
 1.27948876e+00
 1.27588975e+00
 1.27305807e+00
 1.27120757e+00
 1.27055934e+00
 1.44970052e+00
 1.44940403e+00
 1.44845331e+00
 1.44672659e+00
 1.44415471e+00
 1.44074589e+00
 1.43654298e+00
 1.43159668e+00
 1.42595898e+00
 1.41968303e+00
 1.41282629e+00
 1.40545153e+00
 1.39763052e+00
 1.38943853e+00
 1.38095792e+00
 1.37227433e+00
 1.36347998e+00
 1.35466730e+00
 1.34592996e+00
 1.33735760e+00
 1.32903520e+00
 1.32104411e+00
 1.31345978e+00
 1.30635189e+00
 1.29978052e+00
 1.29379557e+00
 1.28843337e+00
 1.28371298e+00
 1.27963237e+00
 1.27618183e+00
 1.27341108e+00
 1.27153028e+00
 1.27085251e+00
 1.44963104e+00
 1.44930883e+00
 1.44827233e+00
 1.44642322e+00
 1.44373966e+00
 1.44024748e+00
 1.43598579e+00
 1.43099880e+00
 1.42533379e+00
 1.41903971e+00
 1.41217218e+00
 1.40479160e+00
 1.39697061e+00
 1.38878267e+00
 1.38031071e+00
 1.37163895e+00
 1.36286091e+00
 1.35406838e+00
 1.34535611e+00
 1.33681369e+00
 1.32852579e+00
 1.32057453e+00
 1.31303593e+00
 1.30598205e+00
 1.29947553e+00
 1.29357131e+00
 1.28831363e+00
 1.28373501e+00
 1.27985149e+00
 1.27666163e+00
 1.27417477e+00
 1.27249221e+00
 1.27187370e+00
 1.44977420e+00
 1.44940069e+00
 1.44824028e+00
 1.44626901e+00
 1.44349671e+00
 1.43994589e+00
 1.43564538e+00
 1.43063244e+00
 1.42495058e+00
 1.41864529e+00
 1.41177129e+00
 1.40438691e+00
 1.39656607e+00
 1.38838042e+00
 1.37991379e+00
 1.37124899e+00
 1.36248084e+00
 1.35370037e+00
 1.34500330e+00
 1.33647909e+00
 1.32821213e+00
 1.32028514e+00
 1.31277430e+00
 1.30575349e+00
 1.29928679e+00
 1.29343271e+00
 1.28824111e+00
 1.28375542e+00
 1.28001069e+00
 1.27702837e+00
 1.27482573e+00
 1.27343109e+00
 1.27293165e+00
 1.44985800e+00
 1.44945170e+00
 1.44823576e+00
 1.44621888e+00
 1.44341530e+00
 1.43984436e+00
 1.43553063e+00
 1.43050890e+00
 1.42482141e+00
 1.41851235e+00
 1.41163623e+00
 1.40425052e+00
 1.39642976e+00
 1.38824485e+00
 1.37978004e+00
 1.37111752e+00
 1.36235269e+00
 1.35357622e+00
 1.34488425e+00
 1.33636616e+00
 1.32810621e+00
 1.32018737e+00
 1.31268581e+00
 1.30567611e+00
 1.29922277e+00
 1.29338557e+00
 1.28821626e+00
 1.28376209e+00
 1.28006510e+00
 1.27715602e+00
 1.27505955e+00
 1.27379410e+00
 1.27337100e+00
