 1.28540200e+00
 1.28586406e+00
 1.28724610e+00
 1.28953582e+00
 1.29271333e+00
 1.29675177e+00
 1.30161758e+00
 1.30726609e+00
 1.31364533e+00
 1.32069787e+00
 1.32835669e+00
 1.33654689e+00
 1.34518007e+00
 1.35416644e+00
 1.36341200e+00
 1.37281439e+00
 1.38226954e+00
 1.39166924e+00
 1.40090807e+00
 1.40987769e+00
 1.41847793e+00
 1.42662549e+00
 1.43425105e+00
 1.44128935e+00
 1.44769242e+00
 1.45341819e+00
 1.45843517e+00
 1.46271599e+00
 1.46623958e+00
 1.46899307e+00
 1.47096682e+00
 1.47215385e+00
 1.47255000e+00
 1.28507520e+00
 1.28558594e+00
 1.28705115e+00
 1.28941041e+00
 1.29263675e+00
 1.29670718e+00
 1.30159334e+00
 1.30725469e+00
 1.31364167e+00
 1.32069806e+00
 1.32835782e+00
 1.33654652e+00
 1.34517674e+00
 1.35415889e+00
 1.36339907e+00
 1.37279532e+00
 1.38224366e+00
 1.39163632e+00
 1.40086792e+00
 1.40983085e+00
 1.41842555e+00
 1.42656901e+00
 1.43419188e+00
 1.44122991e+00
 1.44763545e+00
 1.45336782e+00
 1.45839724e+00
 1.46270011e+00
 1.46626169e+00
 1.46907777e+00
 1.47114561e+00
 1.47244921e+00
 1.47291477e+00
 1.28425777e+00
 1.28484555e+00
 1.28649780e+00
 1.28904405e+00
 1.29240911e+00
 1.29657261e+00
 1.30151875e+00
 1.30721812e+00
 1.31362801e+00
 1.32069581e+00
 1.32835831e+00
 1.33654266e+00
 1.34516401e+00
 1.35413357e+00
 1.36335774e+00
 1.37273568e+00
 1.38216381e+00
 1.39153550e+00
 1.40074574e+00
 1.40968884e+00
 1.41826710e+00
 1.42639826e+00
 1.43401321e+00
 1.44105035e+00
 1.44746324e+00
 1.45321505e+00
 1.45828125e+00
 1.46264882e+00
 1.46632041e+00
 1.46931313e+00
 1.47163177e+00
 1.47319357e+00
 1.47376639e+00
 1.28336267e+00
 1.28399148e+00
 1.28577849e+00
 1.28851671e+00
 1.29205875e+00
 1.29635517e+00
 1.30139258e+00
 1.30715154e+00
 1.31359763e+00
 1.32068355e+00
 1.32835016e+00
 1.33652742e+00
 1.34513402e+00
 1.35408266e+00
 1.36328054e+00
 1.37262836e+00
 1.38202345e+00
 1.39136079e+00
 1.40053635e+00
 1.40944724e+00
 1.41799852e+00
 1.42610926e+00
 1.43371127e+00
 1.44074638e+00
 1.44717069e+00
 1.45295270e+00
 1.45807554e+00
 1.46253916e+00
 1.46636297e+00
 1.46957205e+00
 1.47213456e+00
 1.47386813e+00
 1.47449191e+00
 1.28283432e+00
 1.28344948e+00
 1.28523058e+00
 1.28802418e+00
 1.29167545e+00
 1.29608986e+00
 1.30122488e+00
 1.30705357e+00
 1.31354351e+00
 1.32065133e+00
 1.32832197e+00
 1.33648890e+00
 1.34507465e+00
 1.35399411e+00
 1.36315579e+00
 1.37246222e+00
 1.38181219e+00
 1.39110263e+00
 1.40023129e+00
 1.40909855e+00
 1.41761277e+00
 1.42569494e+00
 1.43327862e+00
 1.44030918e+00
 1.44674599e+00
 1.45256251e+00
 1.45774749e+00
 1.46230503e+00
 1.46624670e+00
 1.46956046e+00
 1.47215575e+00
 1.47384730e+00
 1.47443917e+00
 1.28281550e+00
 1.28337297e+00
 1.28503213e+00
 1.28773549e+00
 1.29137640e+00
 1.29584060e+00
 1.30104406e+00
 1.30693240e+00
 1.31346270e+00
 1.32059003e+00
 1.32826129e+00
 1.33641296e+00
 1.34497102e+00
 1.35385282e+00
 1.36296866e+00
 1.37222300e+00
 1.38151658e+00
 1.39074855e+00
 1.39981912e+00
 1.40863217e+00
 1.41709954e+00
 1.42514461e+00
 1.43270315e+00
 1.43972352e+00
 1.44616758e+00
 1.45201048e+00
 1.45723867e+00
 1.46184253e+00
 1.46579759e+00
 1.46903731e+00
 1.47144966e+00
 1.47292750e+00
 1.47342217e+00
 1.28287554e+00
 1.28340966e+00
 1.28500400e+00
 1.28762717e+00
 1.29121244e+00
 1.29566482e+00
 1.30088842e+00
 1.30680619e+00
 1.31335879e+00
 1.32049391e+00
 1.32815680e+00
 1.33628510e+00
 1.34480703e+00
 1.35364207e+00
 1.36270238e+00
 1.37189441e+00
 1.38112102e+00
 1.39028386e+00
 1.39928596e+00
 1.40803470e+00
 1.41644528e+00
 1.42444364e+00
 1.43196758e+00
 1.43896714e+00
 1.44540428e+00
 1.45125073e+00
 1.45648223e+00
 1.46106724e+00
 1.46495274e+00
 1.46806183e+00
 1.47031796e+00
 1.47167724e+00
 1.47213001e+00
 1.28294207e+00
 1.28347258e+00
 1.28505067e+00
 1.28763831e+00
 1.29117652e+00
 1.29558847e+00
 1.30078848e+00
 1.30669538e+00
 1.31323971e+00
 1.32036076e+00
 1.32799937e+00
 1.33609182e+00
 1.34456677e+00
 1.35334485e+00
 1.36233961e+00
 1.37145929e+00
 1.38060887e+00
 1.38969250e+00
 1.39861616e+00
 1.40729049e+00
 1.41563372e+00
 1.42357399e+00
 1.43105040e+00
 1.43801290e+00
 1.44442075e+00
 1.45023873e+00
 1.45543049e+00
 1.45995100e+00
 1.46374438e+00
 1.46675312e+00
 1.46893186e+00
 1.47025115e+00
 1.47069310e+00
 1.28319025e+00
 1.28371006e+00
 1.28525755e+00
 1.28779762e+00
 1.29127520e+00
 1.29562109e+00
 1.30075905e+00
 1.30661289e+00
 1.31311147e+00
 1.32018894e+00
 1.32778110e+00
 1.33582091e+00
 1.34423542e+00
 1.35294494e+00
 1.36186359e+00
 1.37090083e+00
 1.37996351e+00
 1.38895813e+00
 1.39779340e+00
 1.40638281e+00
 1.41464708e+00
 1.42251591e+00
 1.42992866e+00
 1.43683368e+00
 1.44318608e+00
 1.44894378e+00
 1.45406300e+00
 1.45849576e+00
 1.46219263e+00
 1.46510934e+00
 1.46721230e+00
 1.46848052e+00
 1.46890411e+00
 1.28364934e+00
 1.28415509e+00
 1.28566034e+00
 1.28813152e+00
 1.29151904e+00
 1.29576313e+00
 1.30079837e+00
 1.30655698e+00
 1.31297090e+00
 1.31997235e+00
 1.32749270e+00
 1.33546039e+00
 1.34379918e+00
 1.35242750e+00
 1.36125894e+00
 1.37020352e+00
 1.37916946e+00
 1.38806526e+00
 1.39680197e+00
 1.40529542e+00
 1.41346814e+00
 1.42125068e+00
 1.42858188e+00
 1.43540788e+00
 1.44167998e+00
 1.44735186e+00
 1.45237751e+00
 1.45671156e+00
 1.46031221e+00
 1.46314499e+00
 1.46518467e+00
 1.46641475e+00
 1.46682582e+00
 1.28436226e+00
 1.28484327e+00
 1.28627732e+00
 1.28863930e+00
 1.29189199e+00
 1.29598973e+00
 1.30088015e+00
 1.30650477e+00
 1.31279953e+00
 1.31969568e+00
 1.32712041e+00
 1.33499703e+00
 1.34324485e+00
 1.35177928e+00
 1.36051242e+00
 1.36935412e+00
 1.37821350e+00
 1.38700061e+00
 1.39562840e+00
 1.40401445e+00
 1.41208256e+00
 1.41976361e+00
 1.42699563e+00
 1.43372287e+00
 1.43989432e+00
 1.44546221e+00
 1.45038161e+00
 1.45461138e+00
 1.45811622e+00
 1.46086816e+00
 1.46284687e+00
 1.46403898e+00
 1.46443713e+00
 1.28522833e+00
 1.28567421e+00
 1.28700926e+00
 1.28922492e+00
 1.29230481e+00
 1.29622242e+00
 1.30093954e+00
 1.30640588e+00
 1.31256013e+00
 1.31933198e+00
 1.32664439e+00
 1.33441542e+00
 1.34255961e+00
 1.35098889e+00
 1.35961341e+00
 1.36834247e+00
 1.37708571e+00
 1.38575438e+00
 1.39426292e+00
 1.40253027e+00
 1.41048109e+00
 1.41804641e+00
 1.42516364e+00
 1.43177599e+00
 1.43783174e+00
 1.44328367e+00
 1.44808930e+00
 1.45221175e+00
 1.45562076e+00
 1.45829309e+00
 1.46021226e+00
 1.46136764e+00
 1.46175337e+00
 1.28591738e+00
 1.28633053e+00
 1.28757336e+00
 1.28965271e+00
 1.29257116e+00
 1.29631941e+00
 1.30087174e+00
 1.30618496e+00
 1.31220005e+00
 1.31884542e+00
 1.32604053e+00
 1.33369915e+00
 1.34173183e+00
 1.35004754e+00
 1.35855476e+00
 1.36716235e+00
 1.37578044e+00
 1.38432138e+00
 1.39270086e+00
 1.40083896e+00
 1.40866107e+00
 1.41609843e+00
 1.42308832e+00
 1.42957384e+00
 1.43550377e+00
 1.44083250e+00
 1.44552047e+00
 1.44953465e+00
 1.45284890e+00
 1.45544372e+00
 1.45730559e+00
 1.45842585e+00
 1.45879977e+00
 1.28605893e+00
 1.28645686e+00
 1.28765458e+00
 1.28966150e+00
 1.29248580e+00
 1.29612602e+00
 1.30056417e+00
 1.30576264e+00
 1.31166517e+00
 1.31820039e+00
 1.32528630e+00
 1.33283448e+00
 1.34075339e+00
 1.34895054e+00
 1.35733382e+00
 1.36581235e+00
 1.37429717e+00
 1.38270188e+00
 1.39094346e+00
 1.39894310e+00
 1.40662697e+00
 1.41392682e+00
 1.42078026e+00
 1.42713104e+00
 1.43292916e+00
 1.43813112e+00
 1.44270023e+00
 1.44660682e+00
 1.44982803e+00
 1.45234727e+00
 1.45415335e+00
 1.45523938e+00
 1.45560176e+00
 1.28554724e+00
 1.28594452e+00
 1.28713916e+00
 1.28913744e+00
 1.29194366e+00
 1.29555331e+00
 1.29994718e+00
 1.30508808e+00
 1.31092084e+00
 1.31737504e+00
 1.32436933e+00
 1.33181566e+00
 1.33962290e+00
 1.34769924e+00
 1.35595367e+00
 1.36429673e+00
 1.37264110e+00
 1.38090209e+00
 1.38899821e+00
 1.39685192e+00
 1.40439035e+00
 1.41154599e+00
 1.41825725e+00
 1.42446894e+00
 1.43013265e+00
 1.43520711e+00
 1.43965832e+00
 1.44345948e+00
 1.44659054e+00
 1.44903735e+00
 1.45079057e+00
 1.45184450e+00
 1.45219613e+00
 1.28442923e+00
 1.28483846e+00
 1.28606579e+00
 1.28810913e+00
 1.29096189e+00
 1.29460900e+00
 1.29902303e+00
 1.30416187e+00
 1.30996841e+00
 1.31637264e+00
 1.32329491e+00
 1.33064968e+00
 1.33834860e+00
 1.34630277e+00
 1.35442405e+00
 1.36262582e+00
 1.37082333e+00
 1.37893416e+00
 1.38687873e+00
 1.39458096e+00
 1.40196914e+00
 1.40897672e+00
 1.41554314e+00
 1.42161446e+00
 1.42714394e+00
 1.43209241e+00
 1.43642825e+00
 1.44012711e+00
 1.44317118e+00
 1.44554820e+00
 1.44725038e+00
 1.44827316e+00
 1.44861430e+00
 1.28290002e+00
 1.28332740e+00
 1.28460577e+00
 1.28672353e+00
 1.28966060e+00
 1.29338737e+00
 1.29786367e+00
 1.30303819e+00
 1.30884900e+00
 1.31522508e+00
 1.32208875e+00
 1.32935816e+00
 1.33694946e+00
 1.34477846e+00
 1.35276148e+00
 1.36081592e+00
 1.36886053e+00
 1.37681571e+00
 1.38460408e+00
 1.39215125e+00
 1.39938675e+00
 1.40624511e+00
 1.41266680e+00
 1.41859912e+00
 1.42399687e+00
 1.42882270e+00
 1.43304706e+00
 1.43664770e+00
 1.43960880e+00
 1.44191976e+00
 1.44357397e+00
 1.44456770e+00
 1.44489912e+00
 1.28120142e+00
 1.28164848e+00
 1.28298254e+00
 1.28518260e+00
 1.28821491e+00
 1.29203453e+00
 1.29658690e+00
 1.30180957e+00
 1.30763399e+00
 1.31398721e+00
 1.32079340e+00
 1.32797496e+00
 1.33545355e+00
 1.34315069e+00
 1.35098821e+00
 1.35888841e+00
 1.36677411e+00
 1.37456894e+00
 1.38219794e+00
 1.38958839e+00
 1.39667108e+00
 1.40338152e+00
 1.40966111e+00
 1.41545819e+00
 1.42072877e+00
 1.42543692e+00
 1.42955473e+00
 1.43306175e+00
 1.43594387e+00
 1.43819204e+00
 1.43980080e+00
 1.44076708e+00
 1.44108932e+00
 1.27957424e+00
 1.28003852e+00
 1.28142146e+00
 1.28369405e+00
 1.28681034e+00
 1.29071074e+00
 1.29532641e+00
 1.30058380e+00
 1.30640803e+00
 1.31272461e+00
 1.31945982e+00
 1.32654056e+00
 1.33389413e+00
 1.34144814e+00
 1.34913030e+00
 1.35686817e+00
 1.36458895e+00
 1.37221963e+00
 1.37968755e+00
 1.38692157e+00
 1.39385350e+00
 1.40041962e+00
 1.40656207e+00
 1.41222991e+00
 1.41737995e+00
 1.42197713e+00
 1.42599461e+00
 1.42941315e+00
 1.43222006e+00
 1.43440773e+00
 1.43597208e+00
 1.43691119e+00
 1.43722430e+00
 1.27820546e+00
 1.27868401e+00
 1.28010687e+00
 1.28243635e+00
 1.28561322e+00
 1.28956350e+00
 1.29420658e+00
 1.29946157e+00
 1.30525059e+00
 1.31149951e+00
 1.31813726e+00
 1.32509491e+00
 1.33230492e+00
 1.33970056e+00
 1.34721527e+00
 1.35478192e+00
 1.36233210e+00
 1.36979596e+00
 1.37710284e+00
 1.38418272e+00
 1.39096804e+00
 1.39739556e+00
 1.40340790e+00
 1.40895462e+00
 1.41399291e+00
 1.41848809e+00
 1.42241367e+00
 1.42575103e+00
 1.42848844e+00
 1.43061960e+00
 1.43214197e+00
 1.43305513e+00
 1.43335944e+00
 1.27729452e+00
 1.27778316e+00
 1.27923027e+00
 1.28158447e+00
 1.28477321e+00
 1.28871400e+00
 1.29332239e+00
 1.29851663e+00
 1.30421954e+00
 1.31035850e+00
 1.31686455e+00
 1.32367162e+00
 1.33071604e+00
 1.33793593e+00
 1.34527016e+00
 1.35265681e+00
 1.36003169e+00
 1.36732776e+00
 1.37447573e+00
 1.38140597e+00
 1.38805088e+00
 1.39434732e+00
 1.40023824e+00
 1.40567364e+00
 1.41061099e+00
 1.41501555e+00
 1.41886059e+00
 1.42212738e+00
 1.42480460e+00
 1.42688690e+00
 1.42837303e+00
 1.42926385e+00
 1.42956061e+00
 1.27710975e+00
 1.27758286e+00
 1.27898616e+00
 1.28127397e+00
 1.28437818e+00
 1.28821853e+00
 1.29271194e+00
 1.29777788e+00
 1.30333994e+00
 1.30932561e+00
 1.31566580e+00
 1.32229510e+00
 1.32915212e+00
 1.33617917e+00
 1.34332049e+00
 1.35051956e+00
 1.35771635e+00
 1.36484608e+00
 1.37183992e+00
 1.37862746e+00
 1.38514017e+00
 1.39131442e+00
 1.39709351e+00
 1.40242821e+00
 1.40727660e+00
 1.41160384e+00
 1.41538236e+00
 1.41859235e+00
 1.42122177e+00
 1.42326533e+00
 1.42472260e+00
 1.42559552e+00
 1.42588620e+00
 1.27746475e+00
 1.27791100e+00
 1.27923637e+00
 1.28140318e+00
 1.28435539e+00
 1.28802547e+00
 1.29234027e+00
 1.29722484e+00
 1.30260406e+00
 1.30840366e+00
 1.31455179e+00
 1.32098155e+00
 1.32763285e+00
 1.33445229e+00
 1.34139032e+00
 1.34839654e+00
 1.35541523e+00
 1.36238325e+00
 1.36923090e+00
 1.37588550e+00
 1.38227616e+00
 1.38833804e+00
 1.39401482e+00
 1.39925885e+00
 1.40402987e+00
 1.40829359e+00
 1.41202139e+00
 1.41519120e+00
 1.41778864e+00
 1.41980695e+00
 1.42124534e+00
 1.42210631e+00
 1.42239287e+00
 1.27813398e+00
 1.27854565e+00
 1.27977202e+00
 1.28178793e+00
 1.28455410e+00
 1.28802011e+00
 1.29212658e+00
 1.29680608e+00
 1.30198432e+00
 1.30758315e+00
 1.31352580e+00
 1.31974262e+00
 1.32617511e+00
 1.33277572e+00
 1.33950308e+00
 1.34631434e+00
 1.35315847e+00
 1.35997316e+00
 1.36668625e+00
 1.37322074e+00
 1.37950153e+00
 1.38546141e+00
 1.39104439e+00
 1.39620553e+00
 1.40090817e+00
 1.40512037e+00
 1.40881312e+00
 1.41196114e+00
 1.41454551e+00
 1.41655569e+00
 1.41798893e+00
 1.41884706e+00
 1.41913274e+00
 1.27887348e+00
 1.27924991e+00
 1.28037517e+00
 1.28223736e+00
 1.28481602e+00
 1.28807986e+00
 1.29198366e+00
 1.29646613e+00
 1.30145102e+00
 1.30685354e+00
 1.31259037e+00
 1.31858938e+00
 1.32479544e+00
 1.33116993e+00
 1.33768281e+00
 1.34430081e+00
 1.35097792e+00
 1.35765173e+00
 1.36424571e+00
 1.37067614e+00
 1.37686134e+00
 1.38273008e+00
 1.38822625e+00
 1.39330879e+00
 1.39794713e+00
 1.40211488e+00
 1.40578506e+00
 1.40892928e+00
 1.41152153e+00
 1.41354335e+00
 1.41498618e+00
 1.41584955e+00
 1.41613671e+00
 1.27949094e+00
 1.27983516e+00
 1.28086974e+00
 1.28259735e+00
 1.28501523e+00
 1.28810924e+00
 1.29184594e+00
 1.29616573e+00
 1.30098546e+00
 1.30621077e+00
 1.31175153e+00
 1.31753469e+00
 1.32351158e+00
 1.32965670e+00
 1.33595542e+00
 1.34238619e+00
 1.34890801e+00
 1.35545724e+00
 1.36195101e+00
 1.36829625e+00
 1.37440219e+00
 1.38019141e+00
 1.38560662e+00
 1.39061121e+00
 1.39518319e+00
 1.39930562e+00
 1.40295814e+00
 1.40611237e+00
 1.40873395e+00
 1.41079172e+00
 1.41226721e+00
 1.41315386e+00
 1.41344965e+00
 1.27985686e+00
 1.28018063e+00
 1.28115361e+00
 1.28278302e+00
 1.28508235e+00
 1.28805738e+00
 1.29168235e+00
 1.29589006e+00
 1.30058383e+00
 1.30565845e+00
 1.31101871e+00
 1.31659311e+00
 1.32234267e+00
 1.32825976e+00
 1.33434970e+00
 1.34060416e+00
 1.34698635e+00
 1.35343029e+00
 1.35984506e+00
 1.36612582e+00
 1.37217037e+00
 1.37789278e+00
 1.38323287e+00
 1.38815817e+00
 1.39265676e+00
 1.39672424e+00
 1.40035198e+00
 1.40351915e+00
 1.40618768e+00
 1.40830635e+00
 1.40983027e+00
 1.41074117e+00
 1.41104316e+00
 1.28004526e+00
 1.28034297e+00
 1.28124398e+00
 1.28277994e+00
 1.28499762e+00
 1.28791605e+00
 1.29149542e+00
 1.29564542e+00
 1.30025243e+00
 1.30520337e+00
 1.31040150e+00
 1.31577900e+00
 1.32130866e+00
 1.32700505e+00
 1.33289791e+00
 1.33899235e+00
 1.34525379e+00
 1.35161329e+00
 1.35797087e+00
 1.36420785e+00
 1.37020922e+00
 1.37587860e+00
 1.38115079e+00
 1.38599629e+00
 1.39041366e+00
 1.39441177e+00
 1.39799525e+00
 1.40115794e+00
 1.40387565e+00
 1.40609556e+00
 1.40773979e+00
 1.40874109e+00
 1.40907487e+00
 1.28002450e+00
 1.28027943e+00
 1.28109071e+00
 1.28256151e+00
 1.28477047e+00
 1.28771346e+00
 1.29131128e+00
 1.29544748e+00
 1.29999814e+00
 1.30484919e+00
 1.30990579e+00
 1.31510435e+00
 1.32042922e+00
 1.32592039e+00
 1.33163559e+00
 1.33759178e+00
 1.34375350e+00
 1.35004919e+00
 1.35636985e+00
 1.36258147e+00
 1.36855656e+00
 1.37418697e+00
 1.37940078e+00
 1.38416959e+00
 1.38850230e+00
 1.39242027e+00
 1.39593734e+00
 1.39905798e+00
 1.40177839e+00
 1.40407447e+00
 1.40587273e+00
 1.40704271e+00
 1.40745151e+00
 1.27953572e+00
 1.27978689e+00
 1.28061287e+00
 1.28215250e+00
 1.28446701e+00
 1.28750600e+00
 1.29116118e+00
 1.29530700e+00
 1.29982040e+00
 1.30459242e+00
 1.30953149e+00
 1.31457713e+00
 1.31972277e+00
 1.32503469e+00
 1.33060021e+00
 1.33644483e+00
 1.34252887e+00
 1.34877951e+00
 1.35508001e+00
 1.36128026e+00
 1.36724274e+00
 1.37284723e+00
 1.37801449e+00
 1.38271499e+00
 1.38696773e+00
 1.39080571e+00
 1.39424662e+00
 1.39729426e+00
 1.39994724e+00
 1.40219950e+00
 1.40400698e+00
 1.40522987e+00
 1.40566942e+00
 1.27874765e+00
 1.27904004e+00
 1.27999644e+00
 1.28171743e+00
 1.28419449e+00
 1.28734579e+00
 1.29106160e+00
 1.29522183e+00
 1.29970949e+00
 1.30442299e+00
 1.30927315e+00
 1.31420099e+00
 1.31920534e+00
 1.32437620e+00
 1.32982821e+00
 1.33559153e+00
 1.34162010e+00
 1.34784164e+00
 1.35413373e+00
 1.36033109e+00
 1.36629004e+00
 1.37187925e+00
 1.37701329e+00
 1.38165960e+00
 1.38584630e+00
 1.38961715e+00
 1.39299062e+00
 1.39596382e+00
 1.39852201e+00
 1.40064842e+00
 1.40231560e+00
 1.40344186e+00
 1.40385428e+00
 1.27804319e+00
 1.27840459e+00
 1.27952934e+00
 1.28142035e+00
 1.28402279e+00
 1.28725283e+00
 1.29100955e+00
 1.29517969e+00
 1.29965111e+00
 1.30432825e+00
 1.30912275e+00
 1.31397619e+00
 1.31888949e+00
 1.32396955e+00
 1.32935078e+00
 1.33506494e+00
 1.34106024e+00
 1.34726570e+00
 1.35355572e+00
 1.35975357e+00
 1.36571310e+00
 1.37129471e+00
 1.37640917e+00
 1.38102051e+00
 1.38516354e+00
 1.38889017e+00
 1.39221867e+00
 1.39514064e+00
 1.39762824e+00
 1.39964706e+00
 1.40115972e+00
 1.40212391e+00
 1.40246860e+00
 1.27776400e+00
 1.27816792e+00
 1.27936636e+00
 1.28132004e+00
 1.28396638e+00
 1.28722339e+00
 1.29099404e+00
 1.29516746e+00
 1.29963320e+00
 1.30429796e+00
 1.30907350e+00
 1.31390149e+00
 1.31878328e+00
 1.32383193e+00
 1.32918912e+00
 1.33488688e+00
 1.34087107e+00
 1.34707142e+00
 1.35336131e+00
 1.35955971e+00
 1.36551995e+00
 1.37109931e+00
 1.37620735e+00
 1.38080659e+00
 1.38493434e+00
 1.38864557e+00
 1.39195845e+00
 1.39486264e+00
 1.39732553e+00
 1.39930581e+00
 1.40075979e+00
 1.40164943e+00
 1.40194900e+00
