 1.62866600e+00
 1.62852755e+00
 1.62811126e+00
 1.62741400e+00
 1.62643080e+00
 1.62515470e+00
 1.62357728e+00
 1.62169124e+00
 1.61948830e+00
 1.61696246e+00
 1.61411286e+00
 1.61093773e+00
 1.60744930e+00
 1.60366550e+00
 1.59961026e+00
 1.59531671e+00
 1.59082983e+00
 1.58619868e+00
 1.58148009e+00
 1.57673878e+00
 1.57203591e+00
 1.56743057e+00
 1.56297284e+00
 1.55871946e+00
 1.55472428e+00
 1.55104485e+00
 1.54773604e+00
 1.54484689e+00
 1.54242272e+00
 1.54049854e+00
 1.53910276e+00
 1.53825654e+00
 1.53797300e+00
 1.62838742e+00
 1.62833264e+00
 1.62805721e+00
 1.62747458e+00
 1.62656900e+00
 1.62534198e+00
 1.62379589e+00
 1.62193052e+00
 1.61974196e+00
 1.61722657e+00
 1.61438455e+00
 1.61121541e+00
 1.60773147e+00
 1.60395093e+00
 1.59989797e+00
 1.59560591e+00
 1.59111952e+00
 1.58648799e+00
 1.58176812e+00
 1.57702415e+00
 1.57231726e+00
 1.56770629e+00
 1.56324198e+00
 1.55898073e+00
 1.55497648e+00
 1.55128603e+00
 1.54796306e+00
 1.54505464e+00
 1.54260213e+00
 1.54063543e+00
 1.53917887e+00
 1.53825926e+00
 1.53793250e+00
 1.62783541e+00
 1.62791034e+00
 1.62794781e+00
 1.62767142e+00
 1.62698552e+00
 1.62590116e+00
 1.62444716e+00
 1.62264313e+00
 1.62049736e+00
 1.61801312e+00
 1.61519383e+00
 1.61204251e+00
 1.60857196e+00
 1.60480111e+00
 1.60075493e+00
 1.59646722e+00
 1.59198225e+00
 1.58734949e+00
 1.58262560e+00
 1.57787365e+00
 1.57315470e+00
 1.56852712e+00
 1.56404318e+00
 1.55975856e+00
 1.55572725e+00
 1.55200397e+00
 1.54863895e+00
 1.54567361e+00
 1.54313856e+00
 1.54105121e+00
 1.53943165e+00
 1.53834802e+00
 1.53795356e+00
 1.62772293e+00
 1.62786071e+00
 1.62810955e+00
 1.62813490e+00
 1.62772200e+00
 1.62683856e+00
 1.62552373e+00
 1.62381627e+00
 1.62173938e+00
 1.61930573e+00
 1.61652391e+00
 1.61340165e+00
 1.60995303e+00
 1.60619809e+00
 1.60216295e+00
 1.59788207e+00
 1.59339921e+00
 1.58876410e+00
 1.58403310e+00
 1.57926779e+00
 1.57452886e+00
 1.56987438e+00
 1.56535828e+00
 1.56103562e+00
 1.55696008e+00
 1.55318354e+00
 1.54975161e+00
 1.54669868e+00
 1.54404538e+00
 1.54180498e+00
 1.54002075e+00
 1.53882250e+00
 1.53839365e+00
 1.62879471e+00
 1.62889675e+00
 1.62910302e+00
 1.62918126e+00
 1.62891374e+00
 1.62819826e+00
 1.62702977e+00
 1.62543703e+00
 1.62344742e+00
 1.62108006e+00
 1.61834862e+00
 1.61526536e+00
 1.61184634e+00
 1.60811294e+00
 1.60409261e+00
 1.59982049e+00
 1.59534004e+00
 1.59070107e+00
 1.58595945e+00
 1.58117537e+00
 1.57640896e+00
 1.57171827e+00
 1.56715865e+00
 1.56278498e+00
 1.55865037e+00
 1.55480449e+00
 1.55128995e+00
 1.54813960e+00
 1.54537962e+00
 1.54304701e+00
 1.54122196e+00
 1.54003673e+00
 1.53962315e+00
 1.63122103e+00
 1.63121012e+00
 1.63117118e+00
 1.63104907e+00
 1.63072011e+00
 1.63005647e+00
 1.62898777e+00
 1.62749896e+00
 1.62560024e+00
 1.62330721e+00
 1.62063483e+00
 1.61759801e+00
 1.61421460e+00
 1.61050726e+00
 1.60650463e+00
 1.60224249e+00
 1.59776414e+00
 1.59311934e+00
 1.58836337e+00
 1.58355524e+00
 1.57875460e+00
 1.57401978e+00
 1.56940730e+00
 1.56497251e+00
 1.56076872e+00
 1.55684567e+00
 1.55324839e+00
 1.55001925e+00
 1.54720773e+00
 1.54488535e+00
 1.54314656e+00
 1.54207649e+00
 1.54171716e+00
 1.63410805e+00
 1.63405236e+00
 1.63388746e+00
 1.63360458e+00
 1.63315556e+00
 1.63245490e+00
 1.63141945e+00
 1.62999934e+00
 1.62817763e+00
 1.62595616e+00
 1.62334490e+00
 1.62035795e+00
 1.61701353e+00
 1.61333496e+00
 1.60935162e+00
 1.60509973e+00
 1.60062252e+00
 1.59596950e+00
 1.59119541e+00
 1.58635844e+00
 1.58151796e+00
 1.57673290e+00
 1.57206109e+00
 1.56755929e+00
 1.56328268e+00
 1.55928463e+00
 1.55561812e+00
 1.55234046e+00
 1.54952005e+00
 1.54723619e+00
 1.54556265e+00
 1.54454664e+00
 1.54420673e+00
 1.63722945e+00
 1.63716803e+00
 1.63697655e+00
 1.63663547e+00
 1.63611292e+00
 1.63535985e+00
 1.63431550e+00
 1.63292568e+00
 1.63115627e+00
 1.62899355e+00
 1.62643800e+00
 1.62349925e+00
 1.62019372e+00
 1.61654420e+00
 1.61258006e+00
 1.60833756e+00
 1.60385974e+00
 1.59919584e+00
 1.59440010e+00
 1.58953028e+00
 1.58464586e+00
 1.57980673e+00
 1.57507254e+00
 1.57050256e+00
 1.56615577e+00
 1.56209170e+00
 1.55837250e+00
 1.55506552e+00
 1.55224267e+00
 1.54997291e+00
 1.54831219e+00
 1.54729965e+00
 1.54695933e+00
 1.64076411e+00
 1.64068946e+00
 1.64046271e+00
 1.64007296e+00
 1.63949695e+00
 1.63869809e+00
 1.63762987e+00
 1.63624439e+00
 1.63450270e+00
 1.63238082e+00
 1.62986975e+00
 1.62697260e+00
 1.62370210e+00
 1.62007913e+00
 1.61613215e+00
 1.61189689e+00
 1.60741603e+00
 1.60273841e+00
 1.59791795e+00
 1.59301234e+00
 1.58808160e+00
 1.58318704e+00
 1.57839069e+00
 1.57375532e+00
 1.56934476e+00
 1.56522488e+00
 1.56146446e+00
 1.55813467e+00
 1.55530536e+00
 1.55303911e+00
 1.55138599e+00
 1.55038101e+00
 1.55004394e+00
 1.64456856e+00
 1.64448925e+00
 1.64424736e+00
 1.64383121e+00
 1.64322100e+00
 1.64238790e+00
 1.64129492e+00
 1.63990133e+00
 1.63816950e+00
 1.63607121e+00
 1.63359082e+00
 1.63072527e+00
 1.62748276e+00
 1.62388126e+00
 1.61994746e+00
 1.61571608e+00
 1.61122909e+00
 1.60653488e+00
 1.60168723e+00
 1.59674406e+00
 1.59176632e+00
 1.58681713e+00
 1.58196137e+00
 1.57726562e+00
 1.57279848e+00
 1.56863070e+00
 1.56483468e+00
 1.56148220e+00
 1.55864049e+00
 1.55636799e+00
 1.55471124e+00
 1.55370370e+00
 1.55336559e+00
 1.64860909e+00
 1.64852598e+00
 1.64827308e+00
 1.64783955e+00
 1.64720701e+00
 1.64634978e+00
 1.64523595e+00
 1.64383005e+00
 1.64209740e+00
 1.64000914e+00
 1.63754618e+00
 1.63470094e+00
 1.63147741e+00
 1.62789035e+00
 1.62396423e+00
 1.61973230e+00
 1.61523561e+00
 1.61052208e+00
 1.60564541e+00
 1.60066399e+00
 1.59563998e+00
 1.59063855e+00
 1.58572748e+00
 1.58097695e+00
 1.57645939e+00
 1.57224883e+00
 1.56841937e+00
 1.56504245e+00
 1.56218356e+00
 1.55989911e+00
 1.55823439e+00
 1.55722228e+00
 1.55688270e+00
 1.65282200e+00
 1.65273661e+00
 1.65247681e+00
 1.65203182e+00
 1.65138398e+00
 1.65050931e+00
 1.64937862e+00
 1.64795965e+00
 1.64622029e+00
 1.64413248e+00
 1.64167581e+00
 1.63883998e+00
 1.63562582e+00
 1.63204518e+00
 1.62812028e+00
 1.62388273e+00
 1.61937255e+00
 1.61463712e+00
 1.60973017e+00
 1.60471069e+00
 1.59964216e+00
 1.59459176e+00
 1.58962992e+00
 1.58482982e+00
 1.58026669e+00
 1.57601664e+00
 1.57215460e+00
 1.56875176e+00
 1.56587280e+00
 1.56357334e+00
 1.56189815e+00
 1.56087985e+00
 1.56053820e+00
 1.65714680e+00
 1.65705987e+00
 1.65679545e+00
 1.65634272e+00
 1.65568419e+00
 1.65479649e+00
 1.65365179e+00
 1.65221975e+00
 1.65047014e+00
 1.64837598e+00
 1.64591671e+00
 1.64308068e+00
 1.63986666e+00
 1.63628430e+00
 1.63235386e+00
 1.62810541e+00
 1.62357794e+00
 1.61881835e+00
 1.61388038e+00
 1.60882367e+00
 1.60371293e+00
 1.59861718e+00
 1.59360904e+00
 1.58876399e+00
 1.58415926e+00
 1.57987224e+00
 1.57597843e+00
 1.57254893e+00
 1.56964808e+00
 1.56733129e+00
 1.56564336e+00
 1.56461717e+00
 1.56427285e+00
 1.66152665e+00
 1.66143865e+00
 1.66117087e+00
 1.66071224e+00
 1.66004511e+00
 1.65914634e+00
 1.65798874e+00
 1.65654305e+00
 1.65478029e+00
 1.65267447e+00
 1.65020538e+00
 1.64736091e+00
 1.64413872e+00
 1.64054700e+00
 1.63660451e+00
 1.63234008e+00
 1.62779181e+00
 1.62300614e+00
 1.61803686e+00
 1.61294418e+00
 1.60779388e+00
 1.60265646e+00
 1.59760628e+00
 1.59272051e+00
 1.58807778e+00
 1.58375641e+00
 1.57983231e+00
 1.57637674e+00
 1.57345408e+00
 1.57111991e+00
 1.56941927e+00
 1.56838534e+00
 1.56803842e+00
 1.66590975e+00
 1.66582057e+00
 1.66554921e+00
 1.66508455e+00
 1.66440881e+00
 1.66349883e+00
 1.66232766e+00
 1.66086662e+00
 1.65908753e+00
 1.65696524e+00
 1.65448009e+00
 1.65162005e+00
 1.64838235e+00
 1.64477440e+00
 1.64081397e+00
 1.63652901e+00
 1.63195689e+00
 1.62714370e+00
 1.62214324e+00
 1.61701618e+00
 1.61182914e+00
 1.60665376e+00
 1.60156568e+00
 1.59664329e+00
 1.59196624e+00
 1.58761355e+00
 1.58366158e+00
 1.58018181e+00
 1.57723881e+00
 1.57488837e+00
 1.57317579e+00
 1.57213452e+00
 1.57178513e+00
 1.67024366e+00
 1.67015319e+00
 1.66987793e+00
 1.66940657e+00
 1.66872118e+00
 1.66779850e+00
 1.66661170e+00
 1.66513245e+00
 1.66333320e+00
 1.66118954e+00
 1.65868252e+00
 1.65580053e+00
 1.65254088e+00
 1.64891069e+00
 1.64492725e+00
 1.64061789e+00
 1.63601951e+00
 1.63117789e+00
 1.62614683e+00
 1.62098732e+00
 1.61576655e+00
 1.61055697e+00
 1.60543511e+00
 1.60048023e+00
 1.59577274e+00
 1.59139225e+00
 1.58741555e+00
 1.58391445e+00
 1.58095375e+00
 1.57858937e+00
 1.57686674e+00
 1.57581940e+00
 1.57546798e+00
 1.67448144e+00
 1.67438942e+00
 1.67410943e+00
 1.67362999e+00
 1.67293296e+00
 1.67199499e+00
 1.67078929e+00
 1.66928789e+00
 1.66746385e+00
 1.66529359e+00
 1.66275897e+00
 1.65984914e+00
 1.65656184e+00
 1.65290429e+00
 1.64889361e+00
 1.64455683e+00
 1.63993050e+00
 1.63506016e+00
 1.62999957e+00
 1.62480988e+00
 1.61955863e+00
 1.61431875e+00
 1.60916733e+00
 1.60418420e+00
 1.59945028e+00
 1.59504569e+00
 1.59104765e+00
 1.58752835e+00
 1.58455285e+00
 1.58217720e+00
 1.58044674e+00
 1.57939485e+00
 1.57904193e+00
 1.67858192e+00
 1.67848789e+00
 1.67820183e+00
 1.67771211e+00
 1.67700047e+00
 1.67604345e+00
 1.67481446e+00
 1.67328593e+00
 1.67143167e+00
 1.66922910e+00
 1.66666117e+00
 1.66371799e+00
 1.66039802e+00
 1.65670885e+00
 1.65266767e+00
 1.64830133e+00
 1.64364615e+00
 1.63874746e+00
 1.63365892e+00
 1.62844170e+00
 1.62316351e+00
 1.61789747e+00
 1.61272090e+00
 1.60771390e+00
 1.60295765e+00
 1.59853258e+00
 1.59451628e+00
 1.59098128e+00
 1.58799295e+00
 1.58560748e+00
 1.58387020e+00
 1.58281433e+00
 1.58246011e+00
 1.68250852e+00
 1.68241193e+00
 1.68211814e+00
 1.68161540e+00
 1.68088533e+00
 1.67990457e+00
 1.67864684e+00
 1.67708524e+00
 1.67519463e+00
 1.67295370e+00
 1.67034678e+00
 1.66736520e+00
 1.66400832e+00
 1.66028422e+00
 1.65621026e+00
 1.65181317e+00
 1.64712908e+00
 1.64220308e+00
 1.63708870e+00
 1.63184703e+00
 1.62654575e+00
 1.62125797e+00
 1.61606096e+00
 1.61103473e+00
 1.60626043e+00
 1.60181850e+00
 1.59778670e+00
 1.59423785e+00
 1.59123764e+00
 1.58884258e+00
 1.58709828e+00
 1.58603813e+00
 1.58568247e+00
 1.68623062e+00
 1.68613071e+00
 1.68582696e+00
 1.68530767e+00
 1.68455453e+00
 1.68354441e+00
 1.68225158e+00
 1.68065019e+00
 1.67871655e+00
 1.67643109e+00
 1.67377983e+00
 1.67075552e+00
 1.66735847e+00
 1.66359727e+00
 1.65948936e+00
 1.65506134e+00
 1.65034908e+00
 1.64539746e+00
 1.64025980e+00
 1.63499709e+00
 1.62967689e+00
 1.62437211e+00
 1.61915974e+00
 1.61411939e+00
 1.60933178e+00
 1.60487707e+00
 1.60083289e+00
 1.59727219e+00
 1.59426106e+00
 1.59185658e+00
 1.59010497e+00
 1.58904017e+00
 1.58868292e+00
 1.68972031e+00
 1.68961644e+00
 1.68930075e+00
 1.68876141e+00
 1.68798016e+00
 1.68693433e+00
 1.68559924e+00
 1.68395069e+00
 1.68196713e+00
 1.67963123e+00
 1.67693107e+00
 1.67386083e+00
 1.67042170e+00
 1.66662255e+00
 1.66248076e+00
 1.65802266e+00
 1.65328379e+00
 1.64830875e+00
 1.64315072e+00
 1.63787058e+00
 1.63253578e+00
 1.62721898e+00
 1.62199672e+00
 1.61694793e+00
 1.61215259e+00
 1.60769015e+00
 1.60363778e+00
 1.60006838e+00
 1.59704838e+00
 1.59463556e+00
 1.59287706e+00
 1.59180770e+00
 1.59144885e+00
 1.69295974e+00
 1.69285090e+00
 1.69252027e+00
 1.69195603e+00
 1.69114021e+00
 1.69005101e+00
 1.68866546e+00
 1.68696192e+00
 1.68492176e+00
 1.68253051e+00
 1.67977834e+00
 1.67666073e+00
 1.67317932e+00
 1.66934295e+00
 1.66516865e+00
 1.66068230e+00
 1.65591905e+00
 1.65092322e+00
 1.64574786e+00
 1.64045386e+00
 1.63510868e+00
 1.62978483e+00
 1.62455836e+00
 1.61950737e+00
 1.61471077e+00
 1.61024691e+00
 1.60619213e+00
 1.60261894e+00
 1.59959396e+00
 1.59717564e+00
 1.59541208e+00
 1.59433916e+00
 1.59397902e+00
 1.69593535e+00
 1.69582022e+00
 1.69547073e+00
 1.69487532e+00
 1.69401681e+00
 1.69287513e+00
 1.69143013e+00
 1.68966387e+00
 1.68756166e+00
 1.68511211e+00
 1.68230721e+00
 1.67914309e+00
 1.67562125e+00
 1.67175002e+00
 1.66754583e+00
 1.66303397e+00
 1.65824911e+00
 1.65323528e+00
 1.64804552e+00
 1.64274090e+00
 1.63738914e+00
 1.63206281e+00
 1.62683764e+00
 1.62179088e+00
 1.61700013e+00
 1.61254228e+00
 1.60849237e+00
 1.60492211e+00
 1.60189799e+00
 1.59947892e+00
 1.59771386e+00
 1.59663959e+00
 1.59627892e+00
 1.69863373e+00
 1.69851077e+00
 1.69813801e+00
 1.69750448e+00
 1.69659425e+00
 1.69539008e+00
 1.69387653e+00
 1.69204123e+00
 1.68987419e+00
 1.68736673e+00
 1.68451163e+00
 1.68130458e+00
 1.67774621e+00
 1.67384399e+00
 1.66961356e+00
 1.66507960e+00
 1.66027623e+00
 1.65524721e+00
 1.65004564e+00
 1.64473301e+00
 1.63937764e+00
 1.63405258e+00
 1.62883352e+00
 1.62379703e+00
 1.61901932e+00
 1.61457543e+00
 1.61053858e+00
 1.60697913e+00
 1.60396293e+00
 1.60154900e+00
 1.59978685e+00
 1.59871395e+00
 1.59835367e+00
 1.70104670e+00
 1.70091462e+00
 1.70051389e+00
 1.69983325e+00
 1.69885946e+00
 1.69758123e+00
 1.69599105e+00
 1.69408389e+00
 1.69185406e+00
 1.68929376e+00
 1.68639466e+00
 1.68315082e+00
 1.67956152e+00
 1.67563323e+00
 1.67138089e+00
 1.66682860e+00
 1.66200997e+00
 1.65696841e+00
 1.65175711e+00
 1.64643824e+00
 1.64108116e+00
 1.63575987e+00
 1.63055049e+00
 1.62552923e+00
 1.62077099e+00
 1.61634874e+00
 1.61233327e+00
 1.60879285e+00
 1.60579199e+00
 1.60338933e+00
 1.60163466e+00
 1.60056596e+00
 1.60020704e+00
 1.70318509e+00
 1.70303807e+00
 1.70259525e+00
 1.70185089e+00
 1.70079785e+00
 1.69943414e+00
 1.69776369e+00
 1.69578898e+00
 1.69350537e+00
 1.69090241e+00
 1.68796864e+00
 1.68469587e+00
 1.68108208e+00
 1.67713305e+00
 1.67286333e+00
 1.66829659e+00
 1.66346589e+00
 1.65841418e+00
 1.65319472e+00
 1.64787053e+00
 1.64251244e+00
 1.63719595e+00
 1.63199816e+00
 1.62699535e+00
 1.62226146e+00
 1.61786734e+00
 1.61388089e+00
 1.61036734e+00
 1.60738903e+00
 1.60500359e+00
 1.60326064e+00
 1.60219852e+00
 1.60184168e+00
 1.70499374e+00
 1.70483565e+00
 1.70435424e+00
 1.70353801e+00
 1.70239090e+00
 1.70093508e+00
 1.69919158e+00
 1.69716472e+00
 1.69484369e+00
 1.69221188e+00
 1.68925411e+00
 1.68596059e+00
 1.68232868e+00
 1.67836400e+00
 1.67408116e+00
 1.66950365e+00
 1.66466390e+00
 1.65960419e+00
 1.65437768e+00
 1.64904835e+00
 1.64368894e+00
 1.63837693e+00
 1.63319087e+00
 1.62820762e+00
 1.62350064e+00
 1.61913905e+00
 1.61518767e+00
 1.61170781e+00
 1.60875830e+00
 1.60639523e+00
 1.60466852e+00
 1.60361672e+00
 1.60326349e+00
 1.70660695e+00
 1.70641452e+00
 1.70583515e+00
 1.70488540e+00
 1.70361566e+00
 1.70207676e+00
 1.70028691e+00
 1.69823445e+00
 1.69589607e+00
 1.69324932e+00
 1.69027731e+00
 1.68697017e+00
 1.68332562e+00
 1.67934966e+00
 1.67505738e+00
 1.67047239e+00
 1.66562635e+00
 1.66056055e+00
 1.65532780e+00
 1.64999310e+00
 1.64463141e+00
 1.63932261e+00
 1.63414693e+00
 1.62918223e+00
 1.62450203e+00
 1.62017439e+00
 1.61626161e+00
 1.61282076e+00
 1.60990517e+00
 1.60756652e+00
 1.60585424e+00
 1.60480966e+00
 1.60445868e+00
 1.70791990e+00
 1.70765294e+00
 1.70690526e+00
 1.70579876e+00
 1.70444223e+00
 1.70287615e+00
 1.70108517e+00
 1.69903571e+00
 1.69669690e+00
 1.69404568e+00
 1.69106657e+00
 1.68775116e+00
 1.68409828e+00
 1.68011443e+00
 1.67581569e+00
 1.67122595e+00
 1.66637595e+00
 1.66130576e+00
 1.65606755e+00
 1.65072719e+00
 1.64536217e+00
 1.64005493e+00
 1.63488739e+00
 1.62993857e+00
 1.62528246e+00
 1.62098676e+00
 1.61711239e+00
 1.61371337e+00
 1.61083744e+00
 1.60852864e+00
 1.60683120e+00
 1.60578924e+00
 1.60543747e+00
 1.70843218e+00
 1.70813635e+00
 1.70734043e+00
 1.70622840e+00
 1.70491175e+00
 1.70339490e+00
 1.70164035e+00
 1.69961131e+00
 1.69728097e+00
 1.69463086e+00
 1.69164891e+00
 1.68832877e+00
 1.68467067e+00
 1.68068146e+00
 1.67637848e+00
 1.67178609e+00
 1.66693397e+00
 1.66186084e+00
 1.65661806e+00
 1.65127211e+00
 1.64590313e+00
 1.64059604e+00
 1.63543411e+00
 1.63049758e+00
 1.62586102e+00
 1.62159220e+00
 1.61775163e+00
 1.61439223e+00
 1.61155899e+00
 1.60928999e+00
 1.60762138e+00
 1.60659360e+00
 1.60624547e+00
 1.70826526e+00
 1.70799930e+00
 1.70730698e+00
 1.70634156e+00
 1.70514954e+00
 1.70371359e+00
 1.70200433e+00
 1.69999800e+00
 1.69767746e+00
 1.69503010e+00
 1.69204734e+00
 1.68872461e+00
 1.68506350e+00
 1.68107078e+00
 1.67676518e+00
 1.67217158e+00
 1.66731856e+00
 1.66224367e+00
 1.65699741e+00
 1.65164662e+00
 1.64627382e+00
 1.64096607e+00
 1.63580755e+00
 1.63087950e+00
 1.62625701e+00
 1.62200804e+00
 1.61819311e+00
 1.61486516e+00
 1.61206911e+00
 1.60984115e+00
 1.60821176e+00
 1.60721085e+00
 1.60687143e+00
 1.70787344e+00
 1.70767807e+00
 1.70715455e+00
 1.70634882e+00
 1.70526358e+00
 1.70388886e+00
 1.70221162e+00
 1.70022090e+00
 1.69790722e+00
 1.69526206e+00
 1.69227924e+00
 1.68895521e+00
 1.68529260e+00
 1.68129785e+00
 1.67699085e+00
 1.67239683e+00
 1.66754356e+00
 1.66246778e+00
 1.65721933e+00
 1.65186521e+00
 1.64648964e+00
 1.64118115e+00
 1.63602433e+00
 1.63110117e+00
 1.62648705e+00
 1.62225008e+00
 1.61845085e+00
 1.61514249e+00
 1.61237061e+00
 1.61017138e+00
 1.60857410e+00
 1.60760179e+00
 1.60727371e+00
 1.70768600e+00
 1.70753739e+00
 1.70709112e+00
 1.70634582e+00
 1.70529873e+00
 1.70394533e+00
 1.70227912e+00
 1.70029376e+00
 1.69798247e+00
 1.69533811e+00
 1.69235533e+00
 1.68903090e+00
 1.68536785e+00
 1.68137243e+00
 1.67706499e+00
 1.67247088e+00
 1.66761759e+00
 1.66254153e+00
 1.65729234e+00
 1.65193703e+00
 1.64656044e+00
 1.64125165e+00
 1.63609533e+00
 1.63117375e+00
 1.62656241e+00
 1.62232943e+00
 1.61853545e+00
 1.61523366e+00
 1.61247000e+00
 1.61028067e+00
 1.60869497e+00
 1.60773462e+00
 1.60741300e+00
