 1.48148900e+00
 1.48189581e+00
 1.48311215e+00
 1.48512601e+00
 1.48791730e+00
 1.49145825e+00
 1.49571337e+00
 1.50063740e+00
 1.50617816e+00
 1.51227614e+00
 1.51886572e+00
 1.52588442e+00
 1.53325911e+00
 1.54092497e+00
 1.54879798e+00
 1.55677877e+00
 1.56475590e+00
 1.57263587e+00
 1.58034419e+00
 1.58778526e+00
 1.59487465e+00
 1.60153775e+00
 1.60771462e+00
 1.61335480e+00
 1.61842992e+00
 1.62291868e+00
 1.62680831e+00
 1.63009261e+00
 1.63277033e+00
 1.63484568e+00
 1.63632359e+00
 1.63720841e+00
 1.63750300e+00
 1.48086578e+00
 1.48136498e+00
 1.48273882e+00
 1.48488405e+00
 1.48776807e+00
 1.49137129e+00
 1.49566898e+00
 1.50062341e+00
 1.50618668e+00
 1.51230164e+00
 1.51890431e+00
 1.52593234e+00
 1.53331367e+00
 1.54098267e+00
 1.54885580e+00
 1.55683429e+00
 1.56480815e+00
 1.57268414e+00
 1.58038657e+00
 1.58782118e+00
 1.59490388e+00
 1.60156075e+00
 1.60773214e+00
 1.61336870e+00
 1.61844216e+00
 1.62293225e+00
 1.62682764e+00
 1.63012475e+00
 1.63282676e+00
 1.63494389e+00
 1.63648584e+00
 1.63745066e+00
 1.63779308e+00
 1.47930695e+00
 1.47995169e+00
 1.48167890e+00
 1.48417731e+00
 1.48732497e+00
 1.49110979e+00
 1.49553306e+00
 1.50057776e+00
 1.50620803e+00
 1.51237363e+00
 1.51901515e+00
 1.52607107e+00
 1.53347191e+00
 1.54115036e+00
 1.54902405e+00
 1.55699606e+00
 1.56496025e+00
 1.57282418e+00
 1.58050937e+00
 1.58792484e+00
 1.59498782e+00
 1.60162622e+00
 1.60778152e+00
 1.61340724e+00
 1.61847578e+00
 1.62296975e+00
 1.62688214e+00
 1.63021675e+00
 1.63298899e+00
 1.63522383e+00
 1.63693616e+00
 1.63807776e+00
 1.63849376e+00
 1.47759742e+00
 1.47831833e+00
 1.48029749e+00
 1.48315731e+00
 1.48664225e+00
 1.49068864e+00
 1.49530505e+00
 1.50049326e+00
 1.50623185e+00
 1.51248003e+00
 1.51918461e+00
 1.52628621e+00
 1.53371839e+00
 1.54141249e+00
 1.54928764e+00
 1.55724996e+00
 1.56519856e+00
 1.57304221e+00
 1.58069976e+00
 1.58808425e+00
 1.59511536e+00
 1.60172372e+00
 1.60785305e+00
 1.61346065e+00
 1.61852077e+00
 1.62302014e+00
 1.62695792e+00
 1.63034718e+00
 1.63321512e+00
 1.63559232e+00
 1.63746826e+00
 1.63872569e+00
 1.63917596e+00
 1.47657198e+00
 1.47726463e+00
 1.47922754e+00
 1.48218973e+00
 1.48588666e+00
 1.49017307e+00
 1.49500472e+00
 1.50036931e+00
 1.50624771e+00
 1.51260506e+00
 1.51939347e+00
 1.52655638e+00
 1.53403001e+00
 1.54174536e+00
 1.54962329e+00
 1.55757375e+00
 1.56550137e+00
 1.57331675e+00
 1.58093739e+00
 1.58828025e+00
 1.59526848e+00
 1.60183610e+00
 1.60793013e+00
 1.61351191e+00
 1.61855854e+00
 1.62306086e+00
 1.62702290e+00
 1.63046108e+00
 1.63339750e+00
 1.63583714e+00
 1.63772881e+00
 1.63895311e+00
 1.63937997e+00
 1.47646747e+00
 1.47704949e+00
 1.47878010e+00
 1.48157561e+00
 1.48526765e+00
 1.48967707e+00
 1.49468322e+00
 1.50022201e+00
 1.50625266e+00
 1.51273488e+00
 1.51962129e+00
 1.52685677e+00
 1.53437922e+00
 1.54212001e+00
 1.55000188e+00
 1.55793882e+00
 1.56584064e+00
 1.57362032e+00
 1.58119578e+00
 1.58848761e+00
 1.59542303e+00
 1.60193996e+00
 1.60798924e+00
 1.61353608e+00
 1.61856036e+00
 1.62305512e+00
 1.62702379e+00
 1.63047401e+00
 1.63340332e+00
 1.63577920e+00
 1.63753555e+00
 1.63860687e+00
 1.63896480e+00
 1.47639995e+00
 1.47694345e+00
 1.47856708e+00
 1.48123538e+00
 1.48485751e+00
 1.48929444e+00
 1.49440556e+00
 1.50008385e+00
 1.50625529e+00
 1.51286234e+00
 1.51985071e+00
 1.52716323e+00
 1.53473761e+00
 1.54250548e+00
 1.55039131e+00
 1.55831280e+00
 1.56618423e+00
 1.57392145e+00
 1.58144419e+00
 1.58867657e+00
 1.59555000e+00
 1.60200644e+00
 1.60800056e+00
 1.61350065e+00
 1.61848818e+00
 1.62295510e+00
 1.62689859e+00
 1.63031194e+00
 1.63317350e+00
 1.63544377e+00
 1.63708128e+00
 1.63806418e+00
 1.63839100e+00
 1.47621169e+00
 1.47675692e+00
 1.47837554e+00
 1.48101969e+00
 1.48461386e+00
 1.48905413e+00
 1.49421870e+00
 1.49999055e+00
 1.50627287e+00
 1.51298827e+00
 1.52007026e+00
 1.52745551e+00
 1.53507905e+00
 1.54287181e+00
 1.55075935e+00
 1.55866223e+00
 1.56649843e+00
 1.57418682e+00
 1.58164972e+00
 1.58881472e+00
 1.59561719e+00
 1.60200290e+00
 1.60792975e+00
 1.61336809e+00
 1.61829927e+00
 1.62271201e+00
 1.62659643e+00
 1.62993751e+00
 1.63271225e+00
 1.63489492e+00
 1.63646579e+00
 1.63741313e+00
 1.63772983e+00
 1.47618581e+00
 1.47672297e+00
 1.47832189e+00
 1.48094312e+00
 1.48451864e+00
 1.48895527e+00
 1.49414300e+00
 1.49996762e+00
 1.50632330e+00
 1.51311852e+00
 1.52027427e+00
 1.52771863e+00
 1.53538176e+00
 1.54319238e+00
 1.55107608e+00
 1.55895518e+00
 1.56675042e+00
 1.57438347e+00
 1.58177946e+00
 1.58886918e+00
 1.59559150e+00
 1.60189541e+00
 1.60774124e+00
 1.61310039e+00
 1.61795331e+00
 1.62228576e+00
 1.62608425e+00
 1.62933295e+00
 1.63201419e+00
 1.63411194e+00
 1.63561496e+00
 1.63651759e+00
 1.63681844e+00
 1.47627323e+00
 1.47680910e+00
 1.47840236e+00
 1.48101156e+00
 1.48457132e+00
 1.48899586e+00
 1.49418401e+00
 1.50002719e+00
 1.50641840e+00
 1.51325895e+00
 1.52046032e+00
 1.52794219e+00
 1.53562866e+00
 1.54344500e+00
 1.55131552e+00
 1.55916315e+00
 1.56691033e+00
 1.57448096e+00
 1.58180265e+00
 1.58880896e+00
 1.59544158e+00
 1.60165200e+00
 1.60740224e+00
 1.61266430e+00
 1.61741804e+00
 1.62164827e+00
 1.62534179e+00
 1.62848613e+00
 1.63107013e+00
 1.63308539e+00
 1.63452696e+00
 1.63539253e+00
 1.63568115e+00
 1.47655801e+00
 1.47708818e+00
 1.47866537e+00
 1.48125052e+00
 1.48478136e+00
 1.48917657e+00
 1.49434090e+00
 1.50017092e+00
 1.50656145e+00
 1.51341117e+00
 1.52062578e+00
 1.52811815e+00
 1.53580650e+00
 1.54361188e+00
 1.55145637e+00
 1.55926229e+00
 1.56695276e+00
 1.57445308e+00
 1.58169270e+00
 1.58860729e+00
 1.59514063e+00
 1.60124597e+00
 1.60688660e+00
 1.61203512e+00
 1.61667187e+00
 1.62078275e+00
 1.62435741e+00
 1.62738831e+00
 1.62987048e+00
 1.63180136e+00
 1.63318018e+00
 1.63400713e+00
 1.63428271e+00
 1.47704788e+00
 1.47756923e+00
 1.47912094e+00
 1.48166682e+00
 1.48514912e+00
 1.48949195e+00
 1.49460556e+00
 1.50039128e+00
 1.50674673e+00
 1.51357037e+00
 1.52076488e+00
 1.52823839e+00
 1.53590409e+00
 1.54367883e+00
 1.55148177e+00
 1.55923376e+00
 1.56685760e+00
 1.57427911e+00
 1.58142880e+00
 1.58824363e+00
 1.59466874e+00
 1.60065860e+00
 1.60617747e+00
 1.61119891e+00
 1.61570466e+00
 1.61968311e+00
 1.62312790e+00
 1.62603674e+00
 1.62841038e+00
 1.63025149e+00
 1.63156344e+00
 1.63234927e+00
 1.63261099e+00
 1.47771674e+00
 1.47822630e+00
 1.47974393e+00
 1.48223696e+00
 1.48565268e+00
 1.48992103e+00
 1.49495814e+00
 1.50067053e+00
 1.50695932e+00
 1.51372430e+00
 1.52086704e+00
 1.52829273e+00
 1.53591069e+00
 1.54363397e+00
 1.55137868e+00
 1.55906357e+00
 1.56661036e+00
 1.57394455e+00
 1.58099689e+00
 1.58770492e+00
 1.59401446e+00
 1.59988072e+00
 1.60526876e+00
 1.61015336e+00
 1.61451823e+00
 1.61835486e+00
 1.62166124e+00
 1.62444031e+00
 1.62669837e+00
 1.62844333e+00
 1.62968305e+00
 1.63042404e+00
 1.63067054e+00
 1.47851232e+00
 1.47900827e+00
 1.48048614e+00
 1.48291642e+00
 1.48625138e+00
 1.49042706e+00
 1.49536596e+00
 1.50098026e+00
 1.50717538e+00
 1.51385350e+00
 1.52091650e+00
 1.52826807e+00
 1.53581487e+00
 1.54346681e+00
 1.55113707e+00
 1.55874208e+00
 1.56620191e+00
 1.57344114e+00
 1.58039007e+00
 1.58698614e+00
 1.59317532e+00
 1.59891313e+00
 1.60416531e+00
 1.60890786e+00
 1.61312661e+00
 1.61681630e+00
 1.61997922e+00
 1.62262346e+00
 1.62476088e+00
 1.62640487e+00
 1.62756832e+00
 1.62826178e+00
 1.62849214e+00
 1.47937417e+00
 1.47985486e+00
 1.48128816e+00
 1.48364802e+00
 1.48689175e+00
 1.49096147e+00
 1.49578596e+00
 1.50128331e+00
 1.50736371e+00
 1.51393254e+00
 1.52089306e+00
 1.52814866e+00
 1.53560438e+00
 1.54316775e+00
 1.55074942e+00
 1.55826347e+00
 1.56562812e+00
 1.57276658e+00
 1.57960821e+00
 1.58608991e+00
 1.59215731e+00
 1.59776597e+00
 1.60288203e+00
 1.60748258e+00
 1.61155543e+00
 1.61509837e+00
 1.61811780e+00
 1.62062684e+00
 1.62264288e+00
 1.62418499e+00
 1.62527129e+00
 1.62591658e+00
 1.62613055e+00
 1.48022659e+00
 1.48069155e+00
 1.48207871e+00
 1.48436503e+00
 1.48751249e+00
 1.49146889e+00
 1.49616920e+00
 1.50153739e+00
 1.50748877e+00
 1.51393247e+00
 1.52077399e+00
 1.52791732e+00
 1.53526680e+00
 1.54272837e+00
 1.55021059e+00
 1.55762547e+00
 1.56488934e+00
 1.57192386e+00
 1.57865724e+00
 1.58502549e+00
 1.59097368e+00
 1.59645709e+00
 1.60144208e+00
 1.60590652e+00
 1.60983985e+00
 1.61324251e+00
 1.61612458e+00
 1.61850386e+00
 1.62040311e+00
 1.62184699e+00
 1.62285880e+00
 1.62345758e+00
 1.62365574e+00
 1.48099832e+00
 1.48144784e+00
 1.48278948e+00
 1.48500264e+00
 1.48805328e+00
 1.49189436e+00
 1.49646666e+00
 1.50169993e+00
 1.50751468e+00
 1.51382415e+00
 1.52053661e+00
 1.52755741e+00
 1.53479092e+00
 1.54214217e+00
 1.54951820e+00
 1.55682927e+00
 1.56398999e+00
 1.57092058e+00
 1.57754802e+00
 1.58380737e+00
 1.58964302e+00
 1.59500985e+00
 1.59987418e+00
 1.60421438e+00
 1.60802108e+00
 1.61129670e+00
 1.61405433e+00
 1.61631573e+00
 1.61810846e+00
 1.61946236e+00
 1.62040568e+00
 1.62096154e+00
 1.62114508e+00
 1.48163393e+00
 1.48206824e+00
 1.48336514e+00
 1.48550650e+00
 1.48846203e+00
 1.49218940e+00
 1.49663461e+00
 1.50173274e+00
 1.50740927e+00
 1.51358165e+00
 1.52016121e+00
 1.52705515e+00
 1.53416847e+00
 1.54140584e+00
 1.54867328e+00
 1.55587970e+00
 1.56293838e+00
 1.56976827e+00
 1.57629532e+00
 1.58245375e+00
 1.58818732e+00
 1.59345049e+00
 1.59820945e+00
 1.60244281e+00
 1.60614191e+00
 1.60931049e+00
 1.61196363e+00
 1.61412588e+00
 1.61582842e+00
 1.61710545e+00
 1.61798979e+00
 1.61850853e+00
 1.61867940e+00
 1.48208169e+00
 1.48250177e+00
 1.48375670e+00
 1.48583045e+00
 1.48869600e+00
 1.49231509e+00
 1.49663837e+00
 1.50160581e+00
 1.50714760e+00
 1.51318538e+00
 1.51963371e+00
 1.52640190e+00
 1.53339595e+00
 1.54052056e+00
 1.54768114e+00
 1.55478573e+00
 1.56174664e+00
 1.56848195e+00
 1.57491692e+00
 1.58098520e+00
 1.58663011e+00
 1.59180580e+00
 1.59647833e+00
 1.60062644e+00
 1.60424190e+00
 1.60732920e+00
 1.60990454e+00
 1.61199389e+00
 1.61363029e+00
 1.61485032e+00
 1.61568990e+00
 1.61617968e+00
 1.61634048e+00
 1.48230695e+00
 1.48271431e+00
 1.48393153e+00
 1.48594403e+00
 1.48872719e+00
 1.49224613e+00
 1.49645561e+00
 1.50130017e+00
 1.50671455e+00
 1.51262449e+00
 1.51894784e+00
 1.52559605e+00
 1.53247620e+00
 1.53949324e+00
 1.54655230e+00
 1.55356091e+00
 1.56043089e+00
 1.56707995e+00
 1.57343308e+00
 1.57942377e+00
 1.58499520e+00
 1.59010140e+00
 1.59470837e+00
 1.59879488e+00
 1.60235299e+00
 1.60538772e+00
 1.60791597e+00
 1.60996450e+00
 1.61156707e+00
 1.61276076e+00
 1.61358174e+00
 1.61406056e+00
 1.61421775e+00
 1.48230236e+00
 1.48269823e+00
 1.48388135e+00
 1.48583824e+00
 1.48854625e+00
 1.49197340e+00
 1.49607816e+00
 1.50080935e+00
 1.50610614e+00
 1.51189824e+00
 1.51810650e+00
 1.52464430e+00
 1.53141959e+00
 1.53833752e+00
 1.54530315e+00
 1.55222387e+00
 1.55901149e+00
 1.56558391e+00
 1.57186637e+00
 1.57779268e+00
 1.58330624e+00
 1.58836117e+00
 1.59292338e+00
 1.59697156e+00
 1.60049776e+00
 1.60350717e+00
 1.60601698e+00
 1.60805410e+00
 1.60965187e+00
 1.61084612e+00
 1.61167072e+00
 1.61215339e+00
 1.61231219e+00
 1.48207750e+00
 1.48246280e+00
 1.48361458e+00
 1.48552040e+00
 1.48815937e+00
 1.49150219e+00
 1.49551099e+00
 1.50013893e+00
 1.50532958e+00
 1.51101629e+00
 1.51712237e+00
 1.52356237e+00
 1.53024462e+00
 1.53707426e+00
 1.54395636e+00
 1.55079857e+00
 1.55751321e+00
 1.56401891e+00
 1.57024179e+00
 1.57611647e+00
 1.58158696e+00
 1.58660765e+00
 1.59114430e+00
 1.59517513e+00
 1.59869152e+00
 1.60169812e+00
 1.60421155e+00
 1.60625793e+00
 1.60786917e+00
 1.60907873e+00
 1.60991745e+00
 1.61041005e+00
 1.61057241e+00
 1.48165463e+00
 1.48203014e+00
 1.48315271e+00
 1.48501066e+00
 1.48758492e+00
 1.49084922e+00
 1.49476988e+00
 1.49930491e+00
 1.50440231e+00
 1.50999842e+00
 1.51601780e+00
 1.52237502e+00
 1.52897796e+00
 1.53573147e+00
 1.54254080e+00
 1.54931424e+00
 1.55596519e+00
 1.56241359e+00
 1.56858702e+00
 1.57442143e+00
 1.57986187e+00
 1.58486319e+00
 1.58939091e+00
 1.59342219e+00
 1.59694685e+00
 1.59996778e+00
 1.60249999e+00
 1.60456808e+00
 1.60620222e+00
 1.60743363e+00
 1.60829062e+00
 1.60879543e+00
 1.60896210e+00
 1.48106801e+00
 1.48143368e+00
 1.48252725e+00
 1.48433832e+00
 1.48684985e+00
 1.49003929e+00
 1.49387857e+00
 1.49833168e+00
 1.50335085e+00
 1.50887385e+00
 1.51482440e+00
 1.52111548e+00
 1.52765372e+00
 1.53434359e+00
 1.54109081e+00
 1.54780481e+00
 1.55440060e+00
 1.56080002e+00
 1.56693257e+00
 1.57273605e+00
 1.57815700e+00
 1.58315105e+00
 1.58768344e+00
 1.59172983e+00
 1.59527738e+00
 1.59832571e+00
 1.60088690e+00
 1.60298348e+00
 1.60464420e+00
 1.60589892e+00
 1.60677422e+00
 1.60729065e+00
 1.60746129e+00
 1.48035676e+00
 1.48071316e+00
 1.48177799e+00
 1.48354040e+00
 1.48598671e+00
 1.48910158e+00
 1.49286580e+00
 1.49725044e+00
 1.50221012e+00
 1.50768064e+00
 1.51358201e+00
 1.51982409e+00
 1.52631196e+00
 1.53295002e+00
 1.53964495e+00
 1.54630789e+00
 1.55285595e+00
 1.55921326e+00
 1.56531171e+00
 1.57109134e+00
 1.57650058e+00
 1.58149628e+00
 1.58604372e+00
 1.59011692e+00
 1.59369950e+00
 1.59678620e+00
 1.59938416e+00
 1.60151268e+00
 1.60319965e+00
 1.60447542e+00
 1.60536702e+00
 1.60589440e+00
 1.60606900e+00
 1.47959184e+00
 1.47993272e+00
 1.48095480e+00
 1.48265462e+00
 1.48502605e+00
 1.48806456e+00
 1.49176330e+00
 1.49609914e+00
 1.50102351e+00
 1.50646490e+00
 1.51233699e+00
 1.51854615e+00
 1.52499646e+00
 1.53159303e+00
 1.53824421e+00
 1.54486330e+00
 1.55136985e+00
 1.55769062e+00
 1.56376007e+00
 1.56952072e+00
 1.57492324e+00
 1.57992624e+00
 1.58449560e+00
 1.58860417e+00
 1.59223199e+00
 1.59536760e+00
 1.59801055e+00
 1.60017406e+00
 1.60188453e+00
 1.60317461e+00
 1.60407375e+00
 1.60460370e+00
 1.60477862e+00
 1.47874928e+00
 1.47908165e+00
 1.48007058e+00
 1.48170407e+00
 1.48398988e+00
 1.48695388e+00
 1.49060779e+00
 1.49492501e+00
 1.49984318e+00
 1.50527883e+00
 1.51113925e+00
 1.51732877e+00
 1.52375187e+00
 1.53031539e+00
 1.53692997e+00
 1.54351134e+00
 1.54998169e+00
 1.55627045e+00
 1.56231471e+00
 1.56805948e+00
 1.57345787e+00
 1.57847065e+00
 1.58306512e+00
 1.58721390e+00
 1.59089446e+00
 1.59408938e+00
 1.59678851e+00
 1.59899386e+00
 1.60072574e+00
 1.60202240e+00
 1.60292566e+00
 1.60346227e+00
 1.60364082e+00
 1.47806523e+00
 1.47835770e+00
 1.47923394e+00
 1.48072060e+00
 1.48288815e+00
 1.48579738e+00
 1.48944903e+00
 1.49378743e+00
 1.49872797e+00
 1.50417669e+00
 1.51003811e+00
 1.51621733e+00
 1.52262079e+00
 1.52915790e+00
 1.53574191e+00
 1.54229100e+00
 1.54872991e+00
 1.55499069e+00
 1.56101288e+00
 1.56674378e+00
 1.57213884e+00
 1.57716132e+00
 1.58178059e+00
 1.58597003e+00
 1.58970635e+00
 1.59296845e+00
 1.59573760e+00
 1.59800073e+00
 1.59975943e+00
 1.60104259e+00
 1.60190666e+00
 1.60240805e+00
 1.60257381e+00
 1.47743431e+00
 1.47763119e+00
 1.47829843e+00
 1.47960970e+00
 1.48171315e+00
 1.48464762e+00
 1.48835900e+00
 1.49275499e+00
 1.49773695e+00
 1.50320896e+00
 1.50907798e+00
 1.51525244e+00
 1.52164145e+00
 1.52815744e+00
 1.53471628e+00
 1.54123824e+00
 1.54765043e+00
 1.55388722e+00
 1.55989036e+00
 1.56560900e+00
 1.57100063e+00
 1.57603102e+00
 1.58067205e+00
 1.58489835e+00
 1.58868762e+00
 1.59201812e+00
 1.59486738e+00
 1.59721199e+00
 1.59903153e+00
 1.60032361e+00
 1.60113044e+00
 1.60154563e+00
 1.60166962e+00
 1.47618671e+00
 1.47635291e+00
 1.47698175e+00
 1.47833152e+00
 1.48054713e+00
 1.48360842e+00
 1.48742398e+00
 1.49189310e+00
 1.49692077e+00
 1.50241733e+00
 1.50829540e+00
 1.51446779e+00
 1.52084599e+00
 1.52734548e+00
 1.53388439e+00
 1.54038452e+00
 1.54677502e+00
 1.55299220e+00
 1.55897963e+00
 1.56468780e+00
 1.57007581e+00
 1.57511162e+00
 1.57976984e+00
 1.58402607e+00
 1.58786005e+00
 1.59125143e+00
 1.59417867e+00
 1.59661761e+00
 1.59854093e+00
 1.59992457e+00
 1.60077793e+00
 1.60119065e+00
 1.60130485e+00
 1.47452276e+00
 1.47474079e+00
 1.47554394e+00
 1.47714154e+00
 1.47957863e+00
 1.48279826e+00
 1.48671717e+00
 1.49125070e+00
 1.49631609e+00
 1.50183240e+00
 1.50771784e+00
 1.51388934e+00
 1.52025971e+00
 1.52674718e+00
 1.53327156e+00
 1.53975554e+00
 1.54612995e+00
 1.55233246e+00
 1.55830810e+00
 1.56400813e+00
 1.56939281e+00
 1.57443167e+00
 1.57910204e+00
 1.58337967e+00
 1.58724670e+00
 1.59068446e+00
 1.59367417e+00
 1.59619588e+00
 1.59822864e+00
 1.59975068e+00
 1.60075066e+00
 1.60126529e+00
 1.60141040e+00
 1.47310428e+00
 1.47343011e+00
 1.47449303e+00
 1.47634377e+00
 1.47896041e+00
 1.48229355e+00
 1.48628157e+00
 1.49085655e+00
 1.49594559e+00
 1.50147415e+00
 1.50736409e+00
 1.51353521e+00
 1.51990070e+00
 1.52638081e+00
 1.53289633e+00
 1.53937035e+00
 1.54573482e+00
 1.55192823e+00
 1.55789653e+00
 1.56359136e+00
 1.56897368e+00
 1.57401388e+00
 1.57869145e+00
 1.58298166e+00
 1.58686871e+00
 1.59033487e+00
 1.59336370e+00
 1.59593888e+00
 1.59804694e+00
 1.59967608e+00
 1.60081765e+00
 1.60147302e+00
 1.60167598e+00
 1.47255000e+00
 1.47294542e+00
 1.47412539e+00
 1.47607097e+00
 1.47875114e+00
 1.48212340e+00
 1.48613496e+00
 1.49072395e+00
 1.49582092e+00
 1.50135357e+00
 1.50724499e+00
 1.51341600e+00
 1.51977982e+00
 1.52625744e+00
 1.53277000e+00
 1.53924064e+00
 1.54560175e+00
 1.55179206e+00
 1.55775788e+00
 1.56345091e+00
 1.56883239e+00
 1.57387292e+00
 1.57855288e+00
 1.58284721e+00
 1.58674092e+00
 1.59021658e+00
 1.59325858e+00
 1.59585187e+00
 1.59798571e+00
 1.59965244e+00
 1.60084659e+00
 1.60156448e+00
 1.60180400e+00
