 1.10000000e+00
 1.10000000e+00
 1.10000000e+00
 1.10000000e+00
 1.10000001e+00
 1.10000000e+00
 1.10000000e+00
 1.09999999e+00
 1.10000000e+00
 1.10000000e+00
 1.09999999e+00
 1.09999999e+00
 1.09999999e+00
 1.09999999e+00
 1.10000001e+00
 1.09999999e+00
 1.10000000e+00
 1.10000000e+00
 1.10000001e+00
 1.10000000e+00
 1.10000000e+00
 1.10000000e+00
 1.10000000e+00
 1.10000000e+00
 1.10000000e+00
 1.10000000e+00
 1.10000000e+00
 1.10000000e+00
 1.10000000e+00
 1.10000000e+00
 1.10000000e+00
 1.10000000e+00
 1.10000000e+00
 1.10038562e+00
 1.10040273e+00
 1.10043199e+00
 1.10045663e+00
 1.10047439e+00
 1.10048681e+00
 1.10049586e+00
 1.10050280e+00
 1.10050833e+00
 1.10051277e+00
 1.10051635e+00
 1.10051921e+00
 1.10052147e+00
 1.10052323e+00
 1.10052460e+00
 1.10052561e+00
 1.10052641e+00
 1.10052705e+00
 1.10052762e+00
 1.10052823e+00
 1.10052904e+00
 1.10053022e+00
 1.10053204e+00
 1.10053491e+00
 1.10053945e+00
 1.10054671e+00
 1.10055846e+00
 1.10057795e+00
 1.10061064e+00
 1.10066459e+00
 1.10074619e+00
 1.10084783e+00
 1.10090856e+00
 1.10159586e+00
 1.10164001e+00
 1.10173507e+00
 1.10182603e+00
 1.10189438e+00
 1.10194311e+00
 1.10197891e+00
 1.10200649e+00
 1.10202847e+00
 1.10204620e+00
 1.10206048e+00
 1.10207190e+00
 1.10208090e+00
 1.10208791e+00
 1.10209331e+00
 1.10209741e+00
 1.10210056e+00
 1.10210310e+00
 1.10210538e+00
 1.10210784e+00
 1.10211104e+00
 1.10211574e+00
 1.10212300e+00
 1.10213441e+00
 1.10215246e+00
 1.10218122e+00
 1.10222771e+00
 1.10230431e+00
 1.10243174e+00
 1.10263785e+00
 1.10293671e+00
 1.10326293e+00
 1.10341704e+00
 1.10376321e+00
 1.10382168e+00
 1.10396419e+00
 1.10412384e+00
 1.10425775e+00
 1.10435951e+00
 1.10443690e+00
 1.10449761e+00
 1.10454636e+00
 1.10458585e+00
 1.10461772e+00
 1.10464320e+00
 1.10466332e+00
 1.10467899e+00
 1.10469104e+00
 1.10470021e+00
 1.10470725e+00
 1.10471291e+00
 1.10471799e+00
 1.10472347e+00
 1.10473059e+00
 1.10474102e+00
 1.10475711e+00
 1.10478235e+00
 1.10482208e+00
 1.10488491e+00
 1.10498518e+00
 1.10514665e+00
 1.10540504e+00
 1.10579663e+00
 1.10630487e+00
 1.10677831e+00
 1.10697583e+00
 1.10701983e+00
 1.10707354e+00
 1.10721463e+00
 1.10739633e+00
 1.10757448e+00
 1.10772757e+00
 1.10785323e+00
 1.10795583e+00
 1.10803984e+00
 1.10810851e+00
 1.10816419e+00
 1.10820882e+00
 1.10824411e+00
 1.10827161e+00
 1.10829275e+00
 1.10830885e+00
 1.10832120e+00
 1.10833110e+00
 1.10833996e+00
 1.10834947e+00
 1.10836178e+00
 1.10837976e+00
 1.10840740e+00
 1.10845044e+00
 1.10851746e+00
 1.10862152e+00
 1.10878233e+00
 1.10902755e+00
 1.10938675e+00
 1.10986510e+00
 1.11039632e+00
 1.11082832e+00
 1.11099609e+00
 1.11137636e+00
 1.11141057e+00
 1.11151176e+00
 1.11166816e+00
 1.11185344e+00
 1.11203945e+00
 1.11220895e+00
 1.11235591e+00
 1.11248009e+00
 1.11258323e+00
 1.11266757e+00
 1.11273549e+00
 1.11278934e+00
 1.11283137e+00
 1.11286370e+00
 1.11288833e+00
 1.11290717e+00
 1.11292219e+00
 1.11293554e+00
 1.11294976e+00
 1.11296801e+00
 1.11299449e+00
 1.11303485e+00
 1.11309693e+00
 1.11319161e+00
 1.11333365e+00
 1.11354121e+00
 1.11383052e+00
 1.11420055e+00
 1.11461022e+00
 1.11497608e+00
 1.11521643e+00
 1.11529727e+00
 1.11662421e+00
 1.11665349e+00
 1.11674135e+00
 1.11688446e+00
 1.11706988e+00
 1.11727569e+00
 1.11747994e+00
 1.11766787e+00
 1.11783255e+00
 1.11797223e+00
 1.11808785e+00
 1.11818163e+00
 1.11825631e+00
 1.11831475e+00
 1.11835976e+00
 1.11839401e+00
 1.11842012e+00
 1.11844077e+00
 1.11845886e+00
 1.11847782e+00
 1.11850184e+00
 1.11853628e+00
 1.11858809e+00
 1.11866619e+00
 1.11878161e+00
 1.11894647e+00
 1.11917013e+00
 1.11945051e+00
 1.11976293e+00
 1.12005891e+00
 1.12028774e+00
 1.12042412e+00
 1.12046829e+00
 1.12268503e+00
 1.12271898e+00
 1.12281787e+00
 1.12297347e+00
 1.12317299e+00
 1.12339908e+00
 1.12363217e+00
 1.12385513e+00
 1.12405661e+00
 1.12423119e+00
 1.12437777e+00
 1.12449777e+00
 1.12459392e+00
 1.12466945e+00
 1.12472769e+00
 1.12477196e+00
 1.12480550e+00
 1.12483165e+00
 1.12485406e+00
 1.12487690e+00
 1.12490520e+00
 1.12494510e+00
 1.12500402e+00
 1.12509054e+00
 1.12521344e+00
 1.12537920e+00
 1.12558735e+00
 1.12582511e+00
 1.12606661e+00
 1.12628164e+00
 1.12644766e+00
 1.12655219e+00
 1.12658800e+00
 1.12958447e+00
 1.12962165e+00
 1.12972994e+00
 1.12989993e+00
 1.13011719e+00
 1.13036401e+00
 1.13062160e+00
 1.13087276e+00
 1.13110440e+00
 1.13130876e+00
 1.13148277e+00
 1.13162674e+00
 1.13174296e+00
 1.13183469e+00
 1.13190556e+00
 1.13195928e+00
 1.13199959e+00
 1.13203036e+00
 1.13205577e+00
 1.13208055e+00
 1.13211016e+00
 1.13215096e+00
 1.13220994e+00
 1.13229409e+00
 1.13240874e+00
 1.13255499e+00
 1.13272666e+00
 1.13290939e+00
 1.13308382e+00
 1.13323184e+00
 1.13334126e+00
 1.13340691e+00
 1.13342856e+00
 1.13729353e+00
 1.13733323e+00
 1.13744863e+00
 1.13762930e+00
 1.13785979e+00
 1.13812181e+00
 1.13839654e+00
 1.13866693e+00
 1.13891952e+00
 1.13914546e+00
 1.13934037e+00
 1.13950341e+00
 1.13963615e+00
 1.13974149e+00
 1.13982301e+00
 1.13988453e+00
 1.13993004e+00
 1.13996366e+00
 1.13998984e+00
 1.14001352e+00
 1.14004018e+00
 1.14007580e+00
 1.14012633e+00
 1.14019669e+00
 1.14028923e+00
 1.14040190e+00
 1.14052740e+00
 1.14065427e+00
 1.14077028e+00
 1.14086585e+00
 1.14093573e+00
 1.14097800e+00
 1.14099214e+00
 1.14577679e+00
 1.14581699e+00
 1.14593391e+00
 1.14611710e+00
 1.14635091e+00
 1.14661698e+00
 1.14689688e+00
 1.14717414e+00
 1.14743571e+00
 1.14767247e+00
 1.14787924e+00
 1.14805419e+00
 1.14819793e+00
 1.14831268e+00
 1.14840157e+00
 1.14846820e+00
 1.14851643e+00
 1.14855033e+00
 1.14857428e+00
 1.14859303e+00
 1.14861170e+00
 1.14863553e+00
 1.14866922e+00
 1.14871603e+00
 1.14877661e+00
 1.14884824e+00
 1.14892509e+00
 1.14899983e+00
 1.14906573e+00
 1.14911832e+00
 1.14915561e+00
 1.14917748e+00
 1.14918464e+00
 1.15497807e+00
 1.15501672e+00
 1.15512888e+00
 1.15530402e+00
 1.15552714e+00
 1.15578138e+00
 1.15605017e+00
 1.15631876e+00
 1.15657507e+00
 1.15681014e+00
 1.15701820e+00
 1.15719642e+00
 1.15734429e+00
 1.15746304e+00
 1.15755503e+00
 1.15762324e+00
 1.15767105e+00
 1.15770212e+00
 1.15772038e+00
 1.15773007e+00
 1.15773568e+00
 1.15774155e+00
 1.15775142e+00
 1.15776762e+00
 1.15779046e+00
 1.15781814e+00
 1.15784732e+00
 1.15787441e+00
 1.15789672e+00
 1.15791313e+00
 1.15792386e+00
 1.15792978e+00
 1.15793166e+00
 1.16483445e+00
 1.16486709e+00
 1.16496211e+00
 1.16511159e+00
 1.16530416e+00
 1.16552677e+00
 1.16576607e+00
 1.16600949e+00
 1.16624604e+00
 1.16646686e+00
 1.16666552e+00
 1.16683806e+00
 1.16698272e+00
 1.16709957e+00
 1.16718988e+00
 1.16725576e+00
 1.16729975e+00
 1.16732474e+00
 1.16733390e+00
 1.16733068e+00
 1.16731877e+00
 1.16730175e+00
 1.16728275e+00
 1.16726395e+00
 1.16724631e+00
 1.16722966e+00
 1.16721329e+00
 1.16719666e+00
 1.16717997e+00
 1.16716426e+00
 1.16715116e+00
 1.16714239e+00
 1.16713930e+00
 1.17520997e+00
 1.17523293e+00
 1.17530098e+00
 1.17541127e+00
 1.17555848e+00
 1.17573489e+00
 1.17593107e+00
 1.17613690e+00
 1.17634246e+00
 1.17653891e+00
 1.17671913e+00
 1.17687807e+00
 1.17701276e+00
 1.17712205e+00
 1.17720609e+00
 1.17726587e+00
 1.17730288e+00
 1.17731894e+00
 1.17731616e+00
 1.17729701e+00
 1.17726428e+00
 1.17722097e+00
 1.17717001e+00
 1.17711398e+00
 1.17705500e+00
 1.17699483e+00
 1.17693518e+00
 1.17687801e+00
 1.17682572e+00
 1.17678103e+00
 1.17674670e+00
 1.17672505e+00
 1.17671766e+00
 1.18589159e+00
 1.18590671e+00
 1.18595199e+00
 1.18602716e+00
 1.18613108e+00
 1.18626095e+00
 1.18641168e+00
 1.18657611e+00
 1.18674581e+00
 1.18691234e+00
 1.18706823e+00
 1.18720776e+00
 1.18732712e+00
 1.18742418e+00
 1.18749810e+00
 1.18754876e+00
 1.18757643e+00
 1.18758162e+00
 1.18756515e+00
 1.18752830e+00
 1.18747295e+00
 1.18740160e+00
 1.18731726e+00
 1.18722327e+00
 1.18712317e+00
 1.18702068e+00
 1.18691971e+00
 1.18682436e+00
 1.18673884e+00
 1.18666723e+00
 1.18661317e+00
 1.18657951e+00
 1.18656808e+00
 1.19670898e+00
 1.19671766e+00
 1.19674468e+00
 1.19679223e+00
 1.19686226e+00
 1.19695494e+00
 1.19706776e+00
 1.19719555e+00
 1.19733127e+00
 1.19746726e+00
 1.19759645e+00
 1.19771321e+00
 1.19781358e+00
 1.19789510e+00
 1.19795626e+00
 1.19799598e+00
 1.19801324e+00
 1.19800705e+00
 1.19797666e+00
 1.19792196e+00
 1.19784381e+00
 1.19774425e+00
 1.19762652e+00
 1.19749489e+00
 1.19735443e+00
 1.19721079e+00
 1.19706995e+00
 1.19693793e+00
 1.19682055e+00
 1.19672310e+00
 1.19665004e+00
 1.19660479e+00
 1.19658946e+00
 1.20748905e+00
 1.20749550e+00
 1.20751569e+00
 1.20755164e+00
 1.20760538e+00
 1.20767750e+00
 1.20776625e+00
 1.20786747e+00
 1.20797528e+00
 1.20808331e+00
 1.20818575e+00
 1.20827811e+00
 1.20835730e+00
 1.20842130e+00
 1.20846847e+00
 1.20849696e+00
 1.20850444e+00
 1.20848816e+00
 1.20844551e+00
 1.20837468e+00
 1.20827531e+00
 1.20814891e+00
 1.20799895e+00
 1.20783071e+00
 1.20765088e+00
 1.20746707e+00
 1.20728727e+00
 1.20711940e+00
 1.20697083e+00
 1.20684808e+00
 1.20675646e+00
 1.20669990e+00
 1.20668078e+00
 1.21812453e+00
 1.21813206e+00
 1.21815482e+00
 1.21819304e+00
 1.21824644e+00
 1.21831356e+00
 1.21839141e+00
 1.21847570e+00
 1.21856148e+00
 1.21864409e+00
 1.21871989e+00
 1.21878659e+00
 1.21884306e+00
 1.21888855e+00
 1.21892184e+00
 1.21894054e+00
 1.21894084e+00
 1.21891794e+00
 1.21886689e+00
 1.21878375e+00
 1.21866659e+00
 1.21851619e+00
 1.21833621e+00
 1.21813298e+00
 1.21791487e+00
 1.21769156e+00
 1.21747318e+00
 1.21726958e+00
 1.21708977e+00
 1.21694149e+00
 1.21683098e+00
 1.21676279e+00
 1.21673974e+00
 1.22855400e+00
 1.22856434e+00
 1.22859455e+00
 1.22864226e+00
 1.22870357e+00
 1.22877348e+00
 1.22884658e+00
 1.22891775e+00
 1.22898286e+00
 1.22903934e+00
 1.22908646e+00
 1.22912513e+00
 1.22915706e+00
 1.22918359e+00
 1.22920438e+00
 1.22921655e+00
 1.22921456e+00
 1.22919095e+00
 1.22913780e+00
 1.22904842e+00
 1.22891885e+00
 1.22874881e+00
 1.22854203e+00
 1.22830588e+00
 1.22805058e+00
 1.22778809e+00
 1.22753093e+00
 1.22729118e+00
 1.22707967e+00
 1.22690555e+00
 1.22677603e+00
 1.22669626e+00
 1.22666933e+00
 1.23873922e+00
 1.23875255e+00
 1.23879039e+00
 1.23884688e+00
 1.23891410e+00
 1.23898364e+00
 1.23904790e+00
 1.23910110e+00
 1.23914004e+00
 1.23916457e+00
 1.23917746e+00
 1.23918356e+00
 1.23918829e+00
 1.23919568e+00
 1.23920656e+00
 1.23921744e+00
 1.23922048e+00
 1.23920476e+00
 1.23915847e+00
 1.23907132e+00
 1.23893671e+00
 1.23875293e+00
 1.23852357e+00
 1.23825706e+00
 1.23796561e+00
 1.23766377e+00
 1.23736688e+00
 1.23708962e+00
 1.23684503e+00
 1.23664387e+00
 1.23649441e+00
 1.23640244e+00
 1.23637141e+00
 1.24865862e+00
 1.24867122e+00
 1.24870669e+00
 1.24875853e+00
 1.24881728e+00
 1.24887244e+00
 1.24891454e+00
 1.24893710e+00
 1.24893794e+00
 1.24891964e+00
 1.24888905e+00
 1.24885576e+00
 1.24882963e+00
 1.24881794e+00
 1.24882284e+00
 1.24883981e+00
 1.24885787e+00
 1.24886148e+00
 1.24883369e+00
 1.24875962e+00
 1.24862928e+00
 1.24843915e+00
 1.24819249e+00
 1.24789872e+00
 1.24757218e+00
 1.24723033e+00
 1.24689181e+00
 1.24657455e+00
 1.24629427e+00
 1.24606376e+00
 1.24589263e+00
 1.24578744e+00
 1.24575198e+00
 1.25822118e+00
 1.25823099e+00
 1.25825808e+00
 1.25829555e+00
 1.25833297e+00
 1.25835852e+00
 1.25836190e+00
 1.25833699e+00
 1.25828359e+00
 1.25820790e+00
 1.25812178e+00
 1.25804049e+00
 1.25797923e+00
 1.25794904e+00
 1.25795337e+00
 1.25798610e+00
 1.25803193e+00
 1.25806912e+00
 1.25807404e+00
 1.25802600e+00
 1.25791094e+00
 1.25772319e+00
 1.25746557e+00
 1.25714842e+00
 1.25678813e+00
 1.25640528e+00
 1.25602238e+00
 1.25566133e+00
 1.25534142e+00
 1.25507805e+00
 1.25488250e+00
 1.25476231e+00
 1.25472177e+00
 1.26733090e+00
 1.26733760e+00
 1.26735420e+00
 1.26737129e+00
 1.26737626e+00
 1.26735671e+00
 1.26730338e+00
 1.26721233e+00
 1.26708658e+00
 1.26693703e+00
 1.26678175e+00
 1.26664299e+00
 1.26654232e+00
 1.26649508e+00
 1.26650591e+00
 1.26656636e+00
 1.26665531e+00
 1.26674288e+00
 1.26679682e+00
 1.26678926e+00
 1.26670151e+00
 1.26652576e+00
 1.26626452e+00
 1.26592895e+00
 1.26553718e+00
 1.26511266e+00
 1.26468202e+00
 1.26427210e+00
 1.26390694e+00
 1.26360571e+00
 1.26338214e+00
 1.26324494e+00
 1.26319874e+00
 1.27594192e+00
 1.27594119e+00
 1.27593520e+00
 1.27591431e+00
 1.27586681e+00
 1.27578212e+00
 1.27565293e+00
 1.27547728e+00
 1.27526129e+00
 1.27502122e+00
 1.27478291e+00
 1.27457737e+00
 1.27443371e+00
 1.27437201e+00
 1.27439798e+00
 1.27450003e+00
 1.27464960e+00
 1.27480622e+00
 1.27492669e+00
 1.27497453e+00
 1.27492607e+00
 1.27477196e+00
 1.27451509e+00
 1.27416753e+00
 1.27374844e+00
 1.27328312e+00
 1.27280179e+00
 1.27233687e+00
 1.27191883e+00
 1.27157233e+00
 1.27131457e+00
 1.27115612e+00
 1.27110269e+00
 1.28396279e+00
 1.28394843e+00
 1.28390420e+00
 1.28382643e+00
 1.28370906e+00
 1.28354465e+00
 1.28332636e+00
 1.28305209e+00
 1.28273035e+00
 1.28238420e+00
 1.28204984e+00
 1.28176938e+00
 1.28158062e+00
 1.28150832e+00
 1.28155902e+00
 1.28171761e+00
 1.28194644e+00
 1.28219154e+00
 1.28239600e+00
 1.28251316e+00
 1.28251446e+00
 1.28239031e+00
 1.28214559e+00
 1.28179394e+00
 1.28135475e+00
 1.28085312e+00
 1.28032071e+00
 1.27979485e+00
 1.27931416e+00
 1.27891208e+00
 1.27861250e+00
 1.27842915e+00
 1.27836763e+00
 1.29121826e+00
 1.29119177e+00
 1.29111257e+00
 1.29098165e+00
 1.29079869e+00
 1.29055782e+00
 1.29024911e+00
 1.28986841e+00
 1.28942821e+00
 1.28896203e+00
 1.28852045e+00
 1.28815933e+00
 1.28792554e+00
 1.28784752e+00
 1.28793236e+00
 1.28816197e+00
 1.28848833e+00
 1.28884042e+00
 1.28914449e+00
 1.28934233e+00
 1.28940070e+00
 1.28931194e+00
 1.28908563e+00
 1.28873854e+00
 1.28828997e+00
 1.28776243e+00
 1.28718483e+00
 1.28659575e+00
 1.28604195e+00
 1.28556922e+00
 1.28521148e+00
 1.28498909e+00
 1.28491358e+00
 1.29759014e+00
 1.29755192e+00
 1.29744413e+00
 1.29727889e+00
 1.29705610e+00
 1.29675825e+00
 1.29636518e+00
 1.29587274e+00
 1.29530287e+00
 1.29470487e+00
 1.29414799e+00
 1.29370426e+00
 1.29342849e+00
 1.29335003e+00
 1.29347643e+00
 1.29378901e+00
 1.29422881e+00
 1.29470321e+00
 1.29511866e+00
 1.29540443e+00
 1.29552271e+00
 1.29547053e+00
 1.29526597e+00
 1.29493119e+00
 1.29448610e+00
 1.29394949e+00
 1.29334312e+00
 1.29269875e+00
 1.29206536e+00
 1.29150701e+00
 1.29108310e+00
 1.29082562e+00
 1.29074025e+00
 1.30289925e+00
 1.30287138e+00
 1.30279304e+00
 1.30266127e+00
 1.30244697e+00
 1.30211205e+00
 1.30163536e+00
 1.30102382e+00
 1.30031505e+00
 1.29957751e+00
 1.29890229e+00
 1.29837907e+00
 1.29806773e+00
 1.29799362e+00
 1.29816507e+00
 1.29856771e+00
 1.29913208e+00
 1.29973809e+00
 1.30027054e+00
 1.30064637e+00
 1.30082238e+00
 1.30080322e+00
 1.30062006e+00
 1.30030269e+00
 1.29987270e+00
 1.29934672e+00
 1.29873878e+00
 1.29806623e+00
 1.29736169e+00
 1.29668745e+00
 1.29613331e+00
 1.29577943e+00
 1.29566024e+00
 1.30719593e+00
 1.30721283e+00
 1.30723173e+00
 1.30717797e+00
 1.30697888e+00
 1.30659574e+00
 1.30602424e+00
 1.30528716e+00
 1.30443668e+00
 1.30355945e+00
 1.30276977e+00
 1.30217585e+00
 1.30183829e+00
 1.30177188e+00
 1.30198651e+00
 1.30247929e+00
 1.30317197e+00
 1.30390983e+00
 1.30455670e+00
 1.30501906e+00
 1.30524595e+00
 1.30525236e+00
 1.30508710e+00
 1.30478863e+00
 1.30438058e+00
 1.30388072e+00
 1.30329989e+00
 1.30264463e+00
 1.30192463e+00
 1.30116919e+00
 1.30045893e+00
 1.29993476e+00
 1.29973981e+00
 1.31084005e+00
 1.31087660e+00
 1.31092817e+00
 1.31087397e+00
 1.31062861e+00
 1.31016615e+00
 1.30949163e+00
 1.30863298e+00
 1.30765006e+00
 1.30664393e+00
 1.30575201e+00
 1.30510097e+00
 1.30474786e+00
 1.30469036e+00
 1.30494111e+00
 1.30551578e+00
 1.30633029e+00
 1.30718871e+00
 1.30793788e+00
 1.30847744e+00
 1.30874499e+00
 1.30876766e+00
 1.30861516e+00
 1.30833401e+00
 1.30794855e+00
 1.30748069e+00
 1.30694324e+00
 1.30634222e+00
 1.30568290e+00
 1.30497408e+00
 1.30426126e+00
 1.30368909e+00
 1.30346496e+00
 1.31377723e+00
 1.31379833e+00
 1.31379236e+00
 1.31364944e+00
 1.31331365e+00
 1.31276444e+00
 1.31199806e+00
 1.31103798e+00
 1.30994665e+00
 1.30883517e+00
 1.30786193e+00
 1.30717012e+00
 1.30681075e+00
 1.30676112e+00
 1.30703769e+00
 1.30767768e+00
 1.30859475e+00
 1.30955013e+00
 1.31038010e+00
 1.31098147e+00
 1.31127779e+00
 1.31130829e+00
 1.31116353e+00
 1.31089608e+00
 1.31052889e+00
 1.31008944e+00
 1.30959438e+00
 1.30905402e+00
 1.30848499e+00
 1.30790767e+00
 1.30734721e+00
 1.30688232e+00
 1.30668911e+00
 1.31572530e+00
 1.31570583e+00
 1.31560209e+00
 1.31536295e+00
 1.31495274e+00
 1.31434181e+00
 1.31351359e+00
 1.31248659e+00
 1.31132421e+00
 1.31014331e+00
 1.30911751e+00
 1.30840177e+00
 1.30804157e+00
 1.30799718e+00
 1.30828859e+00
 1.30897057e+00
 1.30995695e+00
 1.31097510e+00
 1.31185675e+00
 1.31249854e+00
 1.31281163e+00
 1.31284454e+00
 1.31270363e+00
 1.31244501e+00
 1.31208917e+00
 1.31166855e+00
 1.31120267e+00
 1.31070498e+00
 1.31020292e+00
 1.30973698e+00
 1.30934132e+00
 1.30905024e+00
 1.30892973e+00
 1.31641100e+00
 1.31636435e+00
 1.31621552e+00
 1.31593982e+00
 1.31550299e+00
 1.31487049e+00
 1.31402065e+00
 1.31297034e+00
 1.31178324e+00
 1.31057804e+00
 1.30953404e+00
 1.30881048e+00
 1.30845063e+00
 1.30840804e+00
 1.30870421e+00
 1.30940064e+00
 1.31041165e+00
 1.31145150e+00
 1.31235091e+00
 1.31300682e+00
 1.31332536e+00
 1.31335859e+00
 1.31321880e+00
 1.31296326e+00
 1.31261119e+00
 1.31219709e+00
 1.31174144e+00
 1.31125864e+00
 1.31077974e+00
 1.31035347e+00
 1.31002008e+00
 1.30980847e+00
 1.30973600e+00
