 1.60180400e+00
 1.60204327e+00
 1.60275711e+00
 1.60393381e+00
 1.60555407e+00
 1.60759195e+00
 1.61001557e+00
 1.61278655e+00
 1.61586275e+00
 1.61919791e+00
 1.62274499e+00
 1.62645387e+00
 1.63027488e+00
 1.63416247e+00
 1.63807624e+00
 1.64197978e+00
 1.64584267e+00
 1.64963856e+00
 1.65334741e+00
 1.65695067e+00
 1.66041457e+00
 1.66370027e+00
 1.66677236e+00
 1.66960051e+00
 1.67216611e+00
 1.67445167e+00
 1.67644700e+00
 1.67814328e+00
 1.67953373e+00
 1.68061685e+00
 1.68139155e+00
 1.68185682e+00
 1.68201200e+00
 1.60146630e+00
 1.60174186e+00
 1.60251752e+00
 1.60374570e+00
 1.60540223e+00
 1.60746450e+00
 1.60990489e+00
 1.61268808e+00
 1.61577359e+00
 1.61911619e+00
 1.62266920e+00
 1.62638295e+00
 1.63020807e+00
 1.63409912e+00
 1.63801567e+00
 1.64192133e+00
 1.64578558e+00
 1.64958199e+00
 1.65329019e+00
 1.65689093e+00
 1.66035080e+00
 1.66363147e+00
 1.66669792e+00
 1.66952037e+00
 1.67208013e+00
 1.67436045e+00
 1.67635165e+00
 1.67804637e+00
 1.67944049e+00
 1.68053577e+00
 1.68133420e+00
 1.68183276e+00
 1.68200882e+00
 1.60057362e+00
 1.60090630e+00
 1.60182052e+00
 1.60318697e+00
 1.60494658e+00
 1.60707992e+00
 1.60956974e+00
 1.61238914e+00
 1.61550234e+00
 1.61886701e+00
 1.62243770e+00
 1.62616594e+00
 1.63000322e+00
 1.63390443e+00
 1.63782909e+00
 1.64174089e+00
 1.64560896e+00
 1.64940665e+00
 1.65311258e+00
 1.65670576e+00
 1.66015368e+00
 1.66341947e+00
 1.66646919e+00
 1.66927456e+00
 1.67181694e+00
 1.67408149e+00
 1.67606027e+00
 1.67775008e+00
 1.67915401e+00
 1.68028228e+00
 1.68114174e+00
 1.68171043e+00
 1.68191653e+00
 1.59942937e+00
 1.59979167e+00
 1.60080413e+00
 1.60231155e+00
 1.60420268e+00
 1.60643814e+00
 1.60900389e+00
 1.61188073e+00
 1.61503864e+00
 1.61843911e+00
 1.62203864e+00
 1.62579048e+00
 1.62964741e+00
 1.63356484e+00
 1.63750231e+00
 1.64142353e+00
 1.64529716e+00
 1.64909608e+00
 1.65279740e+00
 1.65637796e+00
 1.65980638e+00
 1.66304787e+00
 1.66607029e+00
 1.66884736e+00
 1.67136108e+00
 1.67359913e+00
 1.67555642e+00
 1.67723516e+00
 1.67864613e+00
 1.67980486e+00
 1.68071024e+00
 1.68131238e+00
 1.68152712e+00
 1.59835253e+00
 1.59870323e+00
 1.59970795e+00
 1.60125381e+00
 1.60322653e+00
 1.60555515e+00
 1.60820531e+00
 1.61115266e+00
 1.61436824e+00
 1.61781589e+00
 1.62145397e+00
 1.62523742e+00
 1.62912042e+00
 1.63305904e+00
 1.63701292e+00
 1.64094570e+00
 1.64482550e+00
 1.64862444e+00
 1.65231785e+00
 1.65588062e+00
 1.65928246e+00
 1.66249092e+00
 1.66547615e+00
 1.66821404e+00
 1.67068793e+00
 1.67288794e+00
 1.67481173e+00
 1.67646459e+00
 1.67785753e+00
 1.67899768e+00
 1.67986986e+00
 1.68042894e+00
 1.68062296e+00
 1.59742294e+00
 1.59772946e+00
 1.59864102e+00
 1.60011890e+00
 1.60208726e+00
 1.60446251e+00
 1.60718082e+00
 1.61019788e+00
 1.61347647e+00
 1.61697827e+00
 1.62066175e+00
 1.62448277e+00
 1.62839653e+00
 1.63235972e+00
 1.63633208e+00
 1.64027707e+00
 1.64416222e+00
 1.64795863e+00
 1.65163996e+00
 1.65517961e+00
 1.65854824e+00
 1.66171572e+00
 1.66465461e+00
 1.66734297e+00
 1.66976574e+00
 1.67191476e+00
 1.67378853e+00
 1.67539039e+00
 1.67672308e+00
 1.67778031e+00
 1.67854487e+00
 1.67900230e+00
 1.67915328e+00
 1.59627520e+00
 1.59656587e+00
 1.59743339e+00
 1.59885851e+00
 1.60079661e+00
 1.60318066e+00
 1.60593971e+00
 1.60901305e+00
 1.61235061e+00
 1.61590727e+00
 1.61963871e+00
 1.62350013e+00
 1.62744689e+00
 1.63143591e+00
 1.63542688e+00
 1.63938297e+00
 1.64327103e+00
 1.64706113e+00
 1.65072546e+00
 1.65423648e+00
 1.65756570e+00
 1.66068502e+00
 1.66356930e+00
 1.66619857e+00
 1.66855912e+00
 1.67064349e+00
 1.67244922e+00
 1.67397599e+00
 1.67522160e+00
 1.67618115e+00
 1.67685331e+00
 1.67724689e+00
 1.67737588e+00
 1.59482668e+00
 1.59511732e+00
 1.59598092e+00
 1.59739384e+00
 1.59931829e+00
 1.60170193e+00
 1.60448197e+00
 1.60759421e+00
 1.61097975e+00
 1.61458559e+00
 1.61836248e+00
 1.62226319e+00
 1.62624204e+00
 1.63025552e+00
 1.63426298e+00
 1.63822712e+00
 1.64211407e+00
 1.64589292e+00
 1.64953478e+00
 1.65301159e+00
 1.65629565e+00
 1.65936055e+00
 1.66218311e+00
 1.66474502e+00
 1.66703366e+00
 1.66904187e+00
 1.67076669e+00
 1.67220766e+00
 1.67336619e+00
 1.67424761e+00
 1.67486285e+00
 1.67522528e+00
 1.67534493e+00
 1.59316575e+00
 1.59345249e+00
 1.59430645e+00
 1.59570806e+00
 1.59762345e+00
 1.60000533e+00
 1.60279607e+00
 1.60593278e+00
 1.60935295e+00
 1.61299785e+00
 1.61681304e+00
 1.62074778e+00
 1.62475433e+00
 1.62878800e+00
 1.63280738e+00
 1.63677452e+00
 1.64065480e+00
 1.64441651e+00
 1.64803004e+00
 1.65146717e+00
 1.65470089e+00
 1.65770624e+00
 1.66046163e+00
 1.66295019e+00
 1.66516041e+00
 1.66708606e+00
 1.66872568e+00
 1.67008205e+00
 1.67116244e+00
 1.67197865e+00
 1.67254558e+00
 1.67287814e+00
 1.67298758e+00
 1.59124406e+00
 1.59153003e+00
 1.59238133e+00
 1.59377838e+00
 1.59568908e+00
 1.59806948e+00
 1.60086548e+00
 1.60401624e+00
 1.60745852e+00
 1.61113040e+00
 1.61497348e+00
 1.61893342e+00
 1.62295993e+00
 1.62700661e+00
 1.63103090e+00
 1.63499402e+00
 1.63886069e+00
 1.64259858e+00
 1.64617772e+00
 1.64956998e+00
 1.65274907e+00
 1.65569121e+00
 1.65837622e+00
 1.66078862e+00
 1.66291831e+00
 1.66476095e+00
 1.66631796e+00
 1.66759645e+00
 1.66860873e+00
 1.66937089e+00
 1.66990004e+00
 1.67021099e+00
 1.67031351e+00
 1.58906324e+00
 1.58934840e+00
 1.59019751e+00
 1.59159156e+00
 1.59349924e+00
 1.59587789e+00
 1.59867526e+00
 1.60183208e+00
 1.60528541e+00
 1.60897194e+00
 1.61283070e+00
 1.61680447e+00
 1.62084046e+00
 1.62489035e+00
 1.62891029e+00
 1.63286062e+00
 1.63670548e+00
 1.64041223e+00
 1.64395085e+00
 1.64729355e+00
 1.65041480e+00
 1.65329193e+00
 1.65590604e+00
 1.65824308e+00
 1.66029465e+00
 1.66205868e+00
 1.66353962e+00
 1.66474819e+00
 1.66570015e+00
 1.66641411e+00
 1.66690847e+00
 1.66719847e+00
 1.66729400e+00
 1.58661802e+00
 1.58690279e+00
 1.58775062e+00
 1.58914233e+00
 1.59104673e+00
 1.59342178e+00
 1.59621620e+00
 1.59937174e+00
 1.60282593e+00
 1.60651500e+00
 1.61037649e+00
 1.61435117e+00
 1.61838415e+00
 1.62242540e+00
 1.62642984e+00
 1.63035706e+00
 1.63417085e+00
 1.63783858e+00
 1.64133056e+00
 1.64461960e+00
 1.64768107e+00
 1.65049338e+00
 1.65303886e+00
 1.65530486e+00
 1.65728464e+00
 1.65897816e+00
 1.66039221e+00
 1.66153983e+00
 1.66243881e+00
 1.66310929e+00
 1.66357098e+00
 1.66384049e+00
 1.66392901e+00
 1.58391766e+00
 1.58420165e+00
 1.58504713e+00
 1.58643482e+00
 1.58833344e+00
 1.59070107e+00
 1.59348689e+00
 1.59663329e+00
 1.60007822e+00
 1.60375783e+00
 1.60760884e+00
 1.61157067e+00
 1.61558691e+00
 1.61960620e+00
 1.62358250e+00
 1.62747497e+00
 1.63124747e+00
 1.63486781e+00
 1.63830702e+00
 1.64153888e+00
 1.64453981e+00
 1.64728935e+00
 1.64977102e+00
 1.65197335e+00
 1.65389096e+00
 1.65552523e+00
 1.65688439e+00
 1.65798285e+00
 1.65883966e+00
 1.65947613e+00
 1.65991304e+00
 1.66016764e+00
 1.66025121e+00
 1.58097785e+00
 1.58126047e+00
 1.58210168e+00
 1.58348199e+00
 1.58537006e+00
 1.58772422e+00
 1.59049408e+00
 1.59362249e+00
 1.59704774e+00
 1.60070591e+00
 1.60453320e+00
 1.60846812e+00
 1.61245321e+00
 1.61643619e+00
 1.62037056e+00
 1.62421555e+00
 1.62793560e+00
 1.63149955e+00
 1.63487970e+00
 1.63805119e+00
 1.64099174e+00
 1.64368208e+00
 1.64610672e+00
 1.64825513e+00
 1.65012277e+00
 1.65171176e+00
 1.65303091e+00
 1.65409494e+00
 1.65492298e+00
 1.65553634e+00
 1.65595597e+00
 1.65619965e+00
 1.65627946e+00
 1.57782254e+00
 1.57810232e+00
 1.57893526e+00
 1.58030239e+00
 1.58217306e+00
 1.58450612e+00
 1.58725163e+00
 1.59035276e+00
 1.59374789e+00
 1.59737290e+00
 1.60116352e+00
 1.60505754e+00
 1.60899676e+00
 1.61292845e+00
 1.61680618e+00
 1.62058986e+00
 1.62424526e+00
 1.62774297e+00
 1.63105726e+00
 1.63416513e+00
 1.63704590e+00
 1.63968147e+00
 1.64205716e+00
 1.64416292e+00
 1.64599444e+00
 1.64755388e+00
 1.64884991e+00
 1.64989690e+00
 1.65071330e+00
 1.65131949e+00
 1.65173528e+00
 1.65197730e+00
 1.65205667e+00
 1.57446379e+00
 1.57473990e+00
 1.57556210e+00
 1.57691210e+00
 1.57876004e+00
 1.58106558e+00
 1.58377934e+00
 1.58684474e+00
 1.59020017e+00
 1.59378117e+00
 1.59752289e+00
 1.60136245e+00
 1.60524111e+00
 1.60910608e+00
 1.61291155e+00
 1.61661890e+00
 1.62019613e+00
 1.62361652e+00
 1.62685715e+00
 1.62989754e+00
 1.63271894e+00
 1.63530442e+00
 1.63763973e+00
 1.63971466e+00
 1.64152436e+00
 1.64307017e+00
 1.64435975e+00
 1.64540628e+00
 1.64622682e+00
 1.64684000e+00
 1.64726349e+00
 1.64751150e+00
 1.64759313e+00
 1.57091560e+00
 1.57118790e+00
 1.57199877e+00
 1.57333020e+00
 1.57515284e+00
 1.57742690e+00
 1.58010359e+00
 1.58312669e+00
 1.58643451e+00
 1.58996217e+00
 1.59364403e+00
 1.59741640e+00
 1.60122007e+00
 1.60500249e+00
 1.60871909e+00
 1.61233363e+00
 1.61581739e+00
 1.61914757e+00
 1.62230514e+00
 1.62527296e+00
 1.62803461e+00
 1.63057425e+00
 1.63287760e+00
 1.63493341e+00
 1.63673519e+00
 1.63828230e+00
 1.63958020e+00
 1.64063970e+00
 1.64147526e+00
 1.64210294e+00
 1.64253815e+00
 1.64279363e+00
 1.64287781e+00
 1.56720924e+00
 1.56747754e+00
 1.56827637e+00
 1.56958786e+00
 1.57138303e+00
 1.57362274e+00
 1.57625874e+00
 1.57923504e+00
 1.58248965e+00
 1.58595679e+00
 1.58956960e+00
 1.59326324e+00
 1.59697792e+00
 1.60066157e+00
 1.60427150e+00
 1.60777483e+00
 1.61114753e+00
 1.61437214e+00
 1.61743494e+00
 1.62032320e+00
 1.62302335e+00
 1.62552061e+00
 1.62779994e+00
 1.62984798e+00
 1.63165523e+00
 1.63321768e+00
 1.63453743e+00
 1.63562210e+00
 1.63648321e+00
 1.63713409e+00
 1.63758775e+00
 1.63785508e+00
 1.63794334e+00
 1.56338585e+00
 1.56364936e+00
 1.56443419e+00
 1.56572337e+00
 1.56748894e+00
 1.56969260e+00
 1.57228648e+00
 1.57521434e+00
 1.57841315e+00
 1.58181541e+00
 1.58535229e+00
 1.58895718e+00
 1.59256944e+00
 1.59613762e+00
 1.59962157e+00
 1.60299298e+00
 1.60623405e+00
 1.60933457e+00
 1.61228790e+00
 1.61508710e+00
 1.61772222e+00
 1.62017947e+00
 1.62244231e+00
 1.62449392e+00
 1.62632010e+00
 1.62791174e+00
 1.62926619e+00
 1.63038708e+00
 1.63128285e+00
 1.63196439e+00
 1.63244246e+00
 1.63272570e+00
 1.63281952e+00
 1.55947347e+00
 1.55973250e+00
 1.56050417e+00
 1.56177231e+00
 1.56351006e+00
 1.56568005e+00
 1.56823463e+00
 1.57111668e+00
 1.57426115e+00
 1.57759774e+00
 1.58105453e+00
 1.58456240e+00
 1.58805945e+00
 1.59149494e+00
 1.59483192e+00
 1.59804792e+00
 1.60113332e+00
 1.60408739e+00
 1.60691288e+00
 1.60961048e+00
 1.61217490e+00
 1.61459340e+00
 1.61684714e+00
 1.61891432e+00
 1.62077410e+00
 1.62241010e+00
 1.62381281e+00
 1.62498024e+00
 1.62591682e+00
 1.62663103e+00
 1.62713249e+00
 1.62742962e+00
 1.62752801e+00
 1.55550712e+00
 1.55576236e+00
 1.55652310e+00
 1.55777424e+00
 1.55949014e+00
 1.56163401e+00
 1.56415764e+00
 1.56700186e+00
 1.57009821e+00
 1.57337215e+00
 1.57674756e+00
 1.58015196e+00
 1.58352173e+00
 1.58680684e+00
 1.58997413e+00
 1.59300835e+00
 1.59591018e+00
 1.59869115e+00
 1.60136629e+00
 1.60394636e+00
 1.60643207e+00
 1.60881195e+00
 1.61106401e+00
 1.61316002e+00
 1.61507057e+00
 1.61676975e+00
 1.61823872e+00
 1.61946769e+00
 1.62045582e+00
 1.62120916e+00
 1.62173724e+00
 1.62204957e+00
 1.62215289e+00
 1.55152212e+00
 1.55177535e+00
 1.55253044e+00
 1.55377327e+00
 1.55547897e+00
 1.55761052e+00
 1.56011775e+00
 1.56293764e+00
 1.56599654e+00
 1.56921426e+00
 1.57250946e+00
 1.57580561e+00
 1.57903693e+00
 1.58215389e+00
 1.58512749e+00
 1.58795093e+00
 1.59063756e+00
 1.59321440e+00
 1.59571238e+00
 1.59815546e+00
 1.60055216e+00
 1.60289241e+00
 1.60515013e+00
 1.60728927e+00
 1.60927040e+00
 1.61105639e+00
 1.61261685e+00
 1.61393151e+00
 1.61499173e+00
 1.61579946e+00
 1.61636384e+00
 1.61669634e+00
 1.61680603e+00
 1.54756058e+00
 1.54781483e+00
 1.54857324e+00
 1.54982194e+00
 1.55153555e+00
 1.55367498e+00
 1.55618590e+00
 1.55899920e+00
 1.56203421e+00
 1.56520404e+00
 1.56842170e+00
 1.57160631e+00
 1.57468933e+00
 1.57762116e+00
 1.58037682e+00
 1.58295893e+00
 1.58539579e+00
 1.58773361e+00
 1.59002365e+00
 1.59230713e+00
 1.59460266e+00
 1.59690145e+00
 1.59917166e+00
 1.60136779e+00
 1.60343977e+00
 1.60533897e+00
 1.60702244e+00
 1.60845704e+00
 1.60962311e+00
 1.61051531e+00
 1.61113948e+00
 1.61150690e+00
 1.61162798e+00
 1.54368428e+00
 1.54394358e+00
 1.54471670e+00
 1.54598873e+00
 1.54773222e+00
 1.54990361e+00
 1.55244115e+00
 1.55526669e+00
 1.55829112e+00
 1.56142094e+00
 1.56456412e+00
 1.56763540e+00
 1.57056258e+00
 1.57329458e+00
 1.57580963e+00
 1.57812021e+00
 1.58027163e+00
 1.58233306e+00
 1.58438142e+00
 1.58648048e+00
 1.58866196e+00
 1.59091761e+00
 1.59320650e+00
 1.59547090e+00
 1.59764993e+00
 1.59968553e+00
 1.60152376e+00
 1.60311710e+00
 1.60443028e+00
 1.60544532e+00
 1.60616085e+00
 1.60658473e+00
 1.60672500e+00
 1.53997069e+00
 1.54023835e+00
 1.54103726e+00
 1.54235226e+00
 1.54415116e+00
 1.54638082e+00
 1.54896707e+00
 1.55182005e+00
 1.55484274e+00
 1.55793742e+00
 1.56100881e+00
 1.56396715e+00
 1.56673473e+00
 1.56925656e+00
 1.57151243e+00
 1.57352454e+00
 1.57535669e+00
 1.57710451e+00
 1.57887634e+00
 1.58076548e+00
 1.58282112e+00
 1.58503413e+00
 1.58734837e+00
 1.58968820e+00
 1.59198110e+00
 1.59416425e+00
 1.59617923e+00
 1.59796672e+00
 1.59947095e+00
 1.60065124e+00
 1.60148894e+00
 1.60198457e+00
 1.60214792e+00
 1.53647850e+00
 1.53676406e+00
 1.53761232e+00
 1.53899929e+00
 1.54088293e+00
 1.54319558e+00
 1.54584545e+00
 1.54873093e+00
 1.55175210e+00
 1.55481208e+00
 1.55781439e+00
 1.56066366e+00
 1.56327346e+00
 1.56558135e+00
 1.56756641e+00
 1.56926007e+00
 1.57074532e+00
 1.57214644e+00
 1.57360874e+00
 1.57526377e+00
 1.57718501e+00
 1.57936077e+00
 1.58170994e+00
 1.58412890e+00
 1.58652991e+00
 1.58885069e+00
 1.59104113e+00
 1.59304264e+00
 1.59477988e+00
 1.59617893e+00
 1.59719408e+00
 1.59780820e+00
 1.59801401e+00
 1.53336166e+00
 1.53365960e+00
 1.53455325e+00
 1.53602731e+00
 1.53802270e+00
 1.54043478e+00
 1.54314610e+00
 1.54605248e+00
 1.54906234e+00
 1.55208489e+00
 1.55502248e+00
 1.55777145e+00
 1.56023231e+00
 1.56233076e+00
 1.56404295e+00
 1.56540922e+00
 1.56653139e+00
 1.56756237e+00
 1.56868832e+00
 1.57008892e+00
 1.57187217e+00
 1.57402315e+00
 1.57642238e+00
 1.57892367e+00
 1.58141648e+00
 1.58384049e+00
 1.58616751e+00
 1.58836613e+00
 1.59036257e+00
 1.59203179e+00
 1.59325127e+00
 1.59397050e+00
 1.59420484e+00
 1.53047594e+00
 1.53082267e+00
 1.53185475e+00
 1.53351337e+00
 1.53566809e+00
 1.53817143e+00
 1.54091185e+00
 1.54381046e+00
 1.54679388e+00
 1.54977687e+00
 1.55265751e+00
 1.55532032e+00
 1.55764836e+00
 1.55955095e+00
 1.56099976e+00
 1.56204449e+00
 1.56280435e+00
 1.56345793e+00
 1.56423273e+00
 1.56536589e+00
 1.56701340e+00
 1.56915909e+00
 1.57162914e+00
 1.57421808e+00
 1.57678332e+00
 1.57926139e+00
 1.58164706e+00
 1.58395956e+00
 1.58618921e+00
 1.58822955e+00
 1.58986688e+00
 1.59089602e+00
 1.59123908e+00
 1.52804211e+00
 1.52849999e+00
 1.52977985e+00
 1.53166015e+00
 1.53392174e+00
 1.53643573e+00
 1.53914447e+00
 1.54200316e+00
 1.54494895e+00
 1.54789456e+00
 1.55072958e+00
 1.55332452e+00
 1.55554195e+00
 1.55727099e+00
 1.55847858e+00
 1.55922502e+00
 1.55964465e+00
 1.55993602e+00
 1.56036399e+00
 1.56122898e+00
 1.56274902e+00
 1.56491256e+00
 1.56747507e+00
 1.57015774e+00
 1.57278029e+00
 1.57526908e+00
 1.57762644e+00
 1.57990622e+00
 1.58218337e+00
 1.58447615e+00
 1.58661481e+00
 1.58819884e+00
 1.58879016e+00
 1.52688451e+00
 1.52738280e+00
 1.52872466e+00
 1.53059365e+00
 1.53276969e+00
 1.53518294e+00
 1.53781124e+00
 1.54061409e+00
 1.54352133e+00
 1.54643655e+00
 1.54923900e+00
 1.55178574e+00
 1.55391838e+00
 1.55550384e+00
 1.55650529e+00
 1.55699512e+00
 1.55711966e+00
 1.55709057e+00
 1.55720194e+00
 1.55781668e+00
 1.55922384e+00
 1.56142537e+00
 1.56409378e+00
 1.56687118e+00
 1.56954112e+00
 1.57201796e+00
 1.57429560e+00
 1.57642257e+00
 1.57849272e+00
 1.58060802e+00
 1.58273095e+00
 1.58445829e+00
 1.58514118e+00
 1.52685424e+00
 1.52730208e+00
 1.52847132e+00
 1.53009607e+00
 1.53206104e+00
 1.53433239e+00
 1.53687528e+00
 1.53962786e+00
 1.54250457e+00
 1.54539887e+00
 1.54818094e+00
 1.55069743e+00
 1.55277181e+00
 1.55424987e+00
 1.55509271e+00
 1.55538487e+00
 1.55528109e+00
 1.55500002e+00
 1.55485488e+00
 1.55526199e+00
 1.55657824e+00
 1.55882690e+00
 1.56159666e+00
 1.56445801e+00
 1.56716612e+00
 1.56962744e+00
 1.57182279e+00
 1.57377524e+00
 1.57553991e+00
 1.57719510e+00
 1.57878408e+00
 1.58013423e+00
 1.58070724e+00
 1.52727637e+00
 1.52761103e+00
 1.52850920e+00
 1.52987518e+00
 1.53166406e+00
 1.53383147e+00
 1.53631672e+00
 1.53903708e+00
 1.54189519e+00
 1.54477782e+00
 1.54754925e+00
 1.55004993e+00
 1.55209092e+00
 1.55350250e+00
 1.55424505e+00
 1.55441254e+00
 1.55416443e+00
 1.55372236e+00
 1.55340932e+00
 1.55367785e+00
 1.55493397e+00
 1.55722195e+00
 1.56006555e+00
 1.56298538e+00
 1.56571904e+00
 1.56817020e+00
 1.57031031e+00
 1.57214195e+00
 1.57368001e+00
 1.57494860e+00
 1.57596853e+00
 1.57672217e+00
 1.57704613e+00
 1.52750300e+00
 1.52776353e+00
 1.52853843e+00
 1.52980693e+00
 1.53153330e+00
 1.53366489e+00
 1.53613059e+00
 1.53884014e+00
 1.54169211e+00
 1.54457106e+00
 1.54733925e+00
 1.54983512e+00
 1.55186534e+00
 1.55325440e+00
 1.55396260e+00
 1.55408749e+00
 1.55379002e+00
 1.55329260e+00
 1.55292105e+00
 1.55314076e+00
 1.55437569e+00
 1.55667903e+00
 1.55954973e+00
 1.56249058e+00
 1.56523328e+00
 1.56768115e+00
 1.56980246e+00
 1.57159270e+00
 1.57305222e+00
 1.57418326e+00
 1.57498853e+00
 1.57547054e+00
 1.57563100e+00
