 1.27528700e+00
 1.27479893e+00
 1.27334187e+00
 1.27093697e+00
 1.26761888e+00
 1.26343435e+00
 1.25844136e+00
 1.25270927e+00
 1.24631542e+00
 1.23934691e+00
 1.23190749e+00
 1.22410237e+00
 1.21604505e+00
 1.20782491e+00
 1.19951288e+00
 1.19117341e+00
 1.18288393e+00
 1.17470321e+00
 1.16665390e+00
 1.15876194e+00
 1.15108423e+00
 1.14370027e+00
 1.13669515e+00
 1.13014909e+00
 1.12411586e+00
 1.11864549e+00
 1.11379387e+00
 1.10959702e+00
 1.10610696e+00
 1.10340148e+00
 1.10149650e+00
 1.10037136e+00
 1.10000000e+00
 1.27519969e+00
 1.27473653e+00
 1.27332182e+00
 1.27095202e+00
 1.26765839e+00
 1.26349006e+00
 1.25850807e+00
 1.25278376e+00
 1.24639574e+00
 1.23943195e+00
 1.23199553e+00
 1.22419186e+00
 1.21613318e+00
 1.20790933e+00
 1.19959203e+00
 1.19124661e+00
 1.18294957e+00
 1.17475946e+00
 1.16670091e+00
 1.15880148e+00
 1.15111822e+00
 1.14372993e+00
 1.13672101e+00
 1.13017062e+00
 1.12413342e+00
 1.11866015e+00
 1.11380590e+00
 1.10960904e+00
 1.10612285e+00
 1.10341767e+00
 1.10150836e+00
 1.10037588e+00
 1.10000000e+00
 1.27501751e+00
 1.27459349e+00
 1.27327359e+00
 1.27099805e+00
 1.26777399e+00
 1.26365291e+00
 1.25870339e+00
 1.25300224e+00
 1.24663166e+00
 1.23968169e+00
 1.23225423e+00
 1.22445470e+00
 1.21639226e+00
 1.20815783e+00
 1.19982531e+00
 1.19146231e+00
 1.18314311e+00
 1.17492586e+00
 1.16684050e+00
 1.15891918e+00
 1.15121933e+00
 1.14381799e+00
 1.13679751e+00
 1.13023443e+00
 1.12418564e+00
 1.11870364e+00
 1.11384208e+00
 1.10964474e+00
 1.10616536e+00
 1.10345781e+00
 1.10153434e+00
 1.10038379e+00
 1.10000000e+00
 1.27493996e+00
 1.27453612e+00
 1.27328313e+00
 1.27110332e+00
 1.26796785e+00
 1.26391471e+00
 1.25901509e+00
 1.25335092e+00
 1.24700867e+00
 1.24008075e+00
 1.23266786e+00
 1.22487475e+00
 1.21680702e+00
 1.20855659e+00
 1.20020049e+00
 1.19180923e+00
 1.18345478e+00
 1.17519538e+00
 1.16706823e+00
 1.15911195e+00
 1.15138486e+00
 1.14396162e+00
 1.13692157e+00
 1.13033824e+00
 1.12427102e+00
 1.11877447e+00
 1.11390173e+00
 1.10970108e+00
 1.10622249e+00
 1.10350473e+00
 1.10156033e+00
 1.10039078e+00
 1.10000000e+00
 1.27517203e+00
 1.27475995e+00
 1.27350084e+00
 1.27134598e+00
 1.26826448e+00
 1.26427286e+00
 1.25942866e+00
 1.25381024e+00
 1.24750478e+00
 1.24060558e+00
 1.23321207e+00
 1.22542732e+00
 1.21735376e+00
 1.20908391e+00
 1.20069808e+00
 1.19226969e+00
 1.18386940e+00
 1.17555662e+00
 1.16737626e+00
 1.15937410e+00
 1.15160995e+00
 1.14415610e+00
 1.13708853e+00
 1.13047825e+00
 1.12438663e+00
 1.11887001e+00
 1.11398180e+00
 1.10977138e+00
 1.10628288e+00
 1.10354739e+00
 1.10158158e+00
 1.10039626e+00
 1.10000000e+00
 1.27574963e+00
 1.27530681e+00
 1.27398246e+00
 1.27177896e+00
 1.26869216e+00
 1.26473028e+00
 1.25993079e+00
 1.25435815e+00
 1.24809339e+00
 1.24122715e+00
 1.23385644e+00
 1.22608177e+00
 1.21800278e+00
 1.20971211e+00
 1.20129287e+00
 1.19282111e+00
 1.18436768e+00
 1.17599428e+00
 1.16775315e+00
 1.15969689e+00
 1.15188727e+00
 1.14439476e+00
 1.13729236e+00
 1.13064926e+00
 1.12452796e+00
 1.11898600e+00
 1.11407681e+00
 1.10984845e+00
 1.10634102e+00
 1.10358416e+00
 1.10159883e+00
 1.10040064e+00
 1.10000000e+00
 1.27639782e+00
 1.27594313e+00
 1.27458616e+00
 1.27234374e+00
 1.26923411e+00
 1.26527720e+00
 1.26050534e+00
 1.25497109e+00
 1.24874569e+00
 1.24191357e+00
 1.23456742e+00
 1.22680423e+00
 1.21872093e+00
 1.21040979e+00
 1.20195591e+00
 1.19343766e+00
 1.18492735e+00
 1.17648993e+00
 1.16818409e+00
 1.16006841e+00
 1.15220693e+00
 1.14466909e+00
 1.13752572e+00
 1.13084475e+00
 1.12468911e+00
 1.11911681e+00
 1.11418079e+00
 1.10992766e+00
 1.10639616e+00
 1.10361694e+00
 1.10161378e+00
 1.10040441e+00
 1.10000000e+00
 1.27701902e+00
 1.27656380e+00
 1.27520313e+00
 1.27295201e+00
 1.26983420e+00
 1.26587977e+00
 1.26112600e+00
 1.25562200e+00
 1.24943164e+00
 1.24263223e+00
 1.23531085e+00
 1.22756017e+00
 1.21947417e+00
 1.21114426e+00
 1.20265670e+00
 1.19409190e+00
 1.18552443e+00
 1.17702293e+00
 1.16865160e+00
 1.16047407e+00
 1.15255675e+00
 1.14496884e+00
 1.13777993e+00
 1.13105711e+00
 1.12486326e+00
 1.11925637e+00
 1.11428890e+00
 1.11000682e+00
 1.10644903e+00
 1.10364748e+00
 1.10162753e+00
 1.10040786e+00
 1.10000000e+00
 1.27762153e+00
 1.27716533e+00
 1.27580295e+00
 1.27355166e+00
 1.27043719e+00
 1.26649221e+00
 1.26175655e+00
 1.25627911e+00
 1.25012002e+00
 1.24335106e+00
 1.23605381e+00
 1.22831638e+00
 1.22022962e+00
 1.21188364e+00
 1.20336520e+00
 1.19475641e+00
 1.18613439e+00
 1.17757148e+00
 1.16913654e+00
 1.16089742e+00
 1.15292282e+00
 1.14528240e+00
 1.13804526e+00
 1.13127800e+00
 1.12504332e+00
 1.11939905e+00
 1.11439746e+00
 1.11008461e+00
 1.10650001e+00
 1.10367658e+00
 1.10164056e+00
 1.10041113e+00
 1.10000000e+00
 1.27813588e+00
 1.27768350e+00
 1.27633133e+00
 1.27409419e+00
 1.27099640e+00
 1.26707087e+00
 1.26235851e+00
 1.25690855e+00
 1.25077946e+00
 1.24403948e+00
 1.23676581e+00
 1.22904244e+00
 1.22095717e+00
 1.21259855e+00
 1.20405337e+00
 1.19540515e+00
 1.18673341e+00
 1.17811389e+00
 1.16961938e+00
 1.16132123e+00
 1.15329038e+00
 1.14559737e+00
 1.13831137e+00
 1.13149883e+00
 1.12522235e+00
 1.11953974e+00
 1.11450338e+00
 1.11015968e+00
 1.10654878e+00
 1.10370429e+00
 1.10165295e+00
 1.10041423e+00
 1.10000000e+00
 1.27856250e+00
 1.27811450e+00
 1.27677481e+00
 1.27455652e+00
 1.27148195e+00
 1.26758259e+00
 1.26289874e+00
 1.25747908e+00
 1.25138080e+00
 1.24466971e+00
 1.23741978e+00
 1.22971168e+00
 1.22163050e+00
 1.21326321e+00
 1.20469639e+00
 1.19601458e+00
 1.18729946e+00
 1.17862966e+00
 1.17008128e+00
 1.16172862e+00
 1.15364473e+00
 1.14590127e+00
 1.13856787e+00
 1.13171114e+00
 1.12539377e+00
 1.11967372e+00
 1.11460362e+00
 1.11023034e+00
 1.10659451e+00
 1.10373021e+00
 1.10166452e+00
 1.10041713e+00
 1.10000000e+00
 1.27890138e+00
 1.27845676e+00
 1.27712732e+00
 1.27492623e+00
 1.27187520e+00
 1.26800435e+00
 1.26335214e+00
 1.25796543e+00
 1.25189958e+00
 1.24521829e+00
 1.23799305e+00
 1.23030193e+00
 1.22222778e+00
 1.21385617e+00
 1.20527332e+00
 1.19656454e+00
 1.18781324e+00
 1.17910050e+00
 1.17050515e+00
 1.16210402e+00
 1.15397208e+00
 1.14618226e+00
 1.13880488e+00
 1.13190695e+00
 1.12555141e+00
 1.11979649e+00
 1.11469518e+00
 1.11029469e+00
 1.10663608e+00
 1.10375375e+00
 1.10167503e+00
 1.10041977e+00
 1.10000000e+00
 1.27911974e+00
 1.27867936e+00
 1.27736254e+00
 1.27518191e+00
 1.27215796e+00
 1.26831891e+00
 1.26370114e+00
 1.25834954e+00
 1.25231763e+00
 1.24566730e+00
 1.23846805e+00
 1.23079594e+00
 1.22273202e+00
 1.21436062e+00
 1.20576756e+00
 1.19703871e+00
 1.18825883e+00
 1.17951102e+00
 1.17087637e+00
 1.16243387e+00
 1.15426026e+00
 1.14642975e+00
 1.13901349e+00
 1.13207901e+00
 1.12568963e+00
 1.11990389e+00
 1.11477509e+00
 1.11035077e+00
 1.10667227e+00
 1.10377423e+00
 1.10168417e+00
 1.10042206e+00
 1.10000000e+00
 1.27920501e+00
 1.27877085e+00
 1.27747147e+00
 1.27531667e+00
 1.27232391e+00
 1.26851910e+00
 1.26393696e+00
 1.25862103e+00
 1.25262349e+00
 1.24600474e+00
 1.23883268e+00
 1.23118165e+00
 1.22313119e+00
 1.21476451e+00
 1.20616702e+00
 1.19742492e+00
 1.18862408e+00
 1.17984919e+00
 1.17118325e+00
 1.16270712e+00
 1.15449915e+00
 1.14663478e+00
 1.13918603e+00
 1.13222101e+00
 1.12580343e+00
 1.11999212e+00
 1.11484062e+00
 1.11039670e+00
 1.10670188e+00
 1.10379098e+00
 1.10169165e+00
 1.10042393e+00
 1.10000000e+00
 1.27920767e+00
 1.27877740e+00
 1.27748956e+00
 1.27535337e+00
 1.27238514e+00
 1.26860928e+00
 1.26405893e+00
 1.25877612e+00
 1.25281158e+00
 1.24622413e+00
 1.23908004e+00
 1.23145201e+00
 1.22341810e+00
 1.21506048e+00
 1.20646406e+00
 1.19771523e+00
 1.18890071e+00
 1.18010652e+00
 1.17141727e+00
 1.16291546e+00
 1.15468090e+00
 1.14679021e+00
 1.13931625e+00
 1.13232768e+00
 1.12588854e+00
 1.12005786e+00
 1.11488932e+00
 1.11043076e+00
 1.10672382e+00
 1.10380339e+00
 1.10169718e+00
 1.10042532e+00
 1.10000000e+00
 1.27913357e+00
 1.27870525e+00
 1.27742355e+00
 1.27529836e+00
 1.27234647e+00
 1.26859218e+00
 1.26406780e+00
 1.25881411e+00
 1.25288024e+00
 1.24632332e+00
 1.23920777e+00
 1.23160454e+00
 1.22359015e+00
 1.21524563e+00
 1.20665534e+00
 1.19790576e+00
 1.18908425e+00
 1.18027801e+00
 1.17157302e+00
 1.16305328e+00
 1.15479996e+00
 1.14689076e+00
 1.13939933e+00
 1.13239480e+00
 1.12594143e+00
 1.12009831e+00
 1.11491904e+00
 1.11045145e+00
 1.10673711e+00
 1.10381089e+00
 1.10170053e+00
 1.10042616e+00
 1.10000000e+00
 1.27895853e+00
 1.27853191e+00
 1.27725540e+00
 1.27513922e+00
 1.27220060e+00
 1.26846413e+00
 1.26396213e+00
 1.25873481e+00
 1.25283012e+00
 1.24630351e+00
 1.23921747e+00
 1.23164100e+00
 1.22364897e+00
 1.21532124e+00
 1.20674158e+00
 1.19799648e+00
 1.18917389e+00
 1.18036201e+00
 1.17164812e+00
 1.16311760e+00
 1.15485291e+00
 1.14693282e+00
 1.13943170e+00
 1.13241905e+00
 1.12595919e+00
 1.12011104e+00
 1.11492794e+00
 1.11045743e+00
 1.10674086e+00
 1.10381299e+00
 1.10170146e+00
 1.10042639e+00
 1.10000000e+00
 1.27867368e+00
 1.27824862e+00
 1.27697680e+00
 1.27486854e+00
 1.27194155e+00
 1.26822120e+00
 1.26374036e+00
 1.25853901e+00
 1.25266404e+00
 1.24616906e+00
 1.23911440e+00
 1.23156704e+00
 1.22360016e+00
 1.21529247e+00
 1.20672723e+00
 1.19799096e+00
 1.18917216e+00
 1.18035998e+00
 1.17164297e+00
 1.16310783e+00
 1.15483834e+00
 1.14691435e+00
 1.13941092e+00
 1.13239787e+00
 1.12593936e+00
 1.12009389e+00
 1.11491425e+00
 1.11044739e+00
 1.10673423e+00
 1.10380919e+00
 1.10169976e+00
 1.10042596e+00
 1.10000000e+00
 1.27828031e+00
 1.27785552e+00
 1.27658522e+00
 1.27448148e+00
 1.27156412e+00
 1.26785995e+00
 1.26340217e+00
 1.25822985e+00
 1.25238803e+00
 1.24592801e+00
 1.23890778e+00
 1.23139224e+00
 1.22345307e+00
 1.21516808e+00
 1.20662015e+00
 1.19789598e+00
 1.18908464e+00
 1.18027624e+00
 1.17156054e+00
 1.16302563e+00
 1.15475665e+00
 1.14683463e+00
 1.13933544e+00
 1.13232913e+00
 1.12587963e+00
 1.12004469e+00
 1.11487612e+00
 1.11041994e+00
 1.10671625e+00
 1.10379894e+00
 1.10169517e+00
 1.10042481e+00
 1.10000000e+00
 1.27774024e+00
 1.27731653e+00
 1.27605044e+00
 1.27395627e+00
 1.27105574e+00
 1.26737633e+00
 1.26295042e+00
 1.25781519e+00
 1.25201324e+00
 1.24559332e+00
 1.23861118e+00
 1.23113004e+00
 1.22322053e+00
 1.21495995e+00
 1.20643115e+00
 1.19772114e+00
 1.18891964e+00
 1.18011769e+00
 1.17140623e+00
 1.16287478e+00
 1.15460997e+00
 1.14669420e+00
 1.13920438e+00
 1.13221098e+00
 1.12577756e+00
 1.11996087e+00
 1.11481128e+00
 1.11037329e+00
 1.10668571e+00
 1.10378154e+00
 1.10168738e+00
 1.10042286e+00
 1.10000000e+00
 1.27701296e+00
 1.27659538e+00
 1.27534701e+00
 1.27328056e+00
 1.27041587e+00
 1.26677853e+00
 1.26239894e+00
 1.25731209e+00
 1.25155816e+00
 1.24518367e+00
 1.23824267e+00
 1.23079741e+00
 1.22291821e+00
 1.21468246e+00
 1.20617336e+00
 1.19747836e+00
 1.18868782e+00
 1.17989359e+00
 1.17118776e+00
 1.16266122e+00
 1.15440227e+00
 1.14649496e+00
 1.13901765e+00
 1.13204161e+00
 1.12563025e+00
 1.11983912e+00
 1.11471660e+00
 1.11030491e+00
 1.10664085e+00
 1.10375594e+00
 1.10167592e+00
 1.10041999e+00
 1.10000000e+00
 1.27615664e+00
 1.27574788e+00
 1.27452488e+00
 1.27249741e+00
 1.26968165e+00
 1.26609955e+00
 1.26177804e+00
 1.25674878e+00
 1.25104898e+00
 1.24472299e+00
 1.23782383e+00
 1.23041376e+00
 1.22256364e+00
 1.21435164e+00
 1.20586155e+00
 1.19718131e+00
 1.18840174e+00
 1.17961531e+00
 1.17091504e+00
 1.16239315e+00
 1.15413961e+00
 1.14624052e+00
 1.13877620e+00
 1.13181947e+00
 1.12543422e+00
 1.11967496e+00
 1.11458758e+00
 1.11021104e+00
 1.10657899e+00
 1.10372057e+00
 1.10166007e+00
 1.10041601e+00
 1.10000000e+00
 1.27525467e+00
 1.27485450e+00
 1.27365677e+00
 1.27166974e+00
 1.26890676e+00
 1.26538563e+00
 1.26112820e+00
 1.25616093e+00
 1.25051685e+00
 1.24423817e+00
 1.23737781e+00
 1.22999923e+00
 1.22217486e+00
 1.21398404e+00
 1.20551127e+00
 1.19684474e+00
 1.18807538e+00
 1.17929597e+00
 1.17060010e+00
 1.16208112e+00
 1.15383062e+00
 1.14593686e+00
 1.13848280e+00
 1.13154384e+00
 1.12518560e+00
 1.11946243e+00
 1.11441767e+00
 1.11008589e+00
 1.10649589e+00
 1.10367286e+00
 1.10163867e+00
 1.10041064e+00
 1.10000000e+00
 1.27435175e+00
 1.27396030e+00
 1.27278852e+00
 1.27084387e+00
 1.26813729e+00
 1.26468161e+00
 1.26049142e+00
 1.25558596e+00
 1.24999363e+00
 1.24375561e+00
 1.23692661e+00
 1.22957282e+00
 1.22176899e+00
 1.21359581e+00
 1.20513810e+00
 1.19648385e+00
 1.18772362e+00
 1.17894998e+00
 1.17025677e+00
 1.16173803e+00
 1.15348673e+00
 1.14559320e+00
 1.13814332e+00
 1.13121619e+00
 1.12488105e+00
 1.11919422e+00
 1.11419764e+00
 1.10992065e+00
 1.10638481e+00
 1.10360869e+00
 1.10160980e+00
 1.10040339e+00
 1.10000000e+00
 1.27346633e+00
 1.27308531e+00
 1.27194519e+00
 1.27005241e+00
 1.26741280e+00
 1.26403016e+00
 1.25990861e+00
 1.25505922e+00
 1.24950770e+00
 1.24329771e+00
 1.23648859e+00
 1.22915072e+00
 1.22136134e+00
 1.21320198e+00
 1.20475711e+00
 1.19611379e+00
 1.18736161e+00
 1.17859248e+00
 1.16990004e+00
 1.16137869e+00
 1.15312223e+00
 1.14522252e+00
 1.13776814e+00
 1.13084237e+00
 1.12452007e+00
 1.11886303e+00
 1.11391532e+00
 1.10970208e+00
 1.10623490e+00
 1.10352117e+00
 1.10157026e+00
 1.10039346e+00
 1.10000000e+00
 1.27261716e+00
 1.27225378e+00
 1.27116193e+00
 1.26933866e+00
 1.26678001e+00
 1.26347671e+00
 1.25941860e+00
 1.25460996e+00
 1.24907983e+00
 1.24287999e+00
 1.23607707e+00
 1.22874580e+00
 1.22096511e+00
 1.21281631e+00
 1.20438254e+00
 1.19574914e+00
 1.18700420e+00
 1.17823855e+00
 1.16954534e+00
 1.16101894e+00
 1.15275345e+00
 1.14484139e+00
 1.13737298e+00
 1.13043503e+00
 1.12410878e+00
 1.11846516e+00
 1.11355705e+00
 1.10941123e+00
 1.10602868e+00
 1.10339856e+00
 1.10151447e+00
 1.10037940e+00
 1.10000000e+00
 1.27191669e+00
 1.27156279e+00
 1.27050757e+00
 1.26875694e+00
 1.26629102e+00
 1.26306645e+00
 1.25905199e+00
 1.25425513e+00
 1.24871960e+00
 1.24251013e+00
 1.23570052e+00
 1.22836812e+00
 1.22059182e+00
 1.21245139e+00
 1.20402766e+00
 1.19540359e+00
 1.18666535e+00
 1.17790250e+00
 1.16920746e+00
 1.16067446e+00
 1.15239745e+00
 1.14446860e+00
 1.13697821e+00
 1.13001476e+00
 1.12366413e+00
 1.11800737e+00
 1.11311340e+00
 1.10902417e+00
 1.10573873e+00
 1.10322062e+00
 1.10143246e+00
 1.10035870e+00
 1.10000000e+00
 1.27117306e+00
 1.27086272e+00
 1.26993041e+00
 1.26833963e+00
 1.26600180e+00
 1.26283501e+00
 1.25881938e+00
 1.25399354e+00
 1.24842502e+00
 1.24218975e+00
 1.23536461e+00
 1.22802634e+00
 1.22025205e+00
 1.21211889e+00
 1.20370466e+00
 1.19508951e+00
 1.18635761e+00
 1.17759715e+00
 1.16889975e+00
 1.16035960e+00
 1.15207032e+00
 1.14412288e+00
 1.13660619e+00
 1.12960809e+00
 1.12321528e+00
 1.11751480e+00
 1.11259197e+00
 1.10851982e+00
 1.10532579e+00
 1.10295302e+00
 1.10130625e+00
 1.10032664e+00
 1.10000000e+00
 1.27055935e+00
 1.27035297e+00
 1.26964790e+00
 1.26824761e+00
 1.26597877e+00
 1.26278305e+00
 1.25869983e+00
 1.25380722e+00
 1.24818759e+00
 1.24191865e+00
 1.23507469e+00
 1.22772898e+00
 1.21995594e+00
 1.21182960e+00
 1.20342446e+00
 1.19481769e+00
 1.18609170e+00
 1.17733338e+00
 1.16863350e+00
 1.16008652e+00
 1.15178584e+00
 1.14382068e+00
 1.13627758e+00
 1.12924235e+00
 1.12279850e+00
 1.11703195e+00
 1.11203402e+00
 1.10790277e+00
 1.10474769e+00
 1.10254357e+00
 1.10110543e+00
 1.10027517e+00
 1.10000000e+00
 1.27085252e+00
 1.27067942e+00
 1.27001583e+00
 1.26857315e+00
 1.26618159e+00
 1.26284679e+00
 1.25864837e+00
 1.25367350e+00
 1.24800011e+00
 1.24169860e+00
 1.23483736e+00
 1.22748488e+00
 1.21971320e+00
 1.21159324e+00
 1.20319644e+00
 1.19459708e+00
 1.18587630e+00
 1.17711990e+00
 1.16841769e+00
 1.15986482e+00
 1.15155476e+00
 1.14357477e+00
 1.13600866e+00
 1.12894007e+00
 1.12244757e+00
 1.11660937e+00
 1.11151607e+00
 1.10723714e+00
 1.10399854e+00
 1.10193918e+00
 1.10078893e+00
 1.10019244e+00
 1.10000000e+00
 1.27187370e+00
 1.27164408e+00
 1.27079048e+00
 1.26907767e+00
 1.26644467e+00
 1.26293692e+00
 1.25862475e+00
 1.25357823e+00
 1.24786132e+00
 1.24153440e+00
 1.23466025e+00
 1.22730271e+00
 1.21953261e+00
 1.21141803e+00
 1.20302812e+00
 1.19443461e+00
 1.18571797e+00
 1.17696314e+00
 1.16825903e+00
 1.15970162e+00
 1.15138482e+00
 1.14339393e+00
 1.13581051e+00
 1.12871622e+00
 1.12218653e+00
 1.11628542e+00
 1.11111740e+00
 1.10665003e+00
 1.10317900e+00
 1.10116560e+00
 1.10033622e+00
 1.10006898e+00
 1.10000000e+00
 1.27293164e+00
 1.27258459e+00
 1.27144806e+00
 1.26945954e+00
 1.26663097e+00
 1.26299941e+00
 1.25861121e+00
 1.25351882e+00
 1.24777489e+00
 1.24143236e+00
 1.23455058e+00
 1.22718998e+00
 1.21942121e+00
 1.21131025e+00
 1.20292495e+00
 1.19433518e+00
 1.18562122e+00
 1.17686745e+00
 1.16816208e+00
 1.15960178e+00
 1.15128103e+00
 1.14328354e+00
 1.13568960e+00
 1.12857914e+00
 1.12202781e+00
 1.11608227e+00
 1.11087851e+00
 1.10626553e+00
 1.10251753e+00
 1.10044966e+00
 1.09984528e+00
 1.09991627e+00
 1.10000000e+00
 1.27337100e+00
 1.27294814e+00
 1.27168407e+00
 1.26959227e+00
 1.26669453e+00
 1.26302034e+00
 1.25860622e+00
 1.25349838e+00
 1.24774543e+00
 1.24139768e+00
 1.23451341e+00
 1.22715179e+00
 1.21938355e+00
 1.21127388e+00
 1.20289020e+00
 1.19430171e+00
 1.18558869e+00
 1.17683529e+00
 1.16812947e+00
 1.15956818e+00
 1.15124614e+00
 1.14324645e+00
 1.13564901e+00
 1.12853301e+00
 1.12197487e+00
 1.11601289e+00
 1.11080065e+00
 1.10613606e+00
 1.10226143e+00
 1.10015172e+00
 1.09961391e+00
 1.09982532e+00
 1.10000000e+00
