 1.21930000e+00
 1.21955972e+00
 1.22033462e+00
 1.22161212e+00
 1.22337213e+00
 1.22558812e+00
 1.22822843e+00
 1.23125265e+00
 1.23461922e+00
 1.23828477e+00
 1.24220735e+00
 1.24635076e+00
 1.25067962e+00
 1.25516972e+00
 1.25978950e+00
 1.26450293e+00
 1.26926089e+00
 1.27401190e+00
 1.27870697e+00
 1.28329330e+00
 1.28772762e+00
 1.29197395e+00
 1.29599741e+00
 1.29976208e+00
 1.30324126e+00
 1.30640300e+00
 1.30921979e+00
 1.31166106e+00
 1.31369714e+00
 1.31530524e+00
 1.31646725e+00
 1.31716988e+00
 1.31740500e+00
 1.21944927e+00
 1.21966478e+00
 1.22036520e+00
 1.22158206e+00
 1.22330093e+00
 1.22549090e+00
 1.22811440e+00
 1.23112762e+00
 1.23448662e+00
 1.23814685e+00
 1.24206572e+00
 1.24620630e+00
 1.25053312e+00
 1.25502090e+00
 1.25963794e+00
 1.26434783e+00
 1.26910185e+00
 1.27384879e+00
 1.27853959e+00
 1.28312196e+00
 1.28755261e+00
 1.29179529e+00
 1.29581498e+00
 1.29957610e+00
 1.30305131e+00
 1.30620901e+00
 1.30902137e+00
 1.31145824e+00
 1.31349079e+00
 1.31509692e+00
 1.31625924e+00
 1.31696451e+00
 1.31720181e+00
 1.21974590e+00
 1.21989284e+00
 1.22042767e+00
 1.22148226e+00
 1.22308459e+00
 1.22519877e+00
 1.22777293e+00
 1.23075340e+00
 1.23408975e+00
 1.23773393e+00
 1.24164145e+00
 1.24577332e+00
 1.25009357e+00
 1.25457418e+00
 1.25918281e+00
 1.26388211e+00
 1.26862437e+00
 1.27335913e+00
 1.27803721e+00
 1.28260769e+00
 1.28702721e+00
 1.29125885e+00
 1.29526718e+00
 1.29901738e+00
 1.30248060e+00
 1.30562597e+00
 1.30842504e+00
 1.31084877e+00
 1.31287062e+00
 1.31447036e+00
 1.31563221e+00
 1.31634131e+00
 1.31658073e+00
 1.21980900e+00
 1.21992235e+00
 1.22034464e+00
 1.22123877e+00
 1.22269587e+00
 1.22470300e+00
 1.22720256e+00
 1.23013122e+00
 1.23343072e+00
 1.23704820e+00
 1.24093616e+00
 1.24505284e+00
 1.24936092e+00
 1.25382887e+00
 1.25842295e+00
 1.26310465e+00
 1.26782748e+00
 1.27254199e+00
 1.27719918e+00
 1.28174979e+00
 1.28615046e+00
 1.29036336e+00
 1.29435263e+00
 1.29808395e+00
 1.30152693e+00
 1.30465118e+00
 1.30742796e+00
 1.30982975e+00
 1.31183273e+00
 1.31341869e+00
 1.31457230e+00
 1.31527644e+00
 1.31551370e+00
 1.21923664e+00
 1.21936831e+00
 1.21981160e+00
 1.22067597e+00
 1.22205461e+00
 1.22397155e+00
 1.22639229e+00
 1.22925884e+00
 1.23251079e+00
 1.23609198e+00
 1.23995200e+00
 1.24404629e+00
 1.24833540e+00
 1.25278424e+00
 1.25735702e+00
 1.26201409e+00
 1.26670995e+00
 1.27139628e+00
 1.27602466e+00
 1.28054738e+00
 1.28492117e+00
 1.28910732e+00
 1.29306949e+00
 1.29677340e+00
 1.30018753e+00
 1.30328153e+00
 1.30602683e+00
 1.30839732e+00
 1.31037095e+00
 1.31193012e+00
 1.31305958e+00
 1.31374495e+00
 1.31397489e+00
 1.21792461e+00
 1.21811530e+00
 1.21868655e+00
 1.21965497e+00
 1.22106444e+00
 1.22295240e+00
 1.22531847e+00
 1.22812756e+00
 1.23132833e+00
 1.23486654e+00
 1.23869100e+00
 1.24275529e+00
 1.24701770e+00
 1.25144002e+00
 1.25598418e+00
 1.26060940e+00
 1.26527084e+00
 1.26992126e+00
 1.27451309e+00
 1.27899987e+00
 1.28333852e+00
 1.28748964e+00
 1.29141636e+00
 1.29508408e+00
 1.29846053e+00
 1.30151526e+00
 1.30422002e+00
 1.30654963e+00
 1.30848275e+00
 1.31000197e+00
 1.31109387e+00
 1.31175040e+00
 1.31196921e+00
 1.21632393e+00
 1.21653836e+00
 1.21717640e+00
 1.21823000e+00
 1.21970289e+00
 1.22160957e+00
 1.22395579e+00
 1.22672448e+00
 1.22987866e+00
 1.23337157e+00
 1.23715469e+00
 1.24118163e+00
 1.24540925e+00
 1.24979700e+00
 1.25430475e+00
 1.25889066e+00
 1.26351024e+00
 1.26811717e+00
 1.27266481e+00
 1.27710768e+00
 1.28140291e+00
 1.28551062e+00
 1.28939346e+00
 1.29301642e+00
 1.29634675e+00
 1.29935398e+00
 1.30201036e+00
 1.30429165e+00
 1.30617782e+00
 1.30765381e+00
 1.30871041e+00
 1.30934420e+00
 1.30955531e+00
 1.21453460e+00
 1.21475339e+00
 1.21540892e+00
 1.21649744e+00
 1.21801226e+00
 1.21994711e+00
 1.22229503e+00
 1.22504102e+00
 1.22815747e+00
 1.23160638e+00
 1.23534451e+00
 1.23932764e+00
 1.24351261e+00
 1.24785754e+00
 1.25232083e+00
 1.25685979e+00
 1.26143006e+00
 1.26598604e+00
 1.27048196e+00
 1.27487310e+00
 1.27911683e+00
 1.28317301e+00
 1.28700395e+00
 1.29057431e+00
 1.29385121e+00
 1.29680450e+00
 1.29940733e+00
 1.30163703e+00
 1.30347599e+00
 1.30491243e+00
 1.30594015e+00
 1.30655696e+00
 1.30676256e+00
 1.21245935e+00
 1.21268749e+00
 1.21336753e+00
 1.21448833e+00
 1.21603558e+00
 1.21799424e+00
 1.22034873e+00
 1.22308073e+00
 1.22616593e+00
 1.22957262e+00
 1.23326324e+00
 1.23719701e+00
 1.24133200e+00
 1.24562610e+00
 1.25003691e+00
 1.25452123e+00
 1.25903477e+00
 1.26353248e+00
 1.26796934e+00
 1.27230125e+00
 1.27648588e+00
 1.28048305e+00
 1.28425493e+00
 1.28776617e+00
 1.29098416e+00
 1.29387951e+00
 1.29642674e+00
 1.29860516e+00
 1.30039951e+00
 1.30180006e+00
 1.30280182e+00
 1.30340299e+00
 1.30360335e+00
 1.21020046e+00
 1.21043217e+00
 1.21112275e+00
 1.21225929e+00
 1.21382287e+00
 1.21579201e+00
 1.21814507e+00
 1.22086027e+00
 1.22391362e+00
 1.22727687e+00
 1.23091676e+00
 1.23479587e+00
 1.23887409e+00
 1.24310980e+00
 1.24746044e+00
 1.25188260e+00
 1.25633214e+00
 1.26076449e+00
 1.26513526e+00
 1.26940096e+00
 1.27351961e+00
 1.27745124e+00
 1.28115819e+00
 1.28460545e+00
 1.28776110e+00
 1.29059687e+00
 1.29308892e+00
 1.29521839e+00
 1.29697174e+00
 1.29834035e+00
 1.29931960e+00
 1.29990752e+00
 1.30010352e+00
 1.20780985e+00
 1.20804199e+00
 1.20873307e+00
 1.20986844e+00
 1.21142717e+00
 1.21338540e+00
 1.21571899e+00
 1.21840435e+00
 1.22141732e+00
 1.22473115e+00
 1.22831501e+00
 1.23213375e+00
 1.23614875e+00
 1.24031909e+00
 1.24460234e+00
 1.24895521e+00
 1.25333380e+00
 1.25769406e+00
 1.26199222e+00
 1.26618539e+00
 1.27023212e+00
 1.27409287e+00
 1.27773045e+00
 1.28111053e+00
 1.28420216e+00
 1.28697843e+00
 1.28941701e+00
 1.29150051e+00
 1.29321643e+00
 1.29455659e+00
 1.29551618e+00
 1.29609269e+00
 1.29628497e+00
 1.20535076e+00
 1.20557776e+00
 1.20625396e+00
 1.20736568e+00
 1.20889294e+00
 1.21081281e+00
 1.21310207e+00
 1.21573781e+00
 1.21869624e+00
 1.22195096e+00
 1.22547168e+00
 1.22922391e+00
 1.23316962e+00
 1.23726822e+00
 1.24147754e+00
 1.24575454e+00
 1.25005575e+00
 1.25433770e+00
 1.25855734e+00
 1.26267249e+00
 1.26664238e+00
 1.27042810e+00
 1.27399321e+00
 1.27730425e+00
 1.28033141e+00
 1.28304905e+00
 1.28543614e+00
 1.28747630e+00
 1.28915753e+00
 1.29047154e+00
 1.29141306e+00
 1.29197897e+00
 1.29216775e+00
 1.20285148e+00
 1.20306807e+00
 1.20371355e+00
 1.20477661e+00
 1.20624208e+00
 1.20809309e+00
 1.21031149e+00
 1.21287706e+00
 1.21576644e+00
 1.21895228e+00
 1.22240302e+00
 1.22608323e+00
 1.22995436e+00
 1.23397574e+00
 1.23810538e+00
 1.24230062e+00
 1.24651862e+00
 1.25071669e+00
 1.25485261e+00
 1.25888510e+00
 1.26277420e+00
 1.26648185e+00
 1.26997247e+00
 1.27321358e+00
 1.27617642e+00
 1.27883645e+00
 1.28117359e+00
 1.28317214e+00
 1.28482038e+00
 1.28610985e+00
 1.28703471e+00
 1.28759110e+00
 1.28777682e+00
 1.20030001e+00
 1.20049708e+00
 1.20108836e+00
 1.20207326e+00
 1.20344893e+00
 1.20520848e+00
 1.20733968e+00
 1.20982418e+00
 1.21263754e+00
 1.21574996e+00
 1.21912729e+00
 1.22273218e+00
 1.22652501e+00
 1.23046483e+00
 1.23450991e+00
 1.23861825e+00
 1.24274788e+00
 1.24685712e+00
 1.25090485e+00
 1.25485083e+00
 1.25865610e+00
 1.26228356e+00
 1.26569853e+00
 1.26886944e+00
 1.27176838e+00
 1.27437159e+00
 1.27665960e+00
 1.27861704e+00
 1.28023225e+00
 1.28149659e+00
 1.28240389e+00
 1.28294993e+00
 1.28313221e+00
 1.19747242e+00
 1.19765328e+00
 1.19819925e+00
 1.19911834e+00
 1.20041813e+00
 1.20210027e+00
 1.20415714e+00
 1.20657117e+00
 1.20931629e+00
 1.21236014e+00
 1.21566628e+00
 1.21919582e+00
 1.22290856e+00
 1.22676368e+00
 1.23072017e+00
 1.23473711e+00
 1.23877378e+00
 1.24278985e+00
 1.24674553e+00
 1.25060186e+00
 1.25432103e+00
 1.25786693e+00
 1.26120579e+00
 1.26430674e+00
 1.26714248e+00
 1.26968969e+00
 1.27192910e+00
 1.27384543e+00
 1.27542694e+00
 1.27666495e+00
 1.27755328e+00
 1.27808784e+00
 1.27826628e+00
 1.19416418e+00
 1.19434219e+00
 1.19487960e+00
 1.19578444e+00
 1.19706423e+00
 1.19872053e+00
 1.20074534e+00
 1.20312036e+00
 1.20581861e+00
 1.20880702e+00
 1.21204888e+00
 1.21550559e+00
 1.21913778e+00
 1.22290582e+00
 1.22677021e+00
 1.23069165e+00
 1.23463117e+00
 1.23855015e+00
 1.24241043e+00
 1.24617453e+00
 1.24980594e+00
 1.25326959e+00
 1.25653248e+00
 1.25956431e+00
 1.26233811e+00
 1.26483065e+00
 1.26702266e+00
 1.26889873e+00
 1.27044703e+00
 1.27165886e+00
 1.27252819e+00
 1.27305116e+00
 1.27322570e+00
 1.19039618e+00
 1.19058482e+00
 1.19115098e+00
 1.19209462e+00
 1.19341325e+00
 1.19509929e+00
 1.19713827e+00
 1.19950869e+00
 1.20218314e+00
 1.20512993e+00
 1.20831452e+00
 1.21170079e+00
 1.21525175e+00
 1.21893018e+00
 1.22269887e+00
 1.22652077e+00
 1.23035909e+00
 1.23417730e+00
 1.23793916e+00
 1.24160888e+00
 1.24515135e+00
 1.24853259e+00
 1.25172031e+00
 1.25468457e+00
 1.25739846e+00
 1.25983861e+00
 1.26198554e+00
 1.26382361e+00
 1.26534084e+00
 1.26652851e+00
 1.26738058e+00
 1.26789322e+00
 1.26806432e+00
 1.18640317e+00
 1.18660831e+00
 1.18722011e+00
 1.18822772e+00
 1.18961387e+00
 1.19135671e+00
 1.19343188e+00
 1.19581349e+00
 1.19847408e+00
 1.20138438e+00
 1.20451326e+00
 1.20782810e+00
 1.21129521e+00
 1.21488036e+00
 1.21854914e+00
 1.22226718e+00
 1.22600020e+00
 1.22971403e+00
 1.23337461e+00
 1.23694804e+00
 1.24040077e+00
 1.24369992e+00
 1.24681386e+00
 1.24971283e+00
 1.25236975e+00
 1.25476081e+00
 1.25686601e+00
 1.25866931e+00
 1.26015842e+00
 1.26132439e+00
 1.26216106e+00
 1.26266450e+00
 1.26283254e+00
 1.18250959e+00
 1.18272987e+00
 1.18338176e+00
 1.18444161e+00
 1.18587823e+00
 1.18765908e+00
 1.18975337e+00
 1.19213242e+00
 1.19476868e+00
 1.19763446e+00
 1.20070110e+00
 1.20393875e+00
 1.20731658e+00
 1.21080323e+00
 1.21436708e+00
 1.21797653e+00
 1.22159998e+00
 1.22520582e+00
 1.22876235e+00
 1.23223773e+00
 1.23560011e+00
 1.23881782e+00
 1.24185987e+00
 1.24469657e+00
 1.24730034e+00
 1.24964662e+00
 1.25171448e+00
 1.25348706e+00
 1.25495148e+00
 1.25609845e+00
 1.25692164e+00
 1.25741704e+00
 1.25758241e+00
 1.17906221e+00
 1.17927807e+00
 1.17991846e+00
 1.18096304e+00
 1.18238211e+00
 1.18414181e+00
 1.18620836e+00
 1.18855010e+00
 1.19113731e+00
 1.19394123e+00
 1.19693321e+00
 1.20008432e+00
 1.20336538e+00
 1.20674715e+00
 1.21020049e+00
 1.21369640e+00
 1.21720600e+00
 1.22070029e+00
 1.22415005e+00
 1.22752568e+00
 1.23079717e+00
 1.23393423e+00
 1.23690658e+00
 1.23968457e+00
 1.24223992e+00
 1.24454685e+00
 1.24658299e+00
 1.24833010e+00
 1.24977428e+00
 1.25090559e+00
 1.25171745e+00
 1.25220592e+00
 1.25236894e+00
 1.17599648e+00
 1.17619981e+00
 1.17680470e+00
 1.17779654e+00
 1.17915293e+00
 1.18084595e+00
 1.18284459e+00
 1.18511678e+00
 1.18763061e+00
 1.19035482e+00
 1.19325899e+00
 1.19631359e+00
 1.19948998e+00
 1.20276037e+00
 1.20609769e+00
 1.20947537e+00
 1.21286711e+00
 1.21624655e+00
 1.21958702e+00
 1.22286124e+00
 1.22604125e+00
 1.22909832e+00
 1.23200314e+00
 1.23472622e+00
 1.23723855e+00
 1.23951272e+00
 1.24152430e+00
 1.24325299e+00
 1.24468330e+00
 1.24580435e+00
 1.24660910e+00
 1.24709339e+00
 1.24725505e+00
 1.17318431e+00
 1.17337279e+00
 1.17393547e+00
 1.17486392e+00
 1.17614361e+00
 1.17775373e+00
 1.17966774e+00
 1.18185476e+00
 1.18428153e+00
 1.18691447e+00
 1.18972122e+00
 1.19267134e+00
 1.19573645e+00
 1.19888997e+00
 1.20210666e+00
 1.20536222e+00
 1.20863284e+00
 1.21189476e+00
 1.21512383e+00
 1.21829518e+00
 1.22138297e+00
 1.22436032e+00
 1.22719927e+00
 1.22987090e+00
 1.23234572e+00
 1.23459462e+00
 1.23659038e+00
 1.23830957e+00
 1.23973397e+00
 1.24085093e+00
 1.24165271e+00
 1.24213508e+00
 1.24229606e+00
 1.17051978e+00
 1.17069550e+00
 1.17122180e+00
 1.17209506e+00
 1.17330667e+00
 1.17484105e+00
 1.17667478e+00
 1.17877770e+00
 1.18111557e+00
 1.18365342e+00
 1.18635797e+00
 1.18919881e+00
 1.19214832e+00
 1.19518129e+00
 1.19827433e+00
 1.20140531e+00
 1.20455284e+00
 1.20769565e+00
 1.21081204e+00
 1.21387948e+00
 1.21687432e+00
 1.21977168e+00
 1.22254537e+00
 1.22516776e+00
 1.22760969e+00
 1.22984080e+00
 1.23183084e+00
 1.23355203e+00
 1.23498182e+00
 1.23610432e+00
 1.23691008e+00
 1.23739454e+00
 1.23755612e+00
 1.16794676e+00
 1.16811512e+00
 1.16861969e+00
 1.16945823e+00
 1.17062437e+00
 1.17210427e+00
 1.17387479e+00
 1.17590483e+00
 1.17815929e+00
 1.18060329e+00
 1.18320461e+00
 1.18593434e+00
 1.18876652e+00
 1.19167764e+00
 1.19464618e+00
 1.19765212e+00
 1.20067636e+00
 1.20370004e+00
 1.20670377e+00
 1.20966721e+00
 1.21256875e+00
 1.21538546e+00
 1.21809317e+00
 1.22066630e+00
 1.22307739e+00
 1.22529638e+00
 1.22729074e+00
 1.22902754e+00
 1.23047768e+00
 1.23161964e+00
 1.23244074e+00
 1.23293500e+00
 1.23309998e+00
 1.16548602e+00
 1.16565088e+00
 1.16614595e+00
 1.16697025e+00
 1.16811642e+00
 1.16956711e+00
 1.17129469e+00
 1.17326489e+00
 1.17544252e+00
 1.17779522e+00
 1.18029421e+00
 1.18291351e+00
 1.18562935e+00
 1.18842001e+00
 1.19126577e+00
 1.19414862e+00
 1.19705165e+00
 1.19995825e+00
 1.20285119e+00
 1.20571205e+00
 1.20852094e+00
 1.21125658e+00
 1.21389660e+00
 1.21641779e+00
 1.21879578e+00
 1.22100348e+00
 1.22300889e+00
 1.22477486e+00
 1.22626340e+00
 1.22744284e+00
 1.22829265e+00
 1.22880348e+00
 1.22897362e+00
 1.16316026e+00
 1.16332993e+00
 1.16383677e+00
 1.16467418e+00
 1.16582840e+00
 1.16727369e+00
 1.16897394e+00
 1.17089176e+00
 1.17299523e+00
 1.17525808e+00
 1.17765678e+00
 1.18016873e+00
 1.18277211e+00
 1.18544668e+00
 1.18817429e+00
 1.19093875e+00
 1.19372525e+00
 1.19651929e+00
 1.19930564e+00
 1.20206745e+00
 1.20478615e+00
 1.20744154e+00
 1.21001233e+00
 1.21247708e+00
 1.21481488e+00
 1.21700419e+00
 1.21901878e+00
 1.22082233e+00
 1.22236810e+00
 1.22360940e+00
 1.22451326e+00
 1.22506205e+00
 1.22524618e+00
 1.16107368e+00
 1.16124766e+00
 1.16177073e+00
 1.16263800e+00
 1.16382288e+00
 1.16527762e+00
 1.16695344e+00
 1.16881567e+00
 1.17084234e+00
 1.17301602e+00
 1.17531835e+00
 1.17772894e+00
 1.18022691e+00
 1.18279290e+00
 1.18541001e+00
 1.18806374e+00
 1.19074120e+00
 1.19342994e+00
 1.19611651e+00
 1.19878535e+00
 1.20141874e+00
 1.20399702e+00
 1.20649898e+00
 1.20890334e+00
 1.21119112e+00
 1.21334659e+00
 1.21535420e+00
 1.21718934e+00
 1.21880544e+00
 1.22013279e+00
 1.22110396e+00
 1.22168585e+00
 1.22187824e+00
 1.15917980e+00
 1.15937908e+00
 1.15997189e+00
 1.16092472e+00
 1.16216715e+00
 1.16362686e+00
 1.16526141e+00
 1.16705497e+00
 1.16900040e+00
 1.17108770e+00
 1.17330087e+00
 1.17561952e+00
 1.17802238e+00
 1.18049039e+00
 1.18300771e+00
 1.18556134e+00
 1.18814016e+00
 1.19073366e+00
 1.19333006e+00
 1.19591469e+00
 1.19847036e+00
 1.20097764e+00
 1.20341453e+00
 1.20575800e+00
 1.20798804e+00
 1.21009117e+00
 1.21206142e+00
 1.21389507e+00
 1.21557282e+00
 1.21703262e+00
 1.21816643e+00
 1.21887242e+00
 1.21910865e+00
 1.15762423e+00
 1.15788301e+00
 1.15860405e+00
 1.15965834e+00
 1.16092394e+00
 1.16234128e+00
 1.16390232e+00
 1.16561428e+00
 1.16747888e+00
 1.16948754e+00
 1.17162290e+00
 1.17386240e+00
 1.17618342e+00
 1.17856694e+00
 1.18099807e+00
 1.18346510e+00
 1.18595850e+00
 1.18846954e+00
 1.19098806e+00
 1.19349986e+00
 1.19598803e+00
 1.19843334e+00
 1.20081274e+00
 1.20309992e+00
 1.20527124e+00
 1.20731023e+00
 1.20921205e+00
 1.21098572e+00
 1.21264769e+00
 1.21419037e+00
 1.21552505e+00
 1.21646372e+00
 1.21680544e+00
 1.15687166e+00
 1.15714784e+00
 1.15788649e+00
 1.15890412e+00
 1.16008089e+00
 1.16139477e+00
 1.16286091e+00
 1.16449118e+00
 1.16628432e+00
 1.16822766e+00
 1.17030016e+00
 1.17247601e+00
 1.17473093e+00
 1.17704595e+00
 1.17940707e+00
 1.18180363e+00
 1.18422746e+00
 1.18667132e+00
 1.18912666e+00
 1.19157932e+00
 1.19401246e+00
 1.19640725e+00
 1.19873988e+00
 1.20098009e+00
 1.20309962e+00
 1.20507580e+00
 1.20689677e+00
 1.20856600e+00
 1.21010641e+00
 1.21154670e+00
 1.21285672e+00
 1.21384784e+00
 1.21422636e+00
 1.15681588e+00
 1.15705652e+00
 1.15767651e+00
 1.15852447e+00
 1.15954552e+00
 1.16074117e+00
 1.16212058e+00
 1.16368469e+00
 1.16542347e+00
 1.16731870e+00
 1.16934556e+00
 1.17147506e+00
 1.17368147e+00
 1.17594600e+00
 1.17825547e+00
 1.18059994e+00
 1.18297230e+00
 1.18536641e+00
 1.18777524e+00
 1.19018429e+00
 1.19257675e+00
 1.19493423e+00
 1.19723278e+00
 1.19943832e+00
 1.20151872e+00
 1.20344494e+00
 1.20519622e+00
 1.20676148e+00
 1.20814496e+00
 1.20936417e+00
 1.21042473e+00
 1.21124069e+00
 1.21156776e+00
 1.15704663e+00
 1.15721616e+00
 1.15766424e+00
 1.15834258e+00
 1.15923984e+00
 1.16035249e+00
 1.16167520e+00
 1.16319786e+00
 1.16490332e+00
 1.16676942e+00
 1.16876880e+00
 1.17087020e+00
 1.17304700e+00
 1.17528058e+00
 1.17755839e+00
 1.17987086e+00
 1.18221161e+00
 1.18457511e+00
 1.18695552e+00
 1.18933785e+00
 1.19170532e+00
 1.19403990e+00
 1.19631794e+00
 1.19850242e+00
 1.20055896e+00
 1.20245407e+00
 1.20416087e+00
 1.20565652e+00
 1.20692670e+00
 1.20796430e+00
 1.20876501e+00
 1.20931184e+00
 1.20952692e+00
 1.15717500e+00
 1.15729900e+00
 1.15767000e+00
 1.15828501e+00
 1.15913859e+00
 1.16022275e+00
 1.16152621e+00
 1.16303495e+00
 1.16472926e+00
 1.16658564e+00
 1.16857588e+00
 1.17066786e+00
 1.17283470e+00
 1.17505786e+00
 1.17732500e+00
 1.17962668e+00
 1.18195677e+00
 1.18430993e+00
 1.18668078e+00
 1.18905411e+00
 1.19141316e+00
 1.19374002e+00
 1.19601123e+00
 1.19818866e+00
 1.20023726e+00
 1.20212190e+00
 1.20381372e+00
 1.20528565e+00
 1.20651677e+00
 1.20748999e+00
 1.20819305e+00
 1.20861790e+00
 1.20876000e+00
