 1.68201200e+00
 1.68216677e+00
 1.68262819e+00
 1.68338760e+00
 1.68443067e+00
 1.68573772e+00
 1.68728392e+00
 1.68904034e+00
 1.69097326e+00
 1.69304548e+00
 1.69522132e+00
 1.69745932e+00
 1.69972328e+00
 1.70197886e+00
 1.70419178e+00
 1.70632954e+00
 1.70836490e+00
 1.71027327e+00
 1.71203626e+00
 1.71363743e+00
 1.71506790e+00
 1.71632418e+00
 1.71741299e+00
 1.71834057e+00
 1.71912003e+00
 1.71976291e+00
 1.72028434e+00
 1.72069659e+00
 1.72101283e+00
 1.72124501e+00
 1.72140318e+00
 1.72149494e+00
 1.72152500e+00
 1.68200882e+00
 1.68214250e+00
 1.68257009e+00
 1.68330495e+00
 1.68433477e+00
 1.68563675e+00
 1.68718256e+00
 1.68894086e+00
 1.69087658e+00
 1.69295192e+00
 1.69513041e+00
 1.69737066e+00
 1.69963603e+00
 1.70189184e+00
 1.70410364e+00
 1.70623879e+00
 1.70826966e+00
 1.71017146e+00
 1.71192532e+00
 1.71351467e+00
 1.71493019e+00
 1.71616827e+00
 1.71723491e+00
 1.71813638e+00
 1.71888510e+00
 1.71949208e+00
 1.71997031e+00
 1.72032794e+00
 1.72056960e+00
 1.72069394e+00
 1.72070000e+00
 1.72060867e+00
 1.72053090e+00
 1.68191648e+00
 1.68201959e+00
 1.68237548e+00
 1.68304684e+00
 1.68404038e+00
 1.68532827e+00
 1.68687331e+00
 1.68863738e+00
 1.69058157e+00
 1.69266620e+00
 1.69485267e+00
 1.69709959e+00
 1.69936914e+00
 1.70162568e+00
 1.70383414e+00
 1.70596145e+00
 1.70797893e+00
 1.70986110e+00
 1.71158777e+00
 1.71314178e+00
 1.71451269e+00
 1.71569626e+00
 1.71669670e+00
 1.71752006e+00
 1.71817700e+00
 1.71867684e+00
 1.71902661e+00
 1.71922286e+00
 1.71924680e+00
 1.71906459e+00
 1.71866263e+00
 1.71816233e+00
 1.71791589e+00
 1.68152712e+00
 1.68162071e+00
 1.68194060e+00
 1.68256193e+00
 1.68351946e+00
 1.68479317e+00
 1.68634012e+00
 1.68811492e+00
 1.69007365e+00
 1.69217365e+00
 1.69437356e+00
 1.69663140e+00
 1.69890776e+00
 1.70116551e+00
 1.70336854e+00
 1.70548289e+00
 1.70747834e+00
 1.70932812e+00
 1.71101005e+00
 1.71250579e+00
 1.71380314e+00
 1.71489654e+00
 1.71578782e+00
 1.71648225e+00
 1.71698842e+00
 1.71731320e+00
 1.71745659e+00
 1.71740206e+00
 1.71711010e+00
 1.71653566e+00
 1.71571997e+00
 1.71493436e+00
 1.71460292e+00
 1.68062296e+00
 1.68073615e+00
 1.68109568e+00
 1.68174460e+00
 1.68271298e+00
 1.68399481e+00
 1.68555535e+00
 1.68734918e+00
 1.68932963e+00
 1.69145131e+00
 1.69367021e+00
 1.69594309e+00
 1.69822876e+00
 1.70048821e+00
 1.70268391e+00
 1.70478052e+00
 1.70674585e+00
 1.70855119e+00
 1.71017193e+00
 1.71158774e+00
 1.71278417e+00
 1.71375354e+00
 1.71449517e+00
 1.71501324e+00
 1.71531513e+00
 1.71540696e+00
 1.71528755e+00
 1.71494260e+00
 1.71435115e+00
 1.71352780e+00
 1.71260302e+00
 1.71184911e+00
 1.71155619e+00
 1.67915328e+00
 1.67930809e+00
 1.67976507e+00
 1.68051463e+00
 1.68155626e+00
 1.68288596e+00
 1.68448238e+00
 1.68630847e+00
 1.68831977e+00
 1.69047006e+00
 1.69271357e+00
 1.69500553e+00
 1.69730292e+00
 1.69956470e+00
 1.70175157e+00
 1.70382629e+00
 1.70575441e+00
 1.70750470e+00
 1.70904970e+00
 1.71036638e+00
 1.71143750e+00
 1.71225276e+00
 1.71280918e+00
 1.71311037e+00
 1.71316513e+00
 1.71298480e+00
 1.71258120e+00
 1.71197103e+00
 1.71119695e+00
 1.71036207e+00
 1.70963144e+00
 1.70915591e+00
 1.70899626e+00
 1.67737588e+00
 1.67755104e+00
 1.67806694e+00
 1.67890075e+00
 1.68002873e+00
 1.68143106e+00
 1.68308504e+00
 1.68495863e+00
 1.68701119e+00
 1.68919755e+00
 1.69147126e+00
 1.69378626e+00
 1.69609781e+00
 1.69836284e+00
 1.70054000e+00
 1.70258985e+00
 1.70447536e+00
 1.70616236e+00
 1.70762018e+00
 1.70882256e+00
 1.70974908e+00
 1.71038658e+00
 1.71073043e+00
 1.71078518e+00
 1.71056514e+00
 1.71009511e+00
 1.70941368e+00
 1.70858240e+00
 1.70769787e+00
 1.70688701e+00
 1.70626577e+00
 1.70589183e+00
 1.70576920e+00
 1.67534491e+00
 1.67552758e+00
 1.67606916e+00
 1.67695082e+00
 1.67814430e+00
 1.67961764e+00
 1.68133797e+00
 1.68326974e+00
 1.68537255e+00
 1.68760184e+00
 1.68991090e+00
 1.69225269e+00
 1.69458091e+00
 1.69685057e+00
 1.69901819e+00
 1.70104192e+00
 1.70288195e+00
 1.70450096e+00
 1.70586483e+00
 1.70694379e+00
 1.70771402e+00
 1.70815967e+00
 1.70827521e+00
 1.70806798e+00
 1.70756130e+00
 1.70679827e+00
 1.70584634e+00
 1.70480000e+00
 1.70377342e+00
 1.70287699e+00
 1.70219151e+00
 1.70176371e+00
 1.70161832e+00
 1.67298758e+00
 1.67317849e+00
 1.67374407e+00
 1.67466430e+00
 1.67590950e+00
 1.67744380e+00
 1.67922796e+00
 1.68122070e+00
 1.68337844e+00
 1.68565526e+00
 1.68800359e+00
 1.69037531e+00
 1.69272273e+00
 1.69499907e+00
 1.69715873e+00
 1.69915745e+00
 1.70095263e+00
 1.70250376e+00
 1.70377329e+00
 1.70472791e+00
 1.70534049e+00
 1.70559276e+00
 1.70547887e+00
 1.70500970e+00
 1.70421801e+00
 1.70316333e+00
 1.70193406e+00
 1.70064268e+00
 1.69941075e+00
 1.69834871e+00
 1.69754059e+00
 1.69703914e+00
 1.69686972e+00
 1.67031351e+00
 1.67050931e+00
 1.67109045e+00
 1.67203842e+00
 1.67332373e+00
 1.67490841e+00
 1.67674905e+00
 1.67879942e+00
 1.68101175e+00
 1.68333731e+00
 1.68572674e+00
 1.68813054e+00
 1.69049958e+00
 1.69278541e+00
 1.69494048e+00
 1.69691826e+00
 1.69867354e+00
 1.70016289e+00
 1.70134559e+00
 1.70218513e+00
 1.70265140e+00
 1.70272400e+00
 1.70239664e+00
 1.70168270e+00
 1.70062124e+00
 1.69928171e+00
 1.69776395e+00
 1.69619074e+00
 1.69469300e+00
 1.69339283e+00
 1.69239074e+00
 1.69175987e+00
 1.69154460e+00
 1.66729400e+00
 1.66749477e+00
 1.66809080e+00
 1.66906354e+00
 1.67038317e+00
 1.67201049e+00
 1.67389972e+00
 1.67600128e+00
 1.67826393e+00
 1.68063600e+00
 1.68306595e+00
 1.68550262e+00
 1.68789542e+00
 1.69019438e+00
 1.69235023e+00
 1.69431450e+00
 1.69603976e+00
 1.69748018e+00
 1.69859253e+00
 1.69933774e+00
 1.69968341e+00
 1.69960728e+00
 1.69910207e+00
 1.69818133e+00
 1.69688558e+00
 1.69528678e+00
 1.69348874e+00
 1.69162135e+00
 1.68982899e+00
 1.68825564e+00
 1.68702974e+00
 1.68625173e+00
 1.68598515e+00
 1.66392896e+00
 1.66413480e+00
 1.66474550e+00
 1.66574129e+00
 1.66709103e+00
 1.66875432e+00
 1.67068396e+00
 1.67282850e+00
 1.67513447e+00
 1.67754797e+00
 1.68001556e+00
 1.68248452e+00
 1.68490288e+00
 1.68721939e+00
 1.68938342e+00
 1.69134499e+00
 1.69305512e+00
 1.69446635e+00
 1.69553389e+00
 1.69621726e+00
 1.69648279e+00
 1.69630709e+00
 1.69568163e+00
 1.69461822e+00
 1.69315477e+00
 1.69135997e+00
 1.68933553e+00
 1.68721416e+00
 1.68515261e+00
 1.68331863e+00
 1.68187264e+00
 1.68094709e+00
 1.68062859e+00
 1.66025121e+00
 1.66046019e+00
 1.66108041e+00
 1.66209203e+00
 1.66346336e+00
 1.66515306e+00
 1.66711285e+00
 1.66929012e+00
 1.67163017e+00
 1.67407780e+00
 1.67657826e+00
 1.67907768e+00
 1.68152308e+00
 1.68386225e+00
 1.68604364e+00
 1.68801641e+00
 1.68973074e+00
 1.69113859e+00
 1.69219487e+00
 1.69285919e+00
 1.69309827e+00
 1.69288911e+00
 1.69222299e+00
 1.69111013e+00
 1.68958474e+00
 1.68770971e+00
 1.68558033e+00
 1.68332560e+00
 1.68110537e+00
 1.67910088e+00
 1.67749716e+00
 1.67645805e+00
 1.67609792e+00
 1.65627946e+00
 1.65649061e+00
 1.65711697e+00
 1.65813797e+00
 1.65952144e+00
 1.66122595e+00
 1.66320333e+00
 1.66540100e+00
 1.66776404e+00
 1.67023681e+00
 1.67276401e+00
 1.67529117e+00
 1.67776480e+00
 1.68013222e+00
 1.68234152e+00
 1.68434162e+00
 1.68608273e+00
 1.68751730e+00
 1.68860138e+00
 1.68929644e+00
 1.68957177e+00
 1.68940723e+00
 1.68879660e+00
 1.68775128e+00
 1.68630443e+00
 1.68451504e+00
 1.68247185e+00
 1.68029586e+00
 1.67813979e+00
 1.67618122e+00
 1.67460607e+00
 1.67358185e+00
 1.67322629e+00
 1.65205668e+00
 1.65226694e+00
 1.65289098e+00
 1.65390921e+00
 1.65529069e+00
 1.65699519e+00
 1.65897554e+00
 1.66117988e+00
 1.66355377e+00
 1.66604181e+00
 1.66858882e+00
 1.67114046e+00
 1.67364331e+00
 1.67604483e+00
 1.67829328e+00
 1.68033798e+00
 1.68212993e+00
 1.68362303e+00
 1.68477578e+00
 1.68555330e+00
 1.68592967e+00
 1.68589048e+00
 1.68543548e+00
 1.68458150e+00
 1.68336526e+00
 1.68184631e+00
 1.68010929e+00
 1.67826465e+00
 1.67644626e+00
 1.67480393e+00
 1.67348966e+00
 1.67263789e+00
 1.67234263e+00
 1.64759314e+00
 1.64780011e+00
 1.64841512e+00
 1.64942062e+00
 1.65078810e+00
 1.65247954e+00
 1.65444951e+00
 1.65664760e+00
 1.65902056e+00
 1.66151403e+00
 1.66407383e+00
 1.66664647e+00
 1.66917938e+00
 1.67162078e+00
 1.67391965e+00
 1.67602612e+00
 1.67789247e+00
 1.67947469e+00
 1.68073460e+00
 1.68164217e+00
 1.68217799e+00
 1.68233556e+00
 1.68212335e+00
 1.68156662e+00
 1.68070879e+00
 1.67961223e+00
 1.67835770e+00
 1.67704164e+00
 1.67577025e+00
 1.67465001e+00
 1.67377614e+00
 1.67322189e+00
 1.67303217e+00
 1.64287782e+00
 1.64308158e+00
 1.64368714e+00
 1.64467765e+00
 1.64602608e+00
 1.64769664e+00
 1.64964649e+00
 1.65182771e+00
 1.65418933e+00
 1.65667915e+00
 1.65924494e+00
 1.66183514e+00
 1.66439883e+00
 1.66688560e+00
 1.66924554e+00
 1.67142979e+00
 1.67339192e+00
 1.67509004e+00
 1.67648937e+00
 1.67756506e+00
 1.67830471e+00
 1.67871038e+00
 1.67879983e+00
 1.67860695e+00
 1.67818103e+00
 1.67758462e+00
 1.67688951e+00
 1.67617060e+00
 1.67549799e+00
 1.67492901e+00
 1.67450306e+00
 1.67424179e+00
 1.67415400e+00
 1.63794331e+00
 1.63814274e+00
 1.63873567e+00
 1.63970642e+00
 1.64102980e+00
 1.64267237e+00
 1.64459389e+00
 1.64674922e+00
 1.64909031e+00
 1.65156804e+00
 1.65413335e+00
 1.65673767e+00
 1.65933268e+00
 1.66186991e+00
 1.66430071e+00
 1.66657699e+00
 1.66865307e+00
 1.67048840e+00
 1.67205084e+00
 1.67331987e+00
 1.67428920e+00
 1.67496833e+00
 1.67538276e+00
 1.67557260e+00
 1.67558940e+00
 1.67549107e+00
 1.67533509e+00
 1.67517071e+00
 1.67503216e+00
 1.67493521e+00
 1.67487903e+00
 1.67485308e+00
 1.67484601e+00
 1.63281952e+00
 1.63301355e+00
 1.63359106e+00
 1.63453822e+00
 1.63583202e+00
 1.63744115e+00
 1.63932763e+00
 1.64144904e+00
 1.64376085e+00
 1.64621811e+00
 1.64877631e+00
 1.65139116e+00
 1.65401787e+00
 1.65661036e+00
 1.65912107e+00
 1.66150195e+00
 1.66370684e+00
 1.66569504e+00
 1.66743529e+00
 1.66890955e+00
 1.67011563e+00
 1.67106814e+00
 1.67179748e+00
 1.67234666e+00
 1.67276589e+00
 1.67310545e+00
 1.67340753e+00
 1.67369877e+00
 1.67398585e+00
 1.67425581e+00
 1.67448197e+00
 1.67463375e+00
 1.67468732e+00
 1.62752801e+00
 1.62771811e+00
 1.62828363e+00
 1.62921049e+00
 1.63047587e+00
 1.63204939e+00
 1.63389514e+00
 1.63597419e+00
 1.63824690e+00
 1.64067427e+00
 1.64321797e+00
 1.64583943e+00
 1.64849825e+00
 1.65115090e+00
 1.65375039e+00
 1.65624745e+00
 1.65859360e+00
 1.66074566e+00
 1.66267085e+00
 1.66435107e+00
 1.66578561e+00
 1.66699143e+00
 1.66800095e+00
 1.66885726e+00
 1.66960720e+00
 1.67029307e+00
 1.67094438e+00
 1.67157151e+00
 1.67216332e+00
 1.67268991e+00
 1.67311025e+00
 1.67338300e+00
 1.67347766e+00
 1.62215289e+00
 1.62233918e+00
 1.62289286e+00
 1.62379864e+00
 1.62503248e+00
 1.62656385e+00
 1.62835878e+00
 1.63038291e+00
 1.63260338e+00
 1.63498914e+00
 1.63750985e+00
 1.64013377e+00
 1.64282547e+00
 1.64554393e+00
 1.64824181e+00
 1.65086680e+00
 1.65336561e+00
 1.65568977e+00
 1.65780202e+00
 1.65968143e+00
 1.66132614e+00
 1.66275301e+00
 1.66399423e+00
 1.66509137e+00
 1.66608748e+00
 1.66701844e+00
 1.66790518e+00
 1.66874849e+00
 1.66952807e+00
 1.67020652e+00
 1.67073770e+00
 1.67107757e+00
 1.67119465e+00
 1.61680600e+00
 1.61698755e+00
 1.61752595e+00
 1.61840351e+00
 1.61959402e+00
 1.62106703e+00
 1.62279209e+00
 1.62474173e+00
 1.62689226e+00
 1.62922245e+00
 1.63171098e+00
 1.63433353e+00
 1.63705989e+00
 1.63985126e+00
 1.64265877e+00
 1.64542483e+00
 1.64808827e+00
 1.65059200e+00
 1.65289116e+00
 1.65495936e+00
 1.65679142e+00
 1.65840235e+00
 1.65982292e+00
 1.66109277e+00
 1.66225192e+00
 1.66333233e+00
 1.66435070e+00
 1.66530438e+00
 1.66617125e+00
 1.66691414e+00
 1.66748868e+00
 1.66785326e+00
 1.66797834e+00
 1.61162798e+00
 1.61180028e+00
 1.61231014e+00
 1.61313846e+00
 1.61425902e+00
 1.61564424e+00
 1.61727028e+00
 1.61911960e+00
 1.62117987e+00
 1.62344038e+00
 1.62588853e+00
 1.62850715e+00
 1.63127140e+00
 1.63414466e+00
 1.63707532e+00
 1.63999784e+00
 1.64283953e+00
 1.64553101e+00
 1.64801677e+00
 1.65026273e+00
 1.65225899e+00
 1.65401797e+00
 1.65556885e+00
 1.65694980e+00
 1.65819935e+00
 1.65934816e+00
 1.66041257e+00
 1.66139129e+00
 1.66226579e+00
 1.66300448e+00
 1.66356962e+00
 1.66392570e+00
 1.66404743e+00
 1.60672500e+00
 1.60688073e+00
 1.60734196e+00
 1.60809183e+00
 1.60910732e+00
 1.61036755e+00
 1.61186053e+00
 1.61358317e+00
 1.61553586e+00
 1.61771674e+00
 1.62011953e+00
 1.62273346e+00
 1.62554007e+00
 1.62850590e+00
 1.63157555e+00
 1.63467231e+00
 1.63770779e+00
 1.64059636e+00
 1.64326910e+00
 1.64568271e+00
 1.64782214e+00
 1.64969747e+00
 1.65133694e+00
 1.65277843e+00
 1.65406067e+00
 1.65521548e+00
 1.65626191e+00
 1.65720329e+00
 1.65802791e+00
 1.65871288e+00
 1.65923010e+00
 1.65955308e+00
 1.65966299e+00
 1.60214792e+00
 1.60228359e+00
 1.60268214e+00
 1.60332481e+00
 1.60419561e+00
 1.60529041e+00
 1.60661897e+00
 1.60819743e+00
 1.61003646e+00
 1.61213666e+00
 1.61449362e+00
 1.61710309e+00
 1.61995650e+00
 1.62302629e+00
 1.62625236e+00
 1.62954273e+00
 1.63278845e+00
 1.63588381e+00
 1.63874414e+00
 1.64131631e+00
 1.64358066e+00
 1.64554610e+00
 1.64724131e+00
 1.64870518e+00
 1.64997827e+00
 1.65109563e+00
 1.65208140e+00
 1.65294585e+00
 1.65368596e+00
 1.65428897e+00
 1.65473746e+00
 1.65501454e+00
 1.65510831e+00
 1.59801401e+00
 1.59811059e+00
 1.59840066e+00
 1.59888243e+00
 1.59955719e+00
 1.60044715e+00
 1.60159424e+00
 1.60303282e+00
 1.60477150e+00
 1.60680128e+00
 1.60911513e+00
 1.61171880e+00
 1.61462119e+00
 1.61780563e+00
 1.62120562e+00
 1.62470850e+00
 1.62817964e+00
 1.63148975e+00
 1.63453693e+00
 1.63725856e+00
 1.63963179e+00
 1.64166627e+00
 1.64339293e+00
 1.64485288e+00
 1.64608952e+00
 1.64714260e+00
 1.64804319e+00
 1.64881019e+00
 1.64945005e+00
 1.64995999e+00
 1.65033285e+00
 1.65056075e+00
 1.65063752e+00
 1.59420484e+00
 1.59427644e+00
 1.59447205e+00
 1.59476702e+00
 1.59519557e+00
 1.59585587e+00
 1.59683961e+00
 1.59817809e+00
 1.59985171e+00
 1.60182955e+00
 1.60410221e+00
 1.60669384e+00
 1.60964303e+00
 1.61295062e+00
 1.61653979e+00
 1.62027030e+00
 1.62397731e+00
 1.62750554e+00
 1.63073527e+00
 1.63359576e+00
 1.63606289e+00
 1.63814947e+00
 1.63989072e+00
 1.64133080e+00
 1.64251599e+00
 1.64349114e+00
 1.64429558e+00
 1.64495843e+00
 1.64549615e+00
 1.64591417e+00
 1.64621222e+00
 1.64639011e+00
 1.64644913e+00
 1.59123908e+00
 1.59120557e+00
 1.59110207e+00
 1.59099697e+00
 1.59107861e+00
 1.59153519e+00
 1.59243814e+00
 1.59375285e+00
 1.59540845e+00
 1.59735268e+00
 1.59958142e+00
 1.60214828e+00
 1.60513693e+00
 1.60857279e+00
 1.61236082e+00
 1.61632579e+00
 1.62027032e+00
 1.62401231e+00
 1.62741453e+00
 1.63040049e+00
 1.63294666e+00
 1.63507133e+00
 1.63681635e+00
 1.63822917e+00
 1.63935789e+00
 1.64025166e+00
 1.64095830e+00
 1.64151836e+00
 1.64196051e+00
 1.64229987e+00
 1.64254052e+00
 1.64268289e+00
 1.64272962e+00
 1.58879016e+00
 1.58851189e+00
 1.58786391e+00
 1.58727460e+00
 1.58712696e+00
 1.58756395e+00
 1.58853008e+00
 1.58990405e+00
 1.59157987e+00
 1.59350115e+00
 1.59567900e+00
 1.59820414e+00
 1.60122096e+00
 1.60478551e+00
 1.60877203e+00
 1.61296512e+00
 1.61713606e+00
 1.62107714e+00
 1.62463439e+00
 1.62772908e+00
 1.63033909e+00
 1.63248999e+00
 1.63423266e+00
 1.63561748e+00
 1.63669260e+00
 1.63750959e+00
 1.63812388e+00
 1.63858679e+00
 1.63893938e+00
 1.63920976e+00
 1.63941014e+00
 1.63953734e+00
 1.63958143e+00
 1.58514118e+00
 1.58477448e+00
 1.58399253e+00
 1.58343431e+00
 1.58348484e+00
 1.58415340e+00
 1.58529837e+00
 1.58677722e+00
 1.58848875e+00
 1.59038976e+00
 1.59251117e+00
 1.59497995e+00
 1.59801256e+00
 1.60169904e+00
 1.60586873e+00
 1.61026659e+00
 1.61463736e+00
 1.61875106e+00
 1.62243803e+00
 1.62562142e+00
 1.62827991e+00
 1.63044716e+00
 1.63218486e+00
 1.63354551e+00
 1.63457565e+00
 1.63532686e+00
 1.63586100e+00
 1.63623792e+00
 1.63650715e+00
 1.63670648e+00
 1.63685815e+00
 1.63696154e+00
 1.63699937e+00
 1.58070723e+00
 1.58045293e+00
 1.58005567e+00
 1.58004370e+00
 1.58057088e+00
 1.58156442e+00
 1.58290381e+00
 1.58448326e+00
 1.58622629e+00
 1.58810762e+00
 1.59017560e+00
 1.59258414e+00
 1.59562243e+00
 1.59941303e+00
 1.60373223e+00
 1.60829329e+00
 1.61282124e+00
 1.61706927e+00
 1.62085361e+00
 1.62410289e+00
 1.62679493e+00
 1.62897088e+00
 1.63070349e+00
 1.63204631e+00
 1.63304347e+00
 1.63374463e+00
 1.63421695e+00
 1.63452663e+00
 1.63472742e+00
 1.63486074e+00
 1.63495523e+00
 1.63502147e+00
 1.63504749e+00
 1.57704616e+00
 1.57704252e+00
 1.57724664e+00
 1.57781172e+00
 1.57873626e+00
 1.57996903e+00
 1.58144175e+00
 1.58308744e+00
 1.58484954e+00
 1.58671547e+00
 1.58874493e+00
 1.59110631e+00
 1.59414482e+00
 1.59800713e+00
 1.60242450e+00
 1.60709096e+00
 1.61171951e+00
 1.61605313e+00
 1.61989754e+00
 1.62318756e+00
 1.62589908e+00
 1.62807873e+00
 1.62980774e+00
 1.63113987e+00
 1.63211732e+00
 1.63278727e+00
 1.63322067e+00
 1.63348796e+00
 1.63364477e+00
 1.63373308e+00
 1.63378253e+00
 1.63381106e+00
 1.63382246e+00
 1.57563100e+00
 1.57579141e+00
 1.57626892e+00
 1.57705142e+00
 1.57811726e+00
 1.57943294e+00
 1.58095135e+00
 1.58261948e+00
 1.58438771e+00
 1.58624772e+00
 1.58826316e+00
 1.59060659e+00
 1.59364452e+00
 1.59753262e+00
 1.60198421e+00
 1.60668713e+00
 1.61135031e+00
 1.61571337e+00
 1.61957803e+00
 1.62288187e+00
 1.62559975e+00
 1.62778032e+00
 1.62950805e+00
 1.63083666e+00
 1.63180760e+00
 1.63246695e+00
 1.63288707e+00
 1.63313994e+00
 1.63328176e+00
 1.63335456e+00
 1.63338787e+00
 1.63340081e+00
 1.63340400e+00
