 1.38958600e+00
 1.38926848e+00
 1.38831820e+00
 1.38674198e+00
 1.38455207e+00
 1.38176723e+00
 1.37841441e+00
 1.37453379e+00
 1.37017292e+00
 1.36536897e+00
 1.36013116e+00
 1.35444559e+00
 1.34827351e+00
 1.34150833e+00
 1.33406472e+00
 1.32594281e+00
 1.31725538e+00
 1.30815377e+00
 1.29878752e+00
 1.28935153e+00
 1.28007689e+00
 1.27121821e+00
 1.26306754e+00
 1.25586628e+00
 1.24974111e+00
 1.24474793e+00
 1.24085358e+00
 1.23790386e+00
 1.23570322e+00
 1.23411032e+00
 1.23302994e+00
 1.23240275e+00
 1.23219700e+00
 1.38905480e+00
 1.38879485e+00
 1.38794194e+00
 1.38644570e+00
 1.38431086e+00
 1.38156170e+00
 1.37823227e+00
 1.37436668e+00
 1.37001410e+00
 1.36521260e+00
 1.35997298e+00
 1.35428264e+00
 1.34810319e+00
 1.34133362e+00
 1.33389260e+00
 1.32578172e+00
 1.31711086e+00
 1.30802946e+00
 1.29868825e+00
 1.28928165e+00
 1.28003963e+00
 1.27121578e+00
 1.26309661e+00
 1.25591809e+00
 1.24980571e+00
 1.24481196e+00
 1.24089954e+00
 1.23791668e+00
 1.23567387e+00
 1.23403019e+00
 1.23289093e+00
 1.23220305e+00
 1.23196459e+00
 1.38765828e+00
 1.38748808e+00
 1.38685215e+00
 1.38556999e+00
 1.38359113e+00
 1.38094565e+00
 1.37768465e+00
 1.37386342e+00
 1.36953574e+00
 1.36474244e+00
 1.35949857e+00
 1.35379526e+00
 1.34759622e+00
 1.34081533e+00
 1.33338271e+00
 1.32530402e+00
 1.31668171e+00
 1.30766005e+00
 1.29839247e+00
 1.28907186e+00
 1.27992491e+00
 1.27120127e+00
 1.26317200e+00
 1.25605804e+00
 1.24998025e+00
 1.24498169e+00
 1.24101540e+00
 1.23793687e+00
 1.23557162e+00
 1.23378218e+00
 1.23248044e+00
 1.23164817e+00
 1.23135244e+00
 1.38589357e+00
 1.38576800e+00
 1.38528136e+00
 1.38421279e+00
 1.38242952e+00
 1.37993077e+00
 1.37677294e+00
 1.37302100e+00
 1.36873400e+00
 1.36395639e+00
 1.35870895e+00
 1.35298839e+00
 1.34676398e+00
 1.33996977e+00
 1.33255303e+00
 1.32452547e+00
 1.31598049e+00
 1.30705532e+00
 1.29790547e+00
 1.28872122e+00
 1.27972357e+00
 1.27115372e+00
 1.26326023e+00
 1.25624242e+00
 1.25021138e+00
 1.24519726e+00
 1.24114414e+00
 1.23791987e+00
 1.23537155e+00
 1.23337787e+00
 1.23188085e+00
 1.23091517e+00
 1.23057638e+00
 1.38428723e+00
 1.38413931e+00
 1.38362953e+00
 1.38260623e+00
 1.38093340e+00
 1.37856087e+00
 1.37551252e+00
 1.37184257e+00
 1.36760794e+00
 1.36285434e+00
 1.35760765e+00
 1.35187119e+00
 1.34562359e+00
 1.33882060e+00
 1.33142946e+00
 1.32346938e+00
 1.31502606e+00
 1.30622917e+00
 1.29723400e+00
 1.28822666e+00
 1.27941973e+00
 1.27104062e+00
 1.26331173e+00
 1.25640734e+00
 1.25042414e+00
 1.24537977e+00
 1.24121599e+00
 1.23782009e+00
 1.23507181e+00
 1.23288849e+00
 1.23125519e+00
 1.23022449e+00
 1.22986979e+00
 1.38298237e+00
 1.38275947e+00
 1.38208846e+00
 1.38093789e+00
 1.37923481e+00
 1.37690976e+00
 1.37393941e+00
 1.37034429e+00
 1.36616500e+00
 1.36144192e+00
 1.35620288e+00
 1.35045757e+00
 1.34419612e+00
 1.33739497e+00
 1.33004133e+00
 1.32216291e+00
 1.31384048e+00
 1.30519676e+00
 1.29638392e+00
 1.28758171e+00
 1.27899128e+00
 1.27082188e+00
 1.26326875e+00
 1.25648085e+00
 1.25053891e+00
 1.24545267e+00
 1.24117105e+00
 1.23760963e+00
 1.23469116e+00
 1.23237978e+00
 1.23068924e+00
 1.22965722e+00
 1.22931074e+00
 1.38140560e+00
 1.38115398e+00
 1.38040235e+00
 1.37915048e+00
 1.37737606e+00
 1.37503701e+00
 1.37209882e+00
 1.36855488e+00
 1.36442347e+00
 1.35973313e+00
 1.35450919e+00
 1.34876593e+00
 1.34250477e+00
 1.33572029e+00
 1.32841756e+00
 1.32063313e+00
 1.31244568e+00
 1.30397194e+00
 1.29535846e+00
 1.28677619e+00
 1.27841215e+00
 1.27045505e+00
 1.26307426e+00
 1.25639581e+00
 1.25048703e+00
 1.24535658e+00
 1.24096893e+00
 1.23727168e+00
 1.23422626e+00
 1.23182525e+00
 1.23008653e+00
 1.22903332e+00
 1.22868065e+00
 1.37944702e+00
 1.37919270e+00
 1.37842666e+00
 1.37714138e+00
 1.37532533e+00
 1.37296020e+00
 1.37002479e+00
 1.36650676e+00
 1.36240978e+00
 1.35775000e+00
 1.35254736e+00
 1.34681832e+00
 1.34057346e+00
 1.33382206e+00
 1.32658395e+00
 1.31890395e+00
 1.31086057e+00
 1.30256539e+00
 1.29415765e+00
 1.28579742e+00
 1.27765594e+00
 1.26990120e+00
 1.26267983e+00
 1.25609945e+00
 1.25021924e+00
 1.24505302e+00
 1.24058435e+00
 1.23678869e+00
 1.23365262e+00
 1.23118081e+00
 1.22939094e+00
 1.22830484e+00
 1.22794045e+00
 1.37727499e+00
 1.37701249e+00
 1.37622511e+00
 1.37491146e+00
 1.37306589e+00
 1.37067799e+00
 1.36773502e+00
 1.36422702e+00
 1.36015238e+00
 1.35551927e+00
 1.35034248e+00
 1.34463892e+00
 1.33842570e+00
 1.33172304e+00
 1.32456208e+00
 1.31699463e+00
 1.30909969e+00
 1.30098423e+00
 1.29277922e+00
 1.28463272e+00
 1.27669988e+00
 1.26912976e+00
 1.26205051e+00
 1.25555701e+00
 1.24970576e+00
 1.24451951e+00
 1.24000007e+00
 1.23614381e+00
 1.23295318e+00
 1.23044044e+00
 1.22862468e+00
 1.22752566e+00
 1.22715763e+00
 1.37484140e+00
 1.37457663e+00
 1.37378163e+00
 1.37245457e+00
 1.37059223e+00
 1.36818942e+00
 1.36523929e+00
 1.36173576e+00
 1.35767705e+00
 1.35306817e+00
 1.34792091e+00
 1.34225229e+00
 1.33608375e+00
 1.32944307e+00
 1.32236945e+00
 1.31491982e+00
 1.30717349e+00
 1.29923292e+00
 1.29122053e+00
 1.28327222e+00
 1.27552812e+00
 1.26812125e+00
 1.26116603e+00
 1.25474991e+00
 1.24893093e+00
 1.24374218e+00
 1.23920094e+00
 1.23531864e+00
 1.23210752e+00
 1.22958297e+00
 1.22776228e+00
 1.22666184e+00
 1.22629355e+00
 1.37218040e+00
 1.37191379e+00
 1.37111376e+00
 1.36977946e+00
 1.36790901e+00
 1.36549942e+00
 1.36254713e+00
 1.35904930e+00
 1.35500585e+00
 1.35042165e+00
 1.34530780e+00
 1.33968187e+00
 1.33356822e+00
 1.32699961e+00
 1.32002049e+00
 1.31269101e+00
 1.30508999e+00
 1.29731528e+00
 1.28948091e+00
 1.28171138e+00
 1.27413362e+00
 1.26686787e+00
 1.26001912e+00
 1.25367149e+00
 1.24788706e+00
 1.24270908e+00
 1.23816763e+00
 1.23428524e+00
 1.23108047e+00
 1.22856931e+00
 1.22676519e+00
 1.22567838e+00
 1.22531537e+00
 1.36930338e+00
 1.36903655e+00
 1.36823576e+00
 1.36690016e+00
 1.36502852e+00
 1.36261933e+00
 1.35967118e+00
 1.35618359e+00
 1.35215851e+00
 1.34760206e+00
 1.34252606e+00
 1.33694921e+00
 1.33089805e+00
 1.32440849e+00
 1.31752806e+00
 1.31031840e+00
 1.30285695e+00
 1.29523677e+00
 1.28756394e+00
 1.27995269e+00
 1.27251885e+00
 1.26537279e+00
 1.25861327e+00
 1.25232360e+00
 1.24657079e+00
 1.24140723e+00
 1.23687343e+00
 1.23300048e+00
 1.22981144e+00
 1.22732197e+00
 1.22554100e+00
 1.22447214e+00
 1.22411592e+00
 1.36623547e+00
 1.36596895e+00
 1.36516926e+00
 1.36383593e+00
 1.36196825e+00
 1.35956557e+00
 1.35662775e+00
 1.35315605e+00
 1.34915424e+00
 1.34463005e+00
 1.33959671e+00
 1.33407429e+00
 1.32809110e+00
 1.32168498e+00
 1.31490501e+00
 1.30781294e+00
 1.30048405e+00
 1.29300650e+00
 1.28547896e+00
 1.27800657e+00
 1.27069587e+00
 1.26364950e+00
 1.25696182e+00
 1.25071628e+00
 1.24498445e+00
 1.23982629e+00
 1.23529069e+00
 1.23141553e+00
 1.22822762e+00
 1.22574300e+00
 1.22396853e+00
 1.22290500e+00
 1.22255079e+00
 1.36299776e+00
 1.36273240e+00
 1.36193617e+00
 1.36060866e+00
 1.35874945e+00
 1.35635849e+00
 1.35343662e+00
 1.34998638e+00
 1.34601308e+00
 1.34152603e+00
 1.33653998e+00
 1.33107645e+00
 1.32516511e+00
 1.31884497e+00
 1.31216558e+00
 1.30518790e+00
 1.29798448e+00
 1.29063856e+00
 1.28324193e+00
 1.27589170e+00
 1.26868632e+00
 1.26172188e+00
 1.25508899e+00
 1.24887088e+00
 1.24314243e+00
 1.23796948e+00
 1.23340784e+00
 1.22950199e+00
 1.22628388e+00
 1.22377306e+00
 1.22197860e+00
 1.22090259e+00
 1.22054416e+00
 1.35961852e+00
 1.35935481e+00
 1.35856353e+00
 1.35724438e+00
 1.35539711e+00
 1.35302207e+00
 1.35012077e+00
 1.34669680e+00
 1.34275672e+00
 1.33831127e+00
 1.33337658e+00
 1.32797549e+00
 1.32213869e+00
 1.31590584e+00
 1.30932635e+00
 1.30245977e+00
 1.29537566e+00
 1.28815244e+00
 1.28087553e+00
 1.27363472e+00
 1.26652116e+00
 1.25962474e+00
 1.25303200e+00
 1.24682481e+00
 1.24107957e+00
 1.23586623e+00
 1.23124685e+00
 1.22727348e+00
 1.22398618e+00
 1.22141223e+00
 1.21956740e+00
 1.21845894e+00
 1.21808930e+00
 1.35612873e+00
 1.35586703e+00
 1.35508179e+00
 1.35377272e+00
 1.35193973e+00
 1.34958350e+00
 1.34670615e+00
 1.34331210e+00
 1.33940897e+00
 1.33500870e+00
 1.33012860e+00
 1.32479258e+00
 1.31903213e+00
 1.31288719e+00
 1.30640667e+00
 1.29964851e+00
 1.29267920e+00
 1.28557262e+00
 1.27840828e+00
 1.27126922e+00
 1.26423972e+00
 1.25740345e+00
 1.25084212e+00
 1.24463470e+00
 1.23885702e+00
 1.23358119e+00
 1.22887449e+00
 1.22479749e+00
 1.22140157e+00
 1.21872673e+00
 1.21680059e+00
 1.21563964e+00
 1.21525190e+00
 1.35256225e+00
 1.35230269e+00
 1.35152387e+00
 1.35022562e+00
 1.34840807e+00
 1.34607231e+00
 1.34322102e+00
 1.33985936e+00
 1.33599582e+00
 1.33164329e+00
 1.32682004e+00
 1.32155084e+00
 1.31586777e+00
 1.30981092e+00
 1.30342859e+00
 1.29677712e+00
 1.28992013e+00
 1.28292732e+00
 1.27587288e+00
 1.26883362e+00
 1.26188734e+00
 1.25511149e+00
 1.24858234e+00
 1.24237470e+00
 1.23656193e+00
 1.23121598e+00
 1.22640716e+00
 1.22220323e+00
 1.21866770e+00
 1.21585695e+00
 1.21381688e+00
 1.21258025e+00
 1.21216601e+00
 1.34895317e+00
 1.34869565e+00
 1.34792308e+00
 1.34663562e+00
 1.34483385e+00
 1.34251932e+00
 1.33969531e+00
 1.33636758e+00
 1.33254531e+00
 1.32824212e+00
 1.32347703e+00
 1.31827550e+00
 1.31267013e+00
 1.30670116e+00
 1.30041640e+00
 1.29387081e+00
 1.28712556e+00
 1.28024674e+00
 1.27330379e+00
 1.26636804e+00
 1.25951136e+00
 1.25280529e+00
 1.24632070e+00
 1.24012787e+00
 1.23429691e+00
 1.22889833e+00
 1.22400336e+00
 1.21968411e+00
 1.21601302e+00
 1.21306120e+00
 1.21089493e+00
 1.20956985e+00
 1.20912368e+00
 1.34533137e+00
 1.34507603e+00
 1.34431008e+00
 1.34303391e+00
 1.34124851e+00
 1.33895600e+00
 1.33616022e+00
 1.33286749e+00
 1.32908750e+00
 1.32483440e+00
 1.32012782e+00
 1.31499385e+00
 1.30946566e+00
 1.30358380e+00
 1.29739590e+00
 1.29095599e+00
 1.28432332e+00
 1.27756103e+00
 1.27073465e+00
 1.26391080e+00
 1.25715622e+00
 1.25053732e+00
 1.24412022e+00
 1.23797142e+00
 1.23215858e+00
 1.22675153e+00
 1.22182315e+00
 1.21744980e+00
 1.21371095e+00
 1.21068736e+00
 1.20845683e+00
 1.20708684e+00
 1.20662449e+00
 1.34173035e+00
 1.34147716e+00
 1.34071784e+00
 1.33945319e+00
 1.33768476e+00
 1.33541514e+00
 1.33264858e+00
 1.32939172e+00
 1.32565453e+00
 1.32145150e+00
 1.31680275e+00
 1.31173507e+00
 1.30628243e+00
 1.30048603e+00
 1.29439379e+00
 1.28805933e+00
 1.28154066e+00
 1.27489875e+00
 1.26819604e+00
 1.26149537e+00
 1.25485925e+00
 1.24834986e+00
 1.24202961e+00
 1.23596226e+00
 1.23021427e+00
 1.22485620e+00
 1.21996368e+00
 1.21561763e+00
 1.21190280e+00
 1.20890377e+00
 1.20669811e+00
 1.20534809e+00
 1.20489354e+00
 1.33818047e+00
 1.33792981e+00
 1.33717811e+00
 1.33592638e+00
 1.33417646e+00
 1.33193130e+00
 1.32919532e+00
 1.32597518e+00
 1.32228083e+00
 1.31812690e+00
 1.31353405e+00
 1.30852998e+00
 1.30314984e+00
 1.29743600e+00
 1.29143717e+00
 1.28520721e+00
 1.27880361e+00
 1.27228591e+00
 1.26571435e+00
 1.25914880e+00
 1.25264842e+00
 1.24627197e+00
 1.24007883e+00
 1.23413066e+00
 1.22849309e+00
 1.22323720e+00
 1.21843992e+00
 1.21418316e+00
 1.21055093e+00
 1.20762449e+00
 1.20547607e+00
 1.20416262e+00
 1.20372061e+00
 1.33471880e+00
 1.33447086e+00
 1.33372749e+00
 1.33249000e+00
 1.33076047e+00
 1.32854181e+00
 1.32583808e+00
 1.32265537e+00
 1.31900317e+00
 1.31489613e+00
 1.31035562e+00
 1.30541072e+00
 1.30009831e+00
 1.29446248e+00
 1.28855336e+00
 1.28242563e+00
 1.27613689e+00
 1.26974600e+00
 1.26331173e+00
 1.25689179e+00
 1.25054264e+00
 1.24432010e+00
 1.23828072e+00
 1.23248385e+00
 1.22699363e+00
 1.22188033e+00
 1.21722007e+00
 1.21309277e+00
 1.20957842e+00
 1.20675250e+00
 1.20468111e+00
 1.20341606e+00
 1.20299057e+00
 1.33137984e+00
 1.33113536e+00
 1.33040235e+00
 1.32918202e+00
 1.32747614e+00
 1.32528694e+00
 1.32261742e+00
 1.31947237e+00
 1.31586040e+00
 1.31179621e+00
 1.30730243e+00
 1.30241024e+00
 1.29715892e+00
 1.29159485e+00
 1.28577004e+00
 1.27974049e+00
 1.27356446e+00
 1.26730075e+00
 1.26100730e+00
 1.25474028e+00
 1.24855398e+00
 1.24250146e+00
 1.23663625e+00
 1.23101451e+00
 1.22569750e+00
 1.22075302e+00
 1.21625503e+00
 1.21228070e+00
 1.20890575e+00
 1.20619944e+00
 1.20422058e+00
 1.20301420e+00
 1.20260881e+00
 1.32820700e+00
 1.32796664e+00
 1.32724583e+00
 1.32604547e+00
 1.32436670e+00
 1.32221026e+00
 1.31957670e+00
 1.31646833e+00
 1.31289250e+00
 1.30886464e+00
 1.30440965e+00
 1.29956171e+00
 1.29436317e+00
 1.28886304e+00
 1.28311551e+00
 1.27717819e+00
 1.27111040e+00
 1.26497138e+00
 1.25881877e+00
 1.25270772e+00
 1.24669070e+00
 1.24081822e+00
 1.23514037e+00
 1.22970908e+00
 1.22458079e+00
 1.21981865e+00
 1.21549289e+00
 1.21167807e+00
 1.20844725e+00
 1.20586525e+00
 1.20398394e+00
 1.20284035e+00
 1.20245668e+00
 1.32524135e+00
 1.32500553e+00
 1.32429893e+00
 1.32312289e+00
 1.32147686e+00
 1.31935770e+00
 1.31676116e+00
 1.31368595e+00
 1.31013889e+00
 1.30613781e+00
 1.30171147e+00
 1.29689790e+00
 1.29174272e+00
 1.28629765e+00
 1.28061903e+00
 1.27476622e+00
 1.26879987e+00
 1.26277998e+00
 1.25676432e+00
 1.25080741e+00
 1.24496033e+00
 1.23927122e+00
 1.23378664e+00
 1.22855352e+00
 1.22362164e+00
 1.21904650e+00
 1.21489150e+00
 1.21122727e+00
 1.20812595e+00
 1.20565195e+00
 1.20385468e+00
 1.20276591e+00
 1.20240150e+00
 1.32250900e+00
 1.32228198e+00
 1.32159958e+00
 1.32045878e+00
 1.31885464e+00
 1.31677765e+00
 1.31421622e+00
 1.31116582e+00
 1.30763573e+00
 1.30364916e+00
 1.29924011e+00
 1.29445060e+00
 1.28932919e+00
 1.28392991e+00
 1.27831102e+00
 1.27253360e+00
 1.26665974e+00
 1.26075049e+00
 1.25486399e+00
 1.24905449e+00
 1.24337202e+00
 1.23786277e+00
 1.23257012e+00
 1.22753605e+00
 1.22280294e+00
 1.21841597e+00
 1.21442683e+00
 1.21089760e+00
 1.20789932e+00
 1.20550085e+00
 1.20375484e+00
 1.20269447e+00
 1.20233879e+00
 1.32009146e+00
 1.31986937e+00
 1.31920647e+00
 1.31810517e+00
 1.31655217e+00
 1.31451933e+00
 1.31198347e+00
 1.30894208e+00
 1.30541310e+00
 1.30142778e+00
 1.29702524e+00
 1.29225044e+00
 1.28715395e+00
 1.28179150e+00
 1.27622291e+00
 1.27051077e+00
 1.26471873e+00
 1.25890907e+00
 1.25314044e+00
 1.24746701e+00
 1.24193813e+00
 1.23659852e+00
 1.23148902e+00
 1.22664777e+00
 1.22211081e+00
 1.21791288e+00
 1.21408999e+00
 1.21068662e+00
 1.20776565e+00
 1.20540808e+00
 1.20368998e+00
 1.20265382e+00
 1.20230875e+00
 1.31790658e+00
 1.31770902e+00
 1.31711549e+00
 1.31610484e+00
 1.31462536e+00
 1.31262709e+00
 1.31009298e+00
 1.30703793e+00
 1.30349364e+00
 1.29949844e+00
 1.29509418e+00
 1.29032679e+00
 1.28524777e+00
 1.27991398e+00
 1.27438644e+00
 1.26872897e+00
 1.26300685e+00
 1.25728374e+00
 1.25161874e+00
 1.24606607e+00
 1.24067473e+00
 1.23548832e+00
 1.23054590e+00
 1.22588319e+00
 1.22153252e+00
 1.21752176e+00
 1.21387297e+00
 1.21060614e+00
 1.20775387e+00
 1.20538402e+00
 1.20360215e+00
 1.20250611e+00
 1.20213911e+00
 1.31607606e+00
 1.31593741e+00
 1.31547315e+00
 1.31457229e+00
 1.31313516e+00
 1.31112425e+00
 1.30855520e+00
 1.30546498e+00
 1.30189412e+00
 1.29788279e+00
 1.29347225e+00
 1.28870741e+00
 1.28364006e+00
 1.27832783e+00
 1.27283259e+00
 1.26721906e+00
 1.26155422e+00
 1.25590320e+00
 1.25032535e+00
 1.24487497e+00
 1.23960096e+00
 1.23454610e+00
 1.22974813e+00
 1.22524156e+00
 1.22105750e+00
 1.21722231e+00
 1.21375250e+00
 1.21065178e+00
 1.20791653e+00
 1.20556262e+00
 1.20367448e+00
 1.20242025e+00
 1.20197689e+00
 1.31505878e+00
 1.31493972e+00
 1.31450149e+00
 1.31358103e+00
 1.31207963e+00
 1.30999460e+00
 1.30736361e+00
 1.30422884e+00
 1.30062888e+00
 1.29660062e+00
 1.29218265e+00
 1.28741767e+00
 1.28235776e+00
 1.27706101e+00
 1.27159001e+00
 1.26600991e+00
 1.26038936e+00
 1.25479510e+00
 1.24928630e+00
 1.24391741e+00
 1.23873739e+00
 1.23378846e+00
 1.22910713e+00
 1.22472751e+00
 1.22068065e+00
 1.21699535e+00
 1.21369073e+00
 1.21077103e+00
 1.20822291e+00
 1.20602682e+00
 1.20421312e+00
 1.20294737e+00
 1.20248388e+00
 1.31477335e+00
 1.31462372e+00
 1.31408212e+00
 1.31301450e+00
 1.31138184e+00
 1.30920295e+00
 1.30651005e+00
 1.30333590e+00
 1.29971182e+00
 1.29566975e+00
 1.29124554e+00
 1.28647934e+00
 1.28142387e+00
 1.27613747e+00
 1.27068330e+00
 1.26512651e+00
 1.25953732e+00
 1.25398394e+00
 1.24852504e+00
 1.24321528e+00
 1.23810372e+00
 1.23323226e+00
 1.22863623e+00
 1.22434980e+00
 1.22040388e+00
 1.21683099e+00
 1.21365570e+00
 1.21089148e+00
 1.20853833e+00
 1.20658289e+00
 1.20502188e+00
 1.20393060e+00
 1.20351950e+00
 1.31484604e+00
 1.31463166e+00
 1.31393416e+00
 1.31271506e+00
 1.31097541e+00
 1.30872897e+00
 1.30599445e+00
 1.30279486e+00
 1.29915555e+00
 1.29510476e+00
 1.29067663e+00
 1.28590923e+00
 1.28085610e+00
 1.27557559e+00
 1.27013133e+00
 1.26458826e+00
 1.25901771e+00
 1.25348901e+00
 1.24806025e+00
 1.24278627e+00
 1.23771628e+00
 1.23289202e+00
 1.22834783e+00
 1.22411819e+00
 1.22023351e+00
 1.21672937e+00
 1.21363439e+00
 1.21096992e+00
 1.20875063e+00
 1.20698195e+00
 1.20566724e+00
 1.20482132e+00
 1.20451123e+00
 1.31491800e+00
 1.31466161e+00
 1.31389366e+00
 1.31261772e+00
 1.31084018e+00
 1.30857044e+00
 1.30582170e+00
 1.30261349e+00
 1.29896905e+00
 1.29491530e+00
 1.29048586e+00
 1.28571798e+00
 1.28066558e+00
 1.27538697e+00
 1.26994599e+00
 1.26440744e+00
 1.25884307e+00
 1.25332262e+00
 1.24790393e+00
 1.24264194e+00
 1.23758588e+00
 1.23277747e+00
 1.22825065e+00
 1.22404008e+00
 1.22017586e+00
 1.21669477e+00
 1.21362676e+00
 1.21099599e+00
 1.20882253e+00
 1.20711947e+00
 1.20589638e+00
 1.20515992e+00
 1.20491400e+00
