 1.53797300e+00
 1.53768937e+00
 1.53683967e+00
 1.53542752e+00
 1.53345871e+00
 1.53094125e+00
 1.52788506e+00
 1.52430282e+00
 1.52020786e+00
 1.51561813e+00
 1.51055642e+00
 1.50504902e+00
 1.49913658e+00
 1.49285655e+00
 1.48625939e+00
 1.47940515e+00
 1.47235827e+00
 1.46517750e+00
 1.45792547e+00
 1.45066971e+00
 1.44348578e+00
 1.43645265e+00
 1.42965132e+00
 1.42317435e+00
 1.41710558e+00
 1.41152872e+00
 1.40651990e+00
 1.40214990e+00
 1.39848244e+00
 1.39557067e+00
 1.39345812e+00
 1.39217722e+00
 1.39174800e+00
 1.53793248e+00
 1.53769176e+00
 1.53691442e+00
 1.53556124e+00
 1.53363238e+00
 1.53114003e+00
 1.52809955e+00
 1.52452717e+00
 1.52043860e+00
 1.51585296e+00
 1.51079366e+00
 1.50528776e+00
 1.49937546e+00
 1.49309498e+00
 1.48649669e+00
 1.47964050e+00
 1.47259058e+00
 1.46540616e+00
 1.45815015e+00
 1.45089046e+00
 1.44370271e+00
 1.43666610e+00
 1.42986225e+00
 1.42338325e+00
 1.41731370e+00
 1.41173770e+00
 1.40673269e+00
 1.40237147e+00
 1.39872106e+00
 1.39583972e+00
 1.39377503e+00
 1.39255488e+00
 1.39216225e+00
 1.53795354e+00
 1.53777950e+00
 1.53716309e+00
 1.53596756e+00
 1.53415184e+00
 1.53173255e+00
 1.52873828e+00
 1.52519526e+00
 1.52112575e+00
 1.51655237e+00
 1.51150038e+00
 1.50599885e+00
 1.50008715e+00
 1.49380530e+00
 1.48720363e+00
 1.48034161e+00
 1.47328276e+00
 1.46608760e+00
 1.45881991e+00
 1.45154857e+00
 1.44434956e+00
 1.43730272e+00
 1.43049124e+00
 1.42400629e+00
 1.41793436e+00
 1.41236093e+00
 1.40736712e+00
 1.40303150e+00
 1.39943033e+00
 1.39663454e+00
 1.39469676e+00
 1.39360999e+00
 1.39327308e+00
 1.53839365e+00
 1.53825227e+00
 1.53774534e+00
 1.53670585e+00
 1.53503106e+00
 1.53271478e+00
 1.52979039e+00
 1.52629376e+00
 1.52225501e+00
 1.51770165e+00
 1.51266189e+00
 1.50716731e+00
 1.50125692e+00
 1.49497280e+00
 1.48836548e+00
 1.48149383e+00
 1.47442074e+00
 1.46720838e+00
 1.45992196e+00
 1.45263179e+00
 1.44541457e+00
 1.43835126e+00
 1.43152694e+00
 1.42503226e+00
 1.41895606e+00
 1.41338627e+00
 1.40840900e+00
 1.40411006e+00
 1.40057506e+00
 1.39788081e+00
 1.39606190e+00
 1.39505941e+00
 1.39474710e+00
 1.53962316e+00
 1.53946416e+00
 1.53893719e+00
 1.53792686e+00
 1.53632807e+00
 1.53409802e+00
 1.53124692e+00
 1.52780520e+00
 1.52380529e+00
 1.51927814e+00
 1.51425483e+00
 1.50876932e+00
 1.50286100e+00
 1.49657374e+00
 1.48995851e+00
 1.48307366e+00
 1.47598174e+00
 1.46874663e+00
 1.46143535e+00
 1.45411997e+00
 1.44687831e+00
 1.43979285e+00
 1.43295043e+00
 1.42644201e+00
 1.42035859e+00
 1.41479080e+00
 1.40982853e+00
 1.40556041e+00
 1.40206880e+00
 1.39941236e+00
 1.39759612e+00
 1.39656134e+00
 1.39622852e+00
 1.54171717e+00
 1.54150104e+00
 1.54085026e+00
 1.53973937e+00
 1.53811053e+00
 1.53590702e+00
 1.53310495e+00
 1.52971198e+00
 1.52575167e+00
 1.52125329e+00
 1.51624883e+00
 1.51077363e+00
 1.50486775e+00
 1.49857636e+00
 1.49195099e+00
 1.48504971e+00
 1.47793515e+00
 1.47067275e+00
 1.46333156e+00
 1.45598555e+00
 1.44871403e+00
 1.44160114e+00
 1.43473527e+00
 1.42820812e+00
 1.42211218e+00
 1.41653932e+00
 1.41157895e+00
 1.40731336e+00
 1.40380695e+00
 1.40109100e+00
 1.39916082e+00
 1.39800111e+00
 1.39761257e+00
 1.54420673e+00
 1.54396785e+00
 1.54325304e+00
 1.54206039e+00
 1.54037020e+00
 1.53814672e+00
 1.53535878e+00
 1.53199570e+00
 1.52806689e+00
 1.52359457e+00
 1.51860831e+00
 1.51314306e+00
 1.50723909e+00
 1.50094227e+00
 1.49430455e+00
 1.48738403e+00
 1.48024370e+00
 1.47295046e+00
 1.46557534e+00
 1.45819424e+00
 1.45088816e+00
 1.44374279e+00
 1.43684780e+00
 1.43029543e+00
 1.42417838e+00
 1.41858728e+00
 1.41360673e+00
 1.40930858e+00
 1.40574361e+00
 1.40293935e+00
 1.40091167e+00
 1.39968006e+00
 1.39926628e+00
 1.54695934e+00
 1.54671718e+00
 1.54598788e+00
 1.54476417e+00
 1.54303461e+00
 1.54078166e+00
 1.53798496e+00
 1.53463098e+00
 1.53071996e+00
 1.52626597e+00
 1.52129374e+00
 1.51583595e+00
 1.50993207e+00
 1.50362790e+00
 1.49697558e+00
 1.49003333e+00
 1.48286468e+00
 1.47553787e+00
 1.46812572e+00
 1.46070596e+00
 1.45336120e+00
 1.44617848e+00
 1.43924823e+00
 1.43266272e+00
 1.42651354e+00
 1.42088837e+00
 1.41586647e+00
 1.41151390e+00
 1.40788152e+00
 1.40500868e+00
 1.40292886e+00
 1.40166955e+00
 1.40124793e+00
 1.55004394e+00
 1.54979458e+00
 1.54904592e+00
 1.54779508e+00
 1.54603498e+00
 1.54375429e+00
 1.54093959e+00
 1.53758009e+00
 1.53367311e+00
 1.52922720e+00
 1.52426209e+00
 1.51880718e+00
 1.51290013e+00
 1.50658596e+00
 1.49991659e+00
 1.49295034e+00
 1.48575130e+00
 1.47838884e+00
 1.47093732e+00
 1.46347606e+00
 1.45608906e+00
 1.44886433e+00
 1.44189265e+00
 1.43526572e+00
 1.42907349e+00
 1.42340090e+00
 1.41832444e+00
 1.41390993e+00
 1.41021283e+00
 1.40728032e+00
 1.40515245e+00
 1.40386125e+00
 1.40342827e+00
 1.55336560e+00
 1.55311316e+00
 1.55235474e+00
 1.55108712e+00
 1.54930504e+00
 1.54700105e+00
 1.54416639e+00
 1.54079359e+00
 1.53688031e+00
 1.53243262e+00
 1.52746667e+00
 1.52200868e+00
 1.51609405e+00
 1.50976654e+00
 1.50307747e+00
 1.49608508e+00
 1.48885391e+00
 1.48145423e+00
 1.47396164e+00
 1.46645675e+00
 1.45902460e+00
 1.45175385e+00
 1.44473531e+00
 1.43805996e+00
 1.43181648e+00
 1.42608853e+00
 1.42095254e+00
 1.41647677e+00
 1.41272149e+00
 1.40973941e+00
 1.40757493e+00
 1.40626205e+00
 1.40582203e+00
 1.55688269e+00
 1.55662751e+00
 1.55586105e+00
 1.55458055e+00
 1.55278153e+00
 1.55045819e+00
 1.54760428e+00
 1.54421484e+00
 1.54028873e+00
 1.53583146e+00
 1.53085723e+00
 1.52538988e+00
 1.51946274e+00
 1.51311811e+00
 1.50640652e+00
 1.49938597e+00
 1.49212123e+00
 1.48468324e+00
 1.47714851e+00
 1.46959860e+00
 1.46211932e+00
 1.45479971e+00
 1.44773054e+00
 1.44100237e+00
 1.43470343e+00
 1.42891754e+00
 1.42372263e+00
 1.41918990e+00
 1.41538338e+00
 1.41235906e+00
 1.41016336e+00
 1.40883129e+00
 1.40838478e+00
 1.56053819e+00
 1.56028082e+00
 1.55950788e+00
 1.55821686e+00
 1.55640379e+00
 1.55406373e+00
 1.55119176e+00
 1.54778441e+00
 1.54384169e+00
 1.53936932e+00
 1.53438073e+00
 1.52889829e+00
 1.52295381e+00
 1.51658829e+00
 1.50985144e+00
 1.50280088e+00
 1.49550149e+00
 1.48802460e+00
 1.48044737e+00
 1.47285200e+00
 1.46532482e+00
 1.45795518e+00
 1.45083389e+00
 1.44405157e+00
 1.43769675e+00
 1.43185430e+00
 1.42660406e+00
 1.42201988e+00
 1.41816841e+00
 1.41510776e+00
 1.41288569e+00
 1.41153780e+00
 1.41108603e+00
 1.56427285e+00
 1.56401396e+00
 1.56323632e+00
 1.56193720e+00
 1.56011262e+00
 1.55775794e+00
 1.55486896e+00
 1.55144321e+00
 1.54748161e+00
 1.54299038e+00
 1.53798280e+00
 1.53248056e+00
 1.52651450e+00
 1.52012470e+00
 1.51336014e+00
 1.50627812e+00
 1.49894344e+00
 1.49142769e+00
 1.48380842e+00
 1.47616824e+00
 1.46859387e+00
 1.46117491e+00
 1.45400245e+00
 1.44716748e+00
 1.44075936e+00
 1.43486426e+00
 1.42956387e+00
 1.42493403e+00
 1.42104326e+00
 1.41795100e+00
 1.41570587e+00
 1.41434395e+00
 1.41388747e+00
 1.56803842e+00
 1.56777800e+00
 1.56699578e+00
 1.56568896e+00
 1.56385349e+00
 1.56148482e+00
 1.55857908e+00
 1.55513435e+00
 1.55115222e+00
 1.54663943e+00
 1.54160944e+00
 1.53608374e+00
 1.53009269e+00
 1.52367583e+00
 1.51688168e+00
 1.50976723e+00
 1.50239726e+00
 1.49484344e+00
 1.48718354e+00
 1.47950044e+00
 1.47188112e+00
 1.46441547e+00
 1.45719495e+00
 1.45031117e+00
 1.44385441e+00
 1.43791217e+00
 1.43256765e+00
 1.42789822e+00
 1.42397365e+00
 1.42085432e+00
 1.41858947e+00
 1.41721558e+00
 1.41675509e+00
 1.57178515e+00
 1.57152321e+00
 1.57073635e+00
 1.56942168e+00
 1.56757506e+00
 1.56519201e+00
 1.56226889e+00
 1.55880420e+00
 1.55480002e+00
 1.55026355e+00
 1.54520856e+00
 1.53965663e+00
 1.53363802e+00
 1.52719207e+00
 1.52036708e+00
 1.51321994e+00
 1.50581536e+00
 1.49822510e+00
 1.49052701e+00
 1.48280412e+00
 1.47514360e+00
 1.46763557e+00
 1.46037190e+00
 1.45344483e+00
 1.44694555e+00
 1.44096268e+00
 1.43558062e+00
 1.43087788e+00
 1.42692518e+00
 1.42378358e+00
 1.42150271e+00
 1.42011921e+00
 1.41965552e+00
 1.57546798e+00
 1.57520423e+00
 1.57441197e+00
 1.57308835e+00
 1.57122934e+00
 1.56883066e+00
 1.56588892e+00
 1.56240296e+00
 1.55837523e+00
 1.55381331e+00
 1.54873131e+00
 1.54315107e+00
 1.53710305e+00
 1.53062667e+00
 1.52377031e+00
 1.51659089e+00
 1.50915318e+00
 1.50152896e+00
 1.49379614e+00
 1.48603778e+00
 1.47834111e+00
 1.47079642e+00
 1.46349589e+00
 1.45653229e+00
 1.44999754e+00
 1.44398110e+00
 1.43856831e+00
 1.43383846e+00
 1.42986294e+00
 1.42670325e+00
 1.42440929e+00
 1.42301785e+00
 1.42255150e+00
 1.57904192e+00
 1.57877602e+00
 1.57797739e+00
 1.57664351e+00
 1.57477074e+00
 1.57235513e+00
 1.56939357e+00
 1.56588515e+00
 1.56183256e+00
 1.55724372e+00
 1.55213310e+00
 1.54652300e+00
 1.54044426e+00
 1.53393671e+00
 1.52704905e+00
 1.51983845e+00
 1.51236981e+00
 1.50471497e+00
 1.49695182e+00
 1.48916334e+00
 1.48143668e+00
 1.47386214e+00
 1.46653207e+00
 1.45953953e+00
 1.45297693e+00
 1.44693434e+00
 1.44149770e+00
 1.43674689e+00
 1.43275374e+00
 1.42958011e+00
 1.42727611e+00
 1.42587865e+00
 1.42541030e+00
 1.58246012e+00
 1.58219207e+00
 1.58138712e+00
 1.58004301e+00
 1.57815643e+00
 1.57572373e+00
 1.57274200e+00
 1.56921049e+00
 1.56513214e+00
 1.56051519e+00
 1.55537463e+00
 1.54973337e+00
 1.54362297e+00
 1.53708393e+00
 1.53016554e+00
 1.52292540e+00
 1.51542868e+00
 1.50774730e+00
 1.49995903e+00
 1.49214664e+00
 1.48439705e+00
 1.47680033e+00
 1.46944873e+00
 1.46243540e+00
 1.45585295e+00
 1.44979179e+00
 1.44433822e+00
 1.43957248e+00
 1.43556671e+00
 1.43238299e+00
 1.43007162e+00
 1.42866965e+00
 1.42819978e+00
 1.58568247e+00
 1.58541264e+00
 1.58460236e+00
 1.58324935e+00
 1.58135029e+00
 1.57890150e+00
 1.57590009e+00
 1.57234538e+00
 1.56824058e+00
 1.56359440e+00
 1.55842259e+00
 1.55274895e+00
 1.54660608e+00
 1.54003544e+00
 1.53308720e+00
 1.52581960e+00
 1.51829817e+00
 1.51059490e+00
 1.50278738e+00
 1.49495800e+00
 1.48719318e+00
 1.47958253e+00
 1.47221792e+00
 1.46519226e+00
 1.45859814e+00
 1.45252604e+00
 1.44706247e+00
 1.44228785e+00
 1.43827452e+00
 1.43508475e+00
 1.43276897e+00
 1.43136433e+00
 1.43089356e+00
 1.58868291e+00
 1.58841170e+00
 1.58759716e+00
 1.58623673e+00
 1.58432666e+00
 1.58186289e+00
 1.57884224e+00
 1.57526403e+00
 1.57113179e+00
 1.56645495e+00
 1.56125026e+00
 1.55554282e+00
 1.54936657e+00
 1.54276429e+00
 1.53578726e+00
 1.52849455e+00
 1.52095214e+00
 1.51323207e+00
 1.50541164e+00
 1.49757264e+00
 1.48980075e+00
 1.48218481e+00
 1.47481595e+00
 1.46778659e+00
 1.46118897e+00
 1.45511348e+00
 1.44964664e+00
 1.44486902e+00
 1.44085306e+00
 1.43766114e+00
 1.43534378e+00
 1.43393815e+00
 1.43346706e+00
 1.59144885e+00
 1.59117651e+00
 1.59035838e+00
 1.58899133e+00
 1.58707089e+00
 1.58459225e+00
 1.58155178e+00
 1.57794877e+00
 1.57378720e+00
 1.56907748e+00
 1.56383773e+00
 1.55809467e+00
 1.55188392e+00
 1.54524989e+00
 1.53824519e+00
 1.53092985e+00
 1.52337040e+00
 1.51563888e+00
 1.50781214e+00
 1.49997117e+00
 1.49220060e+00
 1.48458814e+00
 1.47722389e+00
 1.47019938e+00
 1.46360625e+00
 1.45753458e+00
 1.45207085e+00
 1.44729569e+00
 1.44328166e+00
 1.44009119e+00
 1.43777485e+00
 1.43636983e+00
 1.43589893e+00
 1.59397903e+00
 1.59370551e+00
 1.59288357e+00
 1.59150938e+00
 1.58957751e+00
 1.58708235e+00
 1.58401979e+00
 1.58038915e+00
 1.57619513e+00
 1.57144937e+00
 1.56617172e+00
 1.56039083e+00
 1.55414428e+00
 1.54747830e+00
 1.54044702e+00
 1.53311161e+00
 1.52553911e+00
 1.51780156e+00
 1.50997517e+00
 1.50213988e+00
 1.49437898e+00
 1.48677872e+00
 1.47942779e+00
 1.47241646e+00
 1.46583544e+00
 1.45977428e+00
 1.45431935e+00
 1.44955140e+00
 1.44554323e+00
 1.44235739e+00
 1.44004445e+00
 1.43864153e+00
 1.43817134e+00
 1.59627892e+00
 1.59600374e+00
 1.59517661e+00
 1.59379307e+00
 1.59184688e+00
 1.58933169e+00
 1.58624303e+00
 1.58258051e+00
 1.57834977e+00
 1.57356409e+00
 1.56824529e+00
 1.56242420e+00
 1.55614051e+00
 1.54944239e+00
 1.54238565e+00
 1.53503265e+00
 1.52745104e+00
 1.51971274e+00
 1.51189315e+00
 1.50407092e+00
 1.49632769e+00
 1.48874799e+00
 1.48141872e+00
 1.47442854e+00
 1.46786680e+00
 1.46182220e+00
 1.45638082e+00
 1.45162369e+00
 1.44762403e+00
 1.44444482e+00
 1.44213674e+00
 1.44073687e+00
 1.44026773e+00
 1.59835367e+00
 1.59807620e+00
 1.59724200e+00
 1.59584610e+00
 1.59388165e+00
 1.59134177e+00
 1.58822195e+00
 1.58452240e+00
 1.58025016e+00
 1.57542047e+00
 1.57005740e+00
 1.56419400e+00
 1.55787211e+00
 1.55114186e+00
 1.54406081e+00
 1.53669263e+00
 1.52910564e+00
 1.52137154e+00
 1.51356473e+00
 1.50576228e+00
 1.49804399e+00
 1.49049242e+00
 1.48319250e+00
 1.47623092e+00
 1.46969522e+00
 1.46367269e+00
 1.45824876e+00
 1.45350471e+00
 1.44951463e+00
 1.44634236e+00
 1.44403910e+00
 1.44264205e+00
 1.44217384e+00
 1.60020704e+00
 1.59992661e+00
 1.59908339e+00
 1.59767204e+00
 1.59568521e+00
 1.59311573e+00
 1.58995940e+00
 1.58621760e+00
 1.58189934e+00
 1.57702219e+00
 1.57161254e+00
 1.56570557e+00
 1.55934508e+00
 1.55258309e+00
 1.54547896e+00
 1.53809785e+00
 1.53050885e+00
 1.52278335e+00
 1.51499451e+00
 1.50721755e+00
 1.49953026e+00
 1.49201313e+00
 1.48474911e+00
 1.47782279e+00
 1.47131951e+00
 1.46532442e+00
 1.45992148e+00
 1.45519181e+00
 1.45121075e+00
 1.44804396e+00
 1.44574420e+00
 1.44434939e+00
 1.44388200e+00
 1.60184168e+00
 1.60155787e+00
 1.60070417e+00
 1.59927463e+00
 1.59726153e+00
 1.59465779e+00
 1.59146003e+00
 1.58767152e+00
 1.58330389e+00
 1.57837733e+00
 1.57292036e+00
 1.56696991e+00
 1.56057140e+00
 1.55377860e+00
 1.54665276e+00
 1.53926075e+00
 1.53167262e+00
 1.52395938e+00
 1.51619261e+00
 1.50844542e+00
 1.50079348e+00
 1.49331528e+00
 1.48609194e+00
 1.47920617e+00
 1.47274109e+00
 1.46677911e+00
 1.46140138e+00
 1.45668753e+00
 1.45271394e+00
 1.44954918e+00
 1.44724862e+00
 1.44585201e+00
 1.44538369e+00
 1.60326349e+00
 1.60297506e+00
 1.60210806e+00
 1.60065730e+00
 1.59861481e+00
 1.59597310e+00
 1.59273000e+00
 1.58889186e+00
 1.58447364e+00
 1.57949805e+00
 1.57399516e+00
 1.56800300e+00
 1.56156825e+00
 1.55474623e+00
 1.54760018e+00
 1.54019902e+00
 1.53261404e+00
 1.52491575e+00
 1.51717377e+00
 1.50945884e+00
 1.50184448e+00
 1.49440737e+00
 1.48722704e+00
 1.48038491e+00
 1.47396242e+00
 1.46803930e+00
 1.46269277e+00
 1.45799824e+00
 1.45403083e+00
 1.45086386e+00
 1.44856063e+00
 1.44716436e+00
 1.44669687e+00
 1.60445867e+00
 1.60416728e+00
 1.60329092e+00
 1.60182216e+00
 1.59975019e+00
 1.59706778e+00
 1.59377680e+00
 1.58988852e+00
 1.58542148e+00
 1.58040005e+00
 1.57485490e+00
 1.56882455e+00
 1.56235659e+00
 1.55550770e+00
 1.54834317e+00
 1.54093428e+00
 1.53335402e+00
 1.52567225e+00
 1.51795611e+00
 1.51027385e+00
 1.50269694e+00
 1.49530041e+00
 1.48816255e+00
 1.48136415e+00
 1.47498590e+00
 1.46910596e+00
 1.46379810e+00
 1.45913133e+00
 1.45517271e+00
 1.45199251e+00
 1.44966329e+00
 1.44824497e+00
 1.44776954e+00
 1.60543748e+00
 1.60514640e+00
 1.60426603e+00
 1.60278010e+00
 1.60067494e+00
 1.59794824e+00
 1.59460900e+00
 1.59067361e+00
 1.58616288e+00
 1.58110152e+00
 1.57551985e+00
 1.56945634e+00
 1.56295943e+00
 1.55608676e+00
 1.54890586e+00
 1.54149039e+00
 1.53391565e+00
 1.52625062e+00
 1.51855953e+00
 1.51090810e+00
 1.50336607e+00
 1.49600700e+00
 1.48890808e+00
 1.48215015e+00
 1.47581402e+00
 1.46997781e+00
 1.46471416e+00
 1.46008792e+00
 1.45615618e+00
 1.45297438e+00
 1.45060913e+00
 1.44914124e+00
 1.44864230e+00
 1.60624546e+00
 1.60595048e+00
 1.60505511e+00
 1.60353902e+00
 1.60139215e+00
 1.59861994e+00
 1.59523666e+00
 1.59126124e+00
 1.58671494e+00
 1.58162157e+00
 1.57601062e+00
 1.56992011e+00
 1.56339960e+00
 1.55650709e+00
 1.54931244e+00
 1.54189142e+00
 1.53432222e+00
 1.52667266e+00
 1.51900383e+00
 1.51137919e+00
 1.50386709e+00
 1.49653999e+00
 1.48947386e+00
 1.48275018e+00
 1.47645025e+00
 1.47065318e+00
 1.46543272e+00
 1.46085438e+00
 1.45697293e+00
 1.45383375e+00
 1.45148763e+00
 1.45001462e+00
 1.44950915e+00
 1.60687142e+00
 1.60656757e+00
 1.60564489e+00
 1.60408893e+00
 1.60190018e+00
 1.59908933e+00
 1.59567167e+00
 1.59166652e+00
 1.58709453e+00
 1.58197811e+00
 1.57634596e+00
 1.57023547e+00
 1.56369761e+00
 1.55679001e+00
 1.54958491e+00
 1.54215946e+00
 1.53459502e+00
 1.52695808e+00
 1.51930682e+00
 1.51170292e+00
 1.50421380e+00
 1.49691116e+00
 1.48986965e+00
 1.48317182e+00
 1.47689928e+00
 1.47113242e+00
 1.46594680e+00
 1.46141092e+00
 1.45758397e+00
 1.45451348e+00
 1.45224039e+00
 1.45081801e+00
 1.45032772e+00
 1.60727366e+00
 1.60695840e+00
 1.60600689e+00
 1.60441857e+00
 1.60220089e+00
 1.59936534e+00
 1.59592632e+00
 1.59190319e+00
 1.58731591e+00
 1.58218569e+00
 1.57654080e+00
 1.57041797e+00
 1.56386957e+00
 1.55695245e+00
 1.54974084e+00
 1.54231243e+00
 1.53475122e+00
 1.52712258e+00
 1.51948259e+00
 1.51189180e+00
 1.50441711e+00
 1.49712987e+00
 1.49010355e+00
 1.48342174e+00
 1.47716612e+00
 1.47141805e+00
 1.46625440e+00
 1.46174609e+00
 1.45795699e+00
 1.45494037e+00
 1.45273925e+00
 1.45138899e+00
 1.45092842e+00
 1.60741300e+00
 1.60709120e+00
 1.60612764e+00
 1.60452770e+00
 1.60230010e+00
 1.59945623e+00
 1.59601002e+00
 1.59198092e+00
 1.58738860e+00
 1.58225379e+00
 1.57660466e+00
 1.57047765e+00
 1.56392573e+00
 1.55700534e+00
 1.54979152e+00
 1.54236206e+00
 1.53480200e+00
 1.52717625e+00
 1.51954014e+00
 1.51195384e+00
 1.50448407e+00
 1.49720209e+00
 1.49018089e+00
 1.48350451e+00
 1.47725459e+00
 1.47151287e+00
 1.46635664e+00
 1.46185770e+00
 1.45808158e+00
 1.45508393e+00
 1.45290962e+00
 1.45159160e+00
 1.45115000e+00
