 1.39385800e+00
 1.39370137e+00
 1.39323351e+00
 1.39246035e+00
 1.39139119e+00
 1.39003801e+00
 1.38841431e+00
 1.38653411e+00
 1.38441110e+00
 1.38205757e+00
 1.37948848e+00
 1.37672002e+00
 1.37377205e+00
 1.37064677e+00
 1.36734916e+00
 1.36388781e+00
 1.36028068e+00
 1.35654903e+00
 1.35271545e+00
 1.34882548e+00
 1.34491840e+00
 1.34103320e+00
 1.33721116e+00
 1.33350668e+00
 1.32998162e+00
 1.32670257e+00
 1.32373290e+00
 1.32112952e+00
 1.31893997e+00
 1.31720055e+00
 1.31593882e+00
 1.31517415e+00
 1.31491800e+00
 1.39343105e+00
 1.39329390e+00
 1.39285952e+00
 1.39211475e+00
 1.39106615e+00
 1.38972719e+00
 1.38811357e+00
 1.38624079e+00
 1.38412343e+00
 1.38177451e+00
 1.37920912e+00
 1.37644363e+00
 1.37349723e+00
 1.37037311e+00
 1.36707651e+00
 1.36361635e+00
 1.36001047e+00
 1.35628012e+00
 1.35244858e+00
 1.34856033e+00
 1.34465477e+00
 1.34077098e+00
 1.33695069e+00
 1.33324796e+00
 1.32972418e+00
 1.32644477e+00
 1.32347153e+00
 1.32085880e+00
 1.31865003e+00
 1.31687601e+00
 1.31555990e+00
 1.31472630e+00
 1.31442868e+00
 1.39221443e+00
 1.39210834e+00
 1.39174969e+00
 1.39108169e+00
 1.39009178e+00
 1.38879456e+00
 1.38721084e+00
 1.38536030e+00
 1.38326003e+00
 1.38092497e+00
 1.37837078e+00
 1.37561421e+00
 1.37267295e+00
 1.36955262e+00
 1.36625936e+00
 1.36280296e+00
 1.35920103e+00
 1.35547487e+00
 1.35164941e+00
 1.34776650e+00
 1.34386573e+00
 1.33998648e+00
 1.33617157e+00
 1.33247420e+00
 1.32895415e+00
 1.32567359e+00
 1.32268973e+00
 1.32004958e+00
 1.31778531e+00
 1.31591403e+00
 1.31445363e+00
 1.31346853e+00
 1.31310765e+00
 1.39037084e+00
 1.39028195e+00
 1.38997955e+00
 1.38939237e+00
 1.38847927e+00
 1.38724337e+00
 1.38570654e+00
 1.38389212e+00
 1.38182028e+00
 1.37950837e+00
 1.37697308e+00
 1.37423147e+00
 1.37129995e+00
 1.36818693e+00
 1.36490015e+00
 1.36145068e+00
 1.35785598e+00
 1.35413766e+00
 1.35032233e+00
 1.34644892e+00
 1.34255688e+00
 1.33868619e+00
 1.33488078e+00
 1.33119262e+00
 1.32767887e+00
 1.32439689e+00
 1.32139727e+00
 1.31871769e+00
 1.31637894e+00
 1.31439210e+00
 1.31279613e+00
 1.31171477e+00
 1.31132569e+00
 1.38807518e+00
 1.38798233e+00
 1.38768195e+00
 1.38712404e+00
 1.38626450e+00
 1.38508856e+00
 1.38360653e+00
 1.38183846e+00
 1.37980505e+00
 1.37752516e+00
 1.37501646e+00
 1.37229619e+00
 1.36938014e+00
 1.36627922e+00
 1.36300327e+00
 1.35956483e+00
 1.35598160e+00
 1.35227574e+00
 1.34847501e+00
 1.34461598e+00
 1.34073768e+00
 1.33688078e+00
 1.33308991e+00
 1.32941563e+00
 1.32591189e+00
 1.32263103e+00
 1.31961792e+00
 1.31690583e+00
 1.31451861e+00
 1.31248837e+00
 1.31088820e+00
 1.30984230e+00
 1.30947599e+00
 1.38538294e+00
 1.38526936e+00
 1.38492708e+00
 1.38434409e+00
 1.38349525e+00
 1.38235783e+00
 1.38092556e+00
 1.37920727e+00
 1.37721904e+00
 1.37497866e+00
 1.37250379e+00
 1.36981155e+00
 1.36691764e+00
 1.36383494e+00
 1.36057548e+00
 1.35715342e+00
 1.35358708e+00
 1.34989932e+00
 1.34611854e+00
 1.34227977e+00
 1.33842156e+00
 1.33458506e+00
 1.33081521e+00
 1.32716118e+00
 1.32367408e+00
 1.32040301e+00
 1.31739177e+00
 1.31467966e+00
 1.31231048e+00
 1.31034759e+00
 1.30887565e+00
 1.30797031e+00
 1.30766672e+00
 1.38212392e+00
 1.38200427e+00
 1.38164558e+00
 1.38104571e+00
 1.38019508e+00
 1.37907853e+00
 1.37768484e+00
 1.37601329e+00
 1.37407263e+00
 1.37187688e+00
 1.36944205e+00
 1.36678454e+00
 1.36391999e+00
 1.36086270e+00
 1.35762665e+00
 1.35422761e+00
 1.35068484e+00
 1.34702194e+00
 1.34326768e+00
 1.33945627e+00
 1.33562588e+00
 1.33181795e+00
 1.32807748e+00
 1.32445267e+00
 1.32099317e+00
 1.31774785e+00
 1.31476445e+00
 1.31209317e+00
 1.30979294e+00
 1.30793164e+00
 1.30657102e+00
 1.30574767e+00
 1.30547284e+00
 1.37827849e+00
 1.37816097e+00
 1.37780665e+00
 1.37721104e+00
 1.37636784e+00
 1.37526888e+00
 1.37390619e+00
 1.37227621e+00
 1.37038227e+00
 1.36823374e+00
 1.36584376e+00
 1.36322719e+00
 1.36039932e+00
 1.35737527e+00
 1.35417053e+00
 1.35080232e+00
 1.34729096e+00
 1.34366083e+00
 1.33994100e+00
 1.33616534e+00
 1.33237189e+00
 1.32860227e+00
 1.32490155e+00
 1.32131771e+00
 1.31790051e+00
 1.31470076e+00
 1.31177102e+00
 1.30916727e+00
 1.30694816e+00
 1.30516830e+00
 1.30386958e+00
 1.30307944e+00
 1.30281415e+00
 1.37391928e+00
 1.37380182e+00
 1.37344886e+00
 1.37285820e+00
 1.37202554e+00
 1.37094501e+00
 1.36961062e+00
 1.36801862e+00
 1.36616959e+00
 1.36406924e+00
 1.36172758e+00
 1.35915744e+00
 1.35637328e+00
 1.35339048e+00
 1.35022553e+00
 1.34689682e+00
 1.34342570e+00
 1.33983727e+00
 1.33616096e+00
 1.33243068e+00
 1.32868447e+00
 1.32496420e+00
 1.32131520e+00
 1.31778581e+00
 1.31442672e+00
 1.31129069e+00
 1.30843245e+00
 1.30590760e+00
 1.30376924e+00
 1.30206291e+00
 1.30082293e+00
 1.30007150e+00
 1.29981994e+00
 1.36904894e+00
 1.36893345e+00
 1.36858623e+00
 1.36800511e+00
 1.36718676e+00
 1.36612692e+00
 1.36482107e+00
 1.36326587e+00
 1.36146078e+00
 1.35940917e+00
 1.35711847e+00
 1.35459950e+00
 1.35186555e+00
 1.34893182e+00
 1.34581531e+00
 1.34253526e+00
 1.33911384e+00
 1.33557682e+00
 1.33195405e+00
 1.32827962e+00
 1.32459177e+00
 1.32093263e+00
 1.31734789e+00
 1.31388636e+00
 1.31059944e+00
 1.30754041e+00
 1.30476323e+00
 1.30232017e+00
 1.30025844e+00
 1.29861702e+00
 1.29742501e+00
 1.29670215e+00
 1.29645992e+00
 1.36370152e+00
 1.36358821e+00
 1.36324771e+00
 1.36267834e+00
 1.36187726e+00
 1.36084082e+00
 1.35956521e+00
 1.35804748e+00
 1.35628664e+00
 1.35428476e+00
 1.35204746e+00
 1.34958385e+00
 1.34690605e+00
 1.34402880e+00
 1.34096921e+00
 1.33774703e+00
 1.33438503e+00
 1.33090953e+00
 1.32735076e+00
 1.32374307e+00
 1.32012490e+00
 1.31653858e+00
 1.31303002e+00
 1.30964818e+00
 1.30644425e+00
 1.30347055e+00
 1.30077861e+00
 1.29841675e+00
 1.29642752e+00
 1.29484577e+00
 1.29369802e+00
 1.29300245e+00
 1.29276948e+00
 1.35790897e+00
 1.35779861e+00
 1.35746687e+00
 1.35691187e+00
 1.35613081e+00
 1.35512038e+00
 1.35387722e+00
 1.35239860e+00
 1.35068336e+00
 1.34873282e+00
 1.34655145e+00
 1.34414708e+00
 1.34153086e+00
 1.33871691e+00
 1.33572227e+00
 1.33256688e+00
 1.32927389e+00
 1.32586997e+00
 1.32238562e+00
 1.31885536e+00
 1.31531774e+00
 1.31181510e+00
 1.30839319e+00
 1.30510051e+00
 1.30198721e+00
 1.29910367e+00
 1.29649849e+00
 1.29421641e+00
 1.29229638e+00
 1.29077041e+00
 1.28966309e+00
 1.28899180e+00
 1.28876688e+00
 1.35171917e+00
 1.35161174e+00
 1.35128890e+00
 1.35074899e+00
 1.34998943e+00
 1.34900702e+00
 1.34779842e+00
 1.34636092e+00
 1.34469315e+00
 1.34279598e+00
 1.34067315e+00
 1.33833168e+00
 1.33578191e+00
 1.33303748e+00
 1.33011516e+00
 1.32703491e+00
 1.32382000e+00
 1.32049722e+00
 1.31709717e+00
 1.31365436e+00
 1.31020718e+00
 1.30679769e+00
 1.30347104e+00
 1.30027470e+00
 1.29725722e+00
 1.29446663e+00
 1.29194871e+00
 1.28974519e+00
 1.28789239e+00
 1.28642032e+00
 1.28535235e+00
 1.28470501e+00
 1.28448815e+00
 1.34517748e+00
 1.34507340e+00
 1.34476062e+00
 1.34423749e+00
 1.34350143e+00
 1.34254916e+00
 1.34137727e+00
 1.33998291e+00
 1.33836456e+00
 1.33652282e+00
 1.33446104e+00
 1.33218573e+00
 1.32970675e+00
 1.32703730e+00
 1.32419390e+00
 1.32119633e+00
 1.31806774e+00
 1.31483485e+00
 1.31152806e+00
 1.30818161e+00
 1.30483347e+00
 1.30152499e+00
 1.29830038e+00
 1.29520567e+00
 1.29228748e+00
 1.28959154e+00
 1.28716103e+00
 1.28503522e+00
 1.28324831e+00
 1.28182875e+00
 1.28079881e+00
 1.28017445e+00
 1.27996526e+00
 1.33833937e+00
 1.33823918e+00
 1.33793790e+00
 1.33743353e+00
 1.33672306e+00
 1.33580291e+00
 1.33466950e+00
 1.33331987e+00
 1.33175246e+00
 1.32996779e+00
 1.32796908e+00
 1.32576264e+00
 1.32335806e+00
 1.32076826e+00
 1.31800945e+00
 1.31510113e+00
 1.31206613e+00
 1.30893079e+00
 1.30572507e+00
 1.30248260e+00
 1.29924058e+00
 1.29603940e+00
 1.29292195e+00
 1.28993264e+00
 1.28711611e+00
 1.28451586e+00
 1.28217282e+00
 1.28012416e+00
 1.27840233e+00
 1.27703448e+00
 1.27604199e+00
 1.27544030e+00
 1.27523870e+00
 1.33127655e+00
 1.33118018e+00
 1.33089030e+00
 1.33040470e+00
 1.32972003e+00
 1.32883239e+00
 1.32773790e+00
 1.32643347e+00
 1.32491754e+00
 1.32319071e+00
 1.32125628e+00
 1.31912059e+00
 1.31679317e+00
 1.31428675e+00
 1.31161724e+00
 1.30880370e+00
 1.30586845e+00
 1.30283716e+00
 1.29973903e+00
 1.29660677e+00
 1.29347653e+00
 1.29038743e+00
 1.28738086e+00
 1.28449951e+00
 1.28178610e+00
 1.27928212e+00
 1.27702653e+00
 1.27505469e+00
 1.27339757e+00
 1.27208112e+00
 1.27112589e+00
 1.27054674e+00
 1.27035269e+00
 1.32406207e+00
 1.32396939e+00
 1.32369052e+00
 1.32322305e+00
 1.32256338e+00
 1.32170732e+00
 1.32065077e+00
 1.31939061e+00
 1.31792539e+00
 1.31625596e+00
 1.31438593e+00
 1.31232187e+00
 1.31007340e+00
 1.30765313e+00
 1.30507662e+00
 1.30236236e+00
 1.29953189e+00
 1.29660998e+00
 1.29362470e+00
 1.29060757e+00
 1.28759337e+00
 1.28461975e+00
 1.28172650e+00
 1.27895459e+00
 1.27634495e+00
 1.27393727e+00
 1.27176878e+00
 1.26987332e+00
 1.26828049e+00
 1.26701518e+00
 1.26609710e+00
 1.26554049e+00
 1.26535400e+00
 1.31677259e+00
 1.31668339e+00
 1.31641486e+00
 1.31596433e+00
 1.31532793e+00
 1.31450127e+00
 1.31348023e+00
 1.31226187e+00
 1.31084511e+00
 1.30923131e+00
 1.30742460e+00
 1.30543198e+00
 1.30326327e+00
 1.30093098e+00
 1.29845022e+00
 1.29583875e+00
 1.29311710e+00
 1.29030875e+00
 1.28744042e+00
 1.28454208e+00
 1.28164693e+00
 1.27879096e+00
 1.27601230e+00
 1.27335026e+00
 1.27084412e+00
 1.26853201e+00
 1.26644971e+00
 1.26462967e+00
 1.26310034e+00
 1.26188553e+00
 1.26100411e+00
 1.26046974e+00
 1.26029069e+00
 1.30949011e+00
 1.30940379e+00
 1.30914388e+00
 1.30870764e+00
 1.30809116e+00
 1.30729006e+00
 1.30630049e+00
 1.30511992e+00
 1.30374793e+00
 1.30218668e+00
 1.30044106e+00
 1.29851870e+00
 1.29642968e+00
 1.29418637e+00
 1.29180331e+00
 1.28929728e+00
 1.28668751e+00
 1.28399595e+00
 1.28124758e+00
 1.27847059e+00
 1.27569634e+00
 1.27295905e+00
 1.27029513e+00
 1.26774230e+00
 1.26533839e+00
 1.26312019e+00
 1.26112225e+00
 1.25937592e+00
 1.25790859e+00
 1.25674316e+00
 1.25589769e+00
 1.25538518e+00
 1.25521347e+00
 1.30229367e+00
 1.30220950e+00
 1.30195607e+00
 1.30153076e+00
 1.30092987e+00
 1.30014938e+00
 1.29918597e+00
 1.29803790e+00
 1.29670577e+00
 1.29519288e+00
 1.29350523e+00
 1.29165117e+00
 1.28964110e+00
 1.28748713e+00
 1.28520304e+00
 1.28280437e+00
 1.28030875e+00
 1.27773628e+00
 1.27510995e+00
 1.27245586e+00
 1.26980334e+00
 1.26718470e+00
 1.26463462e+00
 1.26218928e+00
 1.25988523e+00
 1.25775816e+00
 1.25584166e+00
 1.25416622e+00
 1.25275840e+00
 1.25164029e+00
 1.25082921e+00
 1.25033759e+00
 1.25017288e+00
 1.29525864e+00
 1.29517586e+00
 1.29492668e+00
 1.29450876e+00
 1.29391879e+00
 1.29315337e+00
 1.29221000e+00
 1.29108819e+00
 1.28979009e+00
 1.28832065e+00
 1.28668724e+00
 1.28489912e+00
 1.28296688e+00
 1.28090220e+00
 1.27871783e+00
 1.27642780e+00
 1.27404785e+00
 1.27159597e+00
 1.26909283e+00
 1.26656226e+00
 1.26403136e+00
 1.26153040e+00
 1.25909227e+00
 1.25675170e+00
 1.25454407e+00
 1.25250420e+00
 1.25066502e+00
 1.24905646e+00
 1.24770452e+00
 1.24663075e+00
 1.24585189e+00
 1.24537985e+00
 1.24522171e+00
 1.28845673e+00
 1.28837476e+00
 1.28812805e+00
 1.28771439e+00
 1.28713078e+00
 1.28637445e+00
 1.28544426e+00
 1.28434164e+00
 1.28307111e+00
 1.28163983e+00
 1.28005687e+00
 1.27833229e+00
 1.27647670e+00
 1.27450103e+00
 1.27241670e+00
 1.27023596e+00
 1.26797246e+00
 1.26564176e+00
 1.26326209e+00
 1.26085474e+00
 1.25844443e+00
 1.25605928e+00
 1.25373037e+00
 1.25149096e+00
 1.24937539e+00
 1.24741779e+00
 1.24565072e+00
 1.24410385e+00
 1.24280299e+00
 1.24176943e+00
 1.24101964e+00
 1.24056520e+00
 1.24041297e+00
 1.28196301e+00
 1.28188125e+00
 1.28163497e+00
 1.28122167e+00
 1.28063846e+00
 1.27988366e+00
 1.27895827e+00
 1.27786681e+00
 1.27661710e+00
 1.27521902e+00
 1.27368321e+00
 1.27202022e+00
 1.27024022e+00
 1.26835307e+00
 1.26636861e+00
 1.26429711e+00
 1.26214989e+00
 1.25994002e+00
 1.25768303e+00
 1.25539760e+00
 1.25310593e+00
 1.25083388e+00
 1.24861068e+00
 1.24646813e+00
 1.24443959e+00
 1.24255863e+00
 1.24085763e+00
 1.23936641e+00
 1.23811096e+00
 1.23711267e+00
 1.23638803e+00
 1.23594865e+00
 1.23580143e+00
 1.27585783e+00
 1.27577469e+00
 1.27552434e+00
 1.27510438e+00
 1.27451246e+00
 1.27374875e+00
 1.27281790e+00
 1.27172904e+00
 1.27049409e+00
 1.26912546e+00
 1.26763468e+00
 1.26603203e+00
 1.26432675e+00
 1.26252732e+00
 1.26064184e+00
 1.25867851e+00
 1.25664626e+00
 1.25455557e+00
 1.25241927e+00
 1.25025328e+00
 1.24807721e+00
 1.24591465e+00
 1.24379293e+00
 1.24174244e+00
 1.23979551e+00
 1.23798518e+00
 1.23634384e+00
 1.23490177e+00
 1.23368574e+00
 1.23271780e+00
 1.23201480e+00
 1.23158842e+00
 1.23144554e+00
 1.27021282e+00
 1.27012678e+00
 1.26986701e+00
 1.26943057e+00
 1.26881690e+00
 1.26803081e+00
 1.26708335e+00
 1.26598987e+00
 1.26476612e+00
 1.26342563e+00
 1.26197937e+00
 1.26043646e+00
 1.25880486e+00
 1.25709164e+00
 1.25530314e+00
 1.25344553e+00
 1.25152541e+00
 1.24955069e+00
 1.24753151e+00
 1.24548105e+00
 1.24341630e+00
 1.24135852e+00
 1.23933326e+00
 1.23736954e+00
 1.23549871e+00
 1.23375311e+00
 1.23216498e+00
 1.23076523e+00
 1.22958187e+00
 1.22863836e+00
 1.22795258e+00
 1.22753662e+00
 1.22739726e+00
 1.26510406e+00
 1.26500955e+00
 1.26472665e+00
 1.26425682e+00
 1.26360427e+00
 1.26278133e+00
 1.26180866e+00
 1.26070811e+00
 1.25949666e+00
 1.25818605e+00
 1.25678509e+00
 1.25530136e+00
 1.25374168e+00
 1.25211189e+00
 1.25041682e+00
 1.24866069e+00
 1.24684792e+00
 1.24498400e+00
 1.24307649e+00
 1.24113593e+00
 1.23917666e+00
 1.23721764e+00
 1.23528274e+00
 1.23339992e+00
 1.23159965e+00
 1.22991343e+00
 1.22837284e+00
 1.22700887e+00
 1.22585097e+00
 1.22492487e+00
 1.22425027e+00
 1.22384034e+00
 1.22370283e+00
 1.26054012e+00
 1.26044000e+00
 1.26013537e+00
 1.25962217e+00
 1.25891362e+00
 1.25804263e+00
 1.25704462e+00
 1.25594322e+00
 1.25475057e+00
 1.25347366e+00
 1.25211883e+00
 1.25069274e+00
 1.24920171e+00
 1.24765081e+00
 1.24604356e+00
 1.24438251e+00
 1.24267007e+00
 1.24090947e+00
 1.23910598e+00
 1.23726768e+00
 1.23540625e+00
 1.23353832e+00
 1.23168635e+00
 1.22987760e+00
 1.22814207e+00
 1.22651058e+00
 1.22501349e+00
 1.22368047e+00
 1.22254128e+00
 1.22162516e+00
 1.22095680e+00
 1.22055165e+00
 1.22041611e+00
 1.25668543e+00
 1.25655870e+00
 1.25617851e+00
 1.25556467e+00
 1.25477032e+00
 1.25385305e+00
 1.25284597e+00
 1.25175919e+00
 1.25059450e+00
 1.24935458e+00
 1.24804504e+00
 1.24667305e+00
 1.24524531e+00
 1.24376661e+00
 1.24223929e+00
 1.24066446e+00
 1.23904284e+00
 1.23737559e+00
 1.23566598e+00
 1.23392007e+00
 1.23214682e+00
 1.23036049e+00
 1.22858237e+00
 1.22683949e+00
 1.22516199e+00
 1.22358064e+00
 1.22212480e+00
 1.22082165e+00
 1.21969748e+00
 1.21878071e+00
 1.21810203e+00
 1.21768682e+00
 1.21754757e+00
 1.25348535e+00
 1.25329631e+00
 1.25277698e+00
 1.25203833e+00
 1.25118405e+00
 1.25026297e+00
 1.24927930e+00
 1.24822440e+00
 1.24709402e+00
 1.24589102e+00
 1.24462307e+00
 1.24329920e+00
 1.24192709e+00
 1.24051156e+00
 1.23905386e+00
 1.23755389e+00
 1.23601102e+00
 1.23442456e+00
 1.23279614e+00
 1.23113037e+00
 1.22943355e+00
 1.22771736e+00
 1.22600229e+00
 1.22431553e+00
 1.22268789e+00
 1.22115084e+00
 1.21973404e+00
 1.21846333e+00
 1.21736043e+00
 1.21644636e+00
 1.21574926e+00
 1.21530695e+00
 1.21515467e+00
 1.25053212e+00
 1.25031953e+00
 1.24976276e+00
 1.24902665e+00
 1.24821761e+00
 1.24735360e+00
 1.24641972e+00
 1.24540461e+00
 1.24430808e+00
 1.24313762e+00
 1.24190462e+00
 1.24062057e+00
 1.23929419e+00
 1.23793064e+00
 1.23652990e+00
 1.23509103e+00
 1.23361243e+00
 1.23209174e+00
 1.23052935e+00
 1.22892911e+00
 1.22729479e+00
 1.22563542e+00
 1.22397103e+00
 1.22232923e+00
 1.22074170e+00
 1.21924109e+00
 1.21785849e+00
 1.21662090e+00
 1.21554974e+00
 1.21466129e+00
 1.21397549e+00
 1.21353033e+00
 1.21337434e+00
 1.24794924e+00
 1.24776327e+00
 1.24729861e+00
 1.24669387e+00
 1.24599980e+00
 1.24521575e+00
 1.24433376e+00
 1.24335368e+00
 1.24228425e+00
 1.24113858e+00
 1.23993171e+00
 1.23867736e+00
 1.23738499e+00
 1.23606023e+00
 1.23470175e+00
 1.23330813e+00
 1.23187719e+00
 1.23040513e+00
 1.22889146e+00
 1.22733997e+00
 1.22575216e+00
 1.22413463e+00
 1.22250732e+00
 1.22089823e+00
 1.21933995e+00
 1.21786614e+00
 1.21650963e+00
 1.21529960e+00
 1.21426083e+00
 1.21341158e+00
 1.21276684e+00
 1.21234996e+00
 1.21220239e+00
 1.24614224e+00
 1.24601770e+00
 1.24570018e+00
 1.24523603e+00
 1.24463848e+00
 1.24391332e+00
 1.24306654e+00
 1.24210898e+00
 1.24105653e+00
 1.23992613e+00
 1.23873532e+00
 1.23749927e+00
 1.23622782e+00
 1.23492707e+00
 1.23359460e+00
 1.23222879e+00
 1.23082718e+00
 1.22938500e+00
 1.22790117e+00
 1.22637976e+00
 1.22482072e+00
 1.22322879e+00
 1.22162407e+00
 1.22003482e+00
 1.21849426e+00
 1.21703669e+00
 1.21569624e+00
 1.21450360e+00
 1.21348686e+00
 1.21266802e+00
 1.21206358e+00
 1.21168707e+00
 1.21155616e+00
 1.24549000e+00
 1.24540590e+00
 1.24515551e+00
 1.24474442e+00
 1.24418125e+00
 1.24347650e+00
 1.24264176e+00
 1.24169179e+00
 1.24064506e+00
 1.23951979e+00
 1.23833439e+00
 1.23710453e+00
 1.23584014e+00
 1.23454752e+00
 1.23322382e+00
 1.23186739e+00
 1.23047569e+00
 1.22904360e+00
 1.22756981e+00
 1.22605858e+00
 1.22450927e+00
 1.22292596e+00
 1.22132883e+00
 1.21974622e+00
 1.21821160e+00
 1.21675944e+00
 1.21542438e+00
 1.21423758e+00
 1.21322833e+00
 1.21242015e+00
 1.21183071e+00
 1.21147227e+00
 1.21135200e+00
