 5.35114000e-01
 5.11303158e-01
 4.45532439e-01
 3.44417473e-01
 1.89760444e-01
 -2.36997636e-02
 -2.58037787e-01
 -4.66402297e-01
 -6.13458621e-01
 -6.58888738e-01
 -6.20625215e-01
 -4.85853368e-01
 -3.28297073e-01
 -1.67288535e-01
 -3.73729115e-02
 3.98903515e-02
 6.47520000e-02
 5.14463462e-01
 4.93808116e-01
 4.32240198e-01
 3.32939657e-01
 1.83244351e-01
 -2.10267635e-02
 -2.45837918e-01
 -4.46664438e-01
 -5.87455563e-01
 -6.32191498e-01
 -5.93293320e-01
 -4.65613497e-01
 -3.12715626e-01
 -1.58341103e-01
 -3.38528130e-02
 4.16881742e-02
 6.71993173e-02
 4.52606935e-01
 4.36615033e-01
 3.85833499e-01
 2.96758340e-01
 1.64007720e-01
 -1.26839668e-02
 -2.07956510e-01
 -3.83966927e-01
 -5.05957459e-01
 -5.46468098e-01
 -5.08849153e-01
 -4.00148183e-01
 -2.64469023e-01
 -1.29995768e-01
 -2.12741933e-02
 4.74607927e-02
 7.12223087e-02
 3.47797121e-01
 3.35962982e-01
 2.98363049e-01
 2.31188703e-01
 1.31736193e-01
 2.19499584e-03
 -1.41081734e-01
 -2.71008073e-01
 -3.60360041e-01
 -3.90338469e-01
 -3.60075291e-01
 -2.80466137e-01
 -1.78959237e-01
 -7.93492032e-02
 1.03639275e-03
 5.24558907e-02
 7.02307916e-02
 1.91495922e-01
 1.84769875e-01
 1.65208062e-01
 1.32461475e-01
 8.50861377e-02
 2.42116537e-02
 -4.29170964e-02
 -1.03663299e-01
 -1.44811520e-01
 -1.57641093e-01
 -1.41297221e-01
 -1.02089158e-01
 -5.24545723e-02
 -4.44542407e-03
 3.31428699e-02
 5.57043691e-02
 6.29294928e-02
 -2.34127116e-02
 -2.00186992e-02
 -1.07493569e-02
 4.03124722e-03
 2.52249656e-02
 5.23572686e-02
 8.24917869e-02
 1.10775289e-01
 1.31715580e-01
 1.41288607e-01
 1.38814174e-01
 1.27047285e-01
 1.10340340e-01
 9.31219809e-02
 7.88819124e-02
 6.98724760e-02
 6.68896318e-02
 -2.47195878e-01
 -2.36673799e-01
 -2.01993134e-01
 -1.37565620e-01
 -4.09165560e-02
 8.33918933e-02
 2.20746860e-01
 3.47326691e-01
 4.36933562e-01
 4.71306671e-01
 4.47907522e-01
 3.80171847e-01
 2.90610581e-01
 2.01838996e-01
 1.30398567e-01
 8.52302684e-02
 6.98773597e-02
 -4.67371528e-01
 -4.46547868e-01
 -3.82067359e-01
 -2.68393336e-01
 -1.01379223e-01
 1.12298860e-01
 3.48036504e-01
 5.64837261e-01
 7.17518111e-01
 7.74682706e-01
 7.32091008e-01
 6.13086709e-01
 4.56700471e-01
 3.01986437e-01
 1.77515080e-01
 9.90137838e-02
 7.24693809e-02
 -6.07138137e-01
 -5.81787906e-01
 -5.01456802e-01
 -3.56757751e-01
 -1.41980727e-01
 1.33739558e-01
 4.38173298e-01
 7.18074119e-01
 9.14896193e-01
 9.88013610e-01
 9.32005800e-01
 7.77202812e-01
 5.74222331e-01
 3.73477880e-01
 2.11417924e-01
 1.08200251e-01
 7.29067518e-02
 -6.53534972e-01
 -6.26751078e-01
 -5.41285904e-01
 -3.86043034e-01
 -1.54398624e-01
 1.43614550e-01
 4.72877826e-01
 7.75633871e-01
 9.88452264e-01
 1.06732621e+00
 1.00640313e+00
 8.38621618e-01
 6.19032032e-01
 4.02756383e-01
 2.29931391e-01
 1.21848054e-01
 8.55255500e-02
 -6.12292906e-01
 -5.85989593e-01
 -5.03472153e-01
 -3.56158474e-01
 -1.38320613e-01
 1.41084154e-01
 4.49592587e-01
 7.33295048e-01
 9.32796385e-01
 1.00680225e+00
 9.49749235e-01
 7.92512850e-01
 5.86612948e-01
 3.83397707e-01
 2.20088331e-01
 1.16894139e-01
 8.18672387e-02
 -4.87815809e-01
 -4.66448287e-01
 -3.99050373e-01
 -2.78351598e-01
 -9.98391681e-02
 1.29045941e-01
 3.81812015e-01
 6.14450902e-01
 7.78296873e-01
 8.39413324e-01
 7.92907638e-01
 6.64211398e-01
 4.95564345e-01
 3.28634683e-01
 1.93617857e-01
 1.07440293e-01
 7.79403265e-02
 -3.24804699e-01
 -3.09684753e-01
 -2.62242242e-01
 -1.77150627e-01
 -5.05601407e-02
 1.12149857e-01
 2.92069611e-01
 4.58217650e-01
 5.75578165e-01
 6.20265147e-01
 5.87369882e-01
 4.95859189e-01
 3.76513631e-01
 2.58479295e-01
 1.63836718e-01
 1.04511814e-01
 8.45296522e-02
 -1.61995127e-01
 -1.54099011e-01
 -1.27921147e-01
 -7.84853300e-02
 -2.53297472e-03
 9.50445621e-02
 2.02734154e-01
 3.03883528e-01
 3.74905020e-01
 4.04618494e-01
 3.84433960e-01
 3.28998086e-01
 2.59182312e-01
 1.88664498e-01
 1.32249687e-01
 9.78512333e-02
 8.65386295e-02
 -3.62579877e-02
 -3.31864588e-02
 -2.26837250e-02
 -1.22433735e-03
 3.59799532e-02
 8.14617697e-02
 1.29821830e-01
 1.80508796e-01
 2.12326054e-01
 2.32834891e-01
 2.21257295e-01
 1.93453954e-01
 1.66038846e-01
 1.32142497e-01
 1.03518473e-01
 8.76447047e-02
 8.26528603e-02
 4.18916046e-02
 4.19980613e-02
 4.25633084e-02
 4.57168626e-02
 6.07356402e-02
 7.34422920e-02
 8.24179688e-02
 1.03825064e-01
 1.07932239e-01
 1.26082895e-01
 1.18074028e-01
 1.06102165e-01
 1.09081690e-01
 9.68734175e-02
 8.26650744e-02
 7.91361346e-02
 7.92298109e-02
 6.82680000e-02
 6.75198984e-02
 6.45955623e-02
 6.10371484e-02
 6.93405893e-02
 7.09478416e-02
 6.58681489e-02
 7.82967113e-02
 7.19325390e-02
 9.04383934e-02
 8.30363038e-02
 7.58935472e-02
 9.04336645e-02
 8.51880053e-02
 7.46205427e-02
 7.54213515e-02
 7.80310000e-02
