 1.49848600e+00
 1.49849345e+00
 1.49851422e+00
 1.49854305e+00
 1.49857138e+00
 1.49858685e+00
 1.49857395e+00
 1.49851708e+00
 1.49840024e+00
 1.49820490e+00
 1.49791633e+00
 1.49751946e+00
 1.49700678e+00
 1.49637678e+00
 1.49563199e+00
 1.49478724e+00
 1.49386126e+00
 1.49287525e+00
 1.49185127e+00
 1.49080539e+00
 1.48974348e+00
 1.48866112e+00
 1.48756207e+00
 1.48646008e+00
 1.48537445e+00
 1.48433111e+00
 1.48335839e+00
 1.48248298e+00
 1.48172947e+00
 1.48111917e+00
 1.48066979e+00
 1.48039465e+00
 1.48030200e+00
 1.49993417e+00
 1.49979604e+00
 1.49957236e+00
 1.49940353e+00
 1.49929914e+00
 1.49923176e+00
 1.49916708e+00
 1.49907668e+00
 1.49893706e+00
 1.49872598e+00
 1.49842625e+00
 1.49802173e+00
 1.49750384e+00
 1.49687032e+00
 1.49612338e+00
 1.49527709e+00
 1.49434968e+00
 1.49336197e+00
 1.49233555e+00
 1.49128633e+00
 1.49022040e+00
 1.48913450e+00
 1.48803318e+00
 1.48693090e+00
 1.48584814e+00
 1.48481247e+00
 1.48385500e+00
 1.48300779e+00
 1.48230448e+00
 1.48177975e+00
 1.48146202e+00
 1.48135226e+00
 1.48135879e+00
 1.50376399e+00
 1.50340120e+00
 1.50263620e+00
 1.50194019e+00
 1.50146085e+00
 1.50115302e+00
 1.50093623e+00
 1.50074649e+00
 1.50053922e+00
 1.50028120e+00
 1.49994825e+00
 1.49952078e+00
 1.49898726e+00
 1.49834313e+00
 1.49758958e+00
 1.49673847e+00
 1.49580663e+00
 1.49481366e+00
 1.49377991e+00
 1.49272080e+00
 1.49164319e+00
 1.49054700e+00
 1.48943908e+00
 1.48833604e+00
 1.48726183e+00
 1.48624880e+00
 1.48533631e+00
 1.48457156e+00
 1.48401343e+00
 1.48372962e+00
 1.48376164e+00
 1.48401617e+00
 1.48417450e+00
 1.50867533e+00
 1.50820619e+00
 1.50708140e+00
 1.50587161e+00
 1.50493022e+00
 1.50428616e+00
 1.50384051e+00
 1.50349505e+00
 1.50317957e+00
 1.50284538e+00
 1.50245828e+00
 1.50199302e+00
 1.50143353e+00
 1.50077172e+00
 1.50000666e+00
 1.49914705e+00
 1.49820735e+00
 1.49720523e+00
 1.49615921e+00
 1.49508407e+00
 1.49398811e+00
 1.49287563e+00
 1.49175718e+00
 1.49065293e+00
 1.48959205e+00
 1.48861411e+00
 1.48777014e+00
 1.48712616e+00
 1.48676613e+00
 1.48677232e+00
 1.48713684e+00
 1.48762590e+00
 1.48785302e+00
 1.51328401e+00
 1.51288210e+00
 1.51184478e+00
 1.51056078e+00
 1.50938538e+00
 1.50846767e+00
 1.50778528e+00
 1.50725718e+00
 1.50680618e+00
 1.50637301e+00
 1.50591421e+00
 1.50539805e+00
 1.50480304e+00
 1.50411673e+00
 1.50333501e+00
 1.50246277e+00
 1.50151131e+00
 1.50049576e+00
 1.49943253e+00
 1.49833583e+00
 1.49721595e+00
 1.49608202e+00
 1.49494921e+00
 1.49384220e+00
 1.49279598e+00
 1.49185728e+00
 1.49108579e+00
 1.49055416e+00
 1.49033684e+00
 1.49046602e+00
 1.49085319e+00
 1.49126464e+00
 1.49143964e+00
 1.51719243e+00
 1.51699293e+00
 1.51639760e+00
 1.51548235e+00
 1.51443527e+00
 1.51344852e+00
 1.51261327e+00
 1.51192485e+00
 1.51133627e+00
 1.51079451e+00
 1.51025365e+00
 1.50967746e+00
 1.50903954e+00
 1.50832294e+00
 1.50751967e+00
 1.50663051e+00
 1.50566311e+00
 1.50462966e+00
 1.50354444e+00
 1.50242128e+00
 1.50127271e+00
 1.50011251e+00
 1.49896062e+00
 1.49784616e+00
 1.49680849e+00
 1.49589721e+00
 1.49516950e+00
 1.49467969e+00
 1.49445277e+00
 1.49444602e+00
 1.49454394e+00
 1.49462948e+00
 1.49465789e+00
 1.52185342e+00
 1.52173398e+00
 1.52136465e+00
 1.52074066e+00
 1.51991783e+00
 1.51901355e+00
 1.51814070e+00
 1.51735494e+00
 1.51665621e+00
 1.51601485e+00
 1.51539278e+00
 1.51475418e+00
 1.51407001e+00
 1.51331960e+00
 1.51249110e+00
 1.51158122e+00
 1.51059389e+00
 1.50953826e+00
 1.50842659e+00
 1.50727252e+00
 1.50609073e+00
 1.50489894e+00
 1.50372107e+00
 1.50258922e+00
 1.50154366e+00
 1.50063001e+00
 1.49989138e+00
 1.49935270e+00
 1.49900110e+00
 1.49878276e+00
 1.49863704e+00
 1.49854033e+00
 1.49850462e+00
 1.52750569e+00
 1.52739499e+00
 1.52706948e+00
 1.52654616e+00
 1.52585528e+00
 1.52505233e+00
 1.52421145e+00
 1.52339516e+00
 1.52263192e+00
 1.52191739e+00
 1.52122797e+00
 1.52053353e+00
 1.51980559e+00
 1.51902151e+00
 1.51816638e+00
 1.51723338e+00
 1.51622296e+00
 1.51514146e+00
 1.51399939e+00
 1.51281025e+00
 1.51159043e+00
 1.51036046e+00
 1.50914672e+00
 1.50798199e+00
 1.50690369e+00
 1.50594883e+00
 1.50514508e+00
 1.50450070e+00
 1.50400191e+00
 1.50362591e+00
 1.50335905e+00
 1.50319918e+00
 1.50314611e+00
 1.53362789e+00
 1.53353691e+00
 1.53326431e+00
 1.53281617e+00
 1.53221296e+00
 1.53149279e+00
 1.53070681e+00
 1.52990591e+00
 1.52912458e+00
 1.52837311e+00
 1.52764111e+00
 1.52690650e+00
 1.52614405e+00
 1.52533119e+00
 1.52445130e+00
 1.52349495e+00
 1.52245983e+00
 1.52134989e+00
 1.52017417e+00
 1.51894601e+00
 1.51768285e+00
 1.51640677e+00
 1.51514493e+00
 1.51392875e+00
 1.51279104e+00
 1.51176079e+00
 1.51085731e+00
 1.51008722e+00
 1.50944848e+00
 1.50893896e+00
 1.50856248e+00
 1.50832888e+00
 1.50824933e+00
 1.54021129e+00
 1.54012384e+00
 1.53986612e+00
 1.53945136e+00
 1.53890091e+00
 1.53824466e+00
 1.53751925e+00
 1.53676192e+00
 1.53600141e+00
 1.53525100e+00
 1.53450747e+00
 1.53375548e+00
 1.53297404e+00
 1.53214226e+00
 1.53124323e+00
 1.53026610e+00
 1.52920668e+00
 1.52806720e+00
 1.52685557e+00
 1.52558485e+00
 1.52427291e+00
 1.52294233e+00
 1.52161985e+00
 1.52033481e+00
 1.51911619e+00
 1.51798894e+00
 1.51697144e+00
 1.51607614e+00
 1.51531343e+00
 1.51469575e+00
 1.51423850e+00
 1.51395698e+00
 1.51386189e+00
 1.54698546e+00
 1.54690288e+00
 1.54666137e+00
 1.54627804e+00
 1.54577721e+00
 1.54518647e+00
 1.54453376e+00
 1.54384469e+00
 1.54313877e+00
 1.54242566e+00
 1.54170357e+00
 1.54096096e+00
 1.54018054e+00
 1.53934382e+00
 1.53843478e+00
 1.53744229e+00
 1.53636127e+00
 1.53519290e+00
 1.53394437e+00
 1.53262844e+00
 1.53126301e+00
 1.52987055e+00
 1.52847709e+00
 1.52711047e+00
 1.52579807e+00
 1.52456478e+00
 1.52343240e+00
 1.52242090e+00
 1.52155041e+00
 1.52084214e+00
 1.52031710e+00
 1.51999358e+00
 1.51988421e+00
 1.55369735e+00
 1.55362754e+00
 1.55342370e+00
 1.55310103e+00
 1.55268041e+00
 1.55218413e+00
 1.55163259e+00
 1.55104225e+00
 1.55042410e+00
 1.54978233e+00
 1.54911363e+00
 1.54840790e+00
 1.54765048e+00
 1.54682531e+00
 1.54591794e+00
 1.54491790e+00
 1.54382007e+00
 1.54262529e+00
 1.54134044e+00
 1.53997810e+00
 1.53855614e+00
 1.53709690e+00
 1.53562609e+00
 1.53417132e+00
 1.53276057e+00
 1.53142119e+00
 1.53017994e+00
 1.52906355e+00
 1.52809922e+00
 1.52731389e+00
 1.52673239e+00
 1.52637480e+00
 1.52625412e+00
 1.56021699e+00
 1.56016849e+00
 1.56002598e+00
 1.55979782e+00
 1.55949575e+00
 1.55913219e+00
 1.55871767e+00
 1.55825948e+00
 1.55776094e+00
 1.55722105e+00
 1.55663426e+00
 1.55599070e+00
 1.55527752e+00
 1.55448079e+00
 1.55358792e+00
 1.55258961e+00
 1.55148138e+00
 1.55026433e+00
 1.54894543e+00
 1.54753741e+00
 1.54605828e+00
 1.54453062e+00
 1.54298060e+00
 1.54143683e+00
 1.53992939e+00
 1.53848926e+00
 1.53714810e+00
 1.53593821e+00
 1.53489182e+00
 1.53403970e+00
 1.53340909e+00
 1.53302147e+00
 1.53289067e+00
 1.56653534e+00
 1.56651292e+00
 1.56644595e+00
 1.56633481e+00
 1.56617924e+00
 1.56597799e+00
 1.56572895e+00
 1.56542920e+00
 1.56507474e+00
 1.56465998e+00
 1.56417715e+00
 1.56361620e+00
 1.56296532e+00
 1.56221232e+00
 1.56134629e+00
 1.56035936e+00
 1.55924805e+00
 1.55801413e+00
 1.55666509e+00
 1.55521411e+00
 1.55367975e+00
 1.55208535e+00
 1.55045828e+00
 1.54882905e+00
 1.54723063e+00
 1.54569783e+00
 1.54426677e+00
 1.54297419e+00
 1.54185609e+00
 1.54094607e+00
 1.54027319e+00
 1.53985996e+00
 1.53972059e+00
 1.57271114e+00
 1.57271796e+00
 1.57273454e+00
 1.57275033e+00
 1.57275092e+00
 1.57272089e+00
 1.57264589e+00
 1.57251360e+00
 1.57231339e+00
 1.57203537e+00
 1.57166935e+00
 1.57120437e+00
 1.57062888e+00
 1.56993163e+00
 1.56910300e+00
 1.56813639e+00
 1.56702941e+00
 1.56578478e+00
 1.56441079e+00
 1.56292139e+00
 1.56133606e+00
 1.55967939e+00
 1.55798047e+00
 1.55627224e+00
 1.55459078e+00
 1.55297459e+00
 1.55146368e+00
 1.55009837e+00
 1.54891768e+00
 1.54795734e+00
 1.54724781e+00
 1.54681235e+00
 1.54666554e+00
 1.57890590e+00
 1.57893597e+00
 1.57901984e+00
 1.57914002e+00
 1.57927219e+00
 1.57939033e+00
 1.57947054e+00
 1.57949259e+00
 1.57943958e+00
 1.57929670e+00
 1.57905021e+00
 1.57868688e+00
 1.57819408e+00
 1.57756052e+00
 1.57677713e+00
 1.57583822e+00
 1.57474242e+00
 1.57349342e+00
 1.57210046e+00
 1.57057852e+00
 1.56894827e+00
 1.56723581e+00
 1.56547226e+00
 1.56369313e+00
 1.56193760e+00
 1.56024755e+00
 1.55866633e+00
 1.55723722e+00
 1.55600163e+00
 1.55499709e+00
 1.55425524e+00
 1.55380012e+00
 1.55364671e+00
 1.58521514e+00
 1.58525811e+00
 1.58538003e+00
 1.58556191e+00
 1.58577749e+00
 1.58599794e+00
 1.58619506e+00
 1.58634284e+00
 1.58641781e+00
 1.58639879e+00
 1.58626663e+00
 1.58600408e+00
 1.58559603e+00
 1.58502997e+00
 1.58429667e+00
 1.58339087e+00
 1.58231199e+00
 1.58106464e+00
 1.57965904e+00
 1.57811125e+00
 1.57644325e+00
 1.57468273e+00
 1.57286288e+00
 1.57102173e+00
 1.56920136e+00
 1.56744670e+00
 1.56580402e+00
 1.56431919e+00
 1.56303565e+00
 1.56199246e+00
 1.56122235e+00
 1.56075001e+00
 1.56059082e+00
 1.59159000e+00
 1.59163397e+00
 1.59176200e+00
 1.59196238e+00
 1.59221574e+00
 1.59249655e+00
 1.59277542e+00
 1.59302152e+00
 1.59320441e+00
 1.59329551e+00
 1.59326897e+00
 1.59310239e+00
 1.59277719e+00
 1.59227895e+00
 1.59159774e+00
 1.59072837e+00
 1.58967079e+00
 1.58843041e+00
 1.58701839e+00
 1.58545180e+00
 1.58375381e+00
 1.58195364e+00
 1.58008632e+00
 1.57819219e+00
 1.57631596e+00
 1.57450534e+00
 1.57280927e+00
 1.57127594e+00
 1.56995066e+00
 1.56887384e+00
 1.56807913e+00
 1.56759182e+00
 1.56742760e+00
 1.59776624e+00
 1.59781260e+00
 1.59794914e+00
 1.59816790e+00
 1.59845442e+00
 1.59878686e+00
 1.59913636e+00
 1.59946890e+00
 1.59974833e+00
 1.59993937e+00
 1.60000999e+00
 1.59993287e+00
 1.59968609e+00
 1.59925329e+00
 1.59862368e+00
 1.59779204e+00
 1.59675871e+00
 1.59552977e+00
 1.59411715e+00
 1.59253881e+00
 1.59081887e+00
 1.58898773e+00
 1.58708192e+00
 1.58514371e+00
 1.58322009e+00
 1.58136130e+00
 1.57961881e+00
 1.57804309e+00
 1.57668126e+00
 1.57557505e+00
 1.57475895e+00
 1.57425868e+00
 1.57409013e+00
 1.60357590e+00
 1.60362886e+00
 1.60378577e+00
 1.60403989e+00
 1.60437757e+00
 1.60477653e+00
 1.60520574e+00
 1.60562750e+00
 1.60600098e+00
 1.60628606e+00
 1.60644642e+00
 1.60645138e+00
 1.60627672e+00
 1.60590479e+00
 1.60532424e+00
 1.60452985e+00
 1.60352233e+00
 1.60230833e+00
 1.60090040e+00
 1.59931715e+00
 1.59758335e+00
 1.59573011e+00
 1.59379490e+00
 1.59182130e+00
 1.58985816e+00
 1.58795798e+00
 1.58617472e+00
 1.58456119e+00
 1.58316647e+00
 1.58203369e+00
 1.58119818e+00
 1.58068613e+00
 1.58051364e+00
 1.60893818e+00
 1.60900418e+00
 1.60919923e+00
 1.60951352e+00
 1.60992866e+00
 1.61041660e+00
 1.61094067e+00
 1.61145844e+00
 1.61192546e+00
 1.61229898e+00
 1.61254078e+00
 1.61261887e+00
 1.61250822e+00
 1.61219073e+00
 1.61165495e+00
 1.61089582e+00
 1.60991441e+00
 1.60871786e+00
 1.60731927e+00
 1.60573768e+00
 1.60399813e+00
 1.60213188e+00
 1.60017661e+00
 1.59817640e+00
 1.59618126e+00
 1.59424560e+00
 1.59242584e+00
 1.59077738e+00
 1.58935159e+00
 1.58819332e+00
 1.58733903e+00
 1.58681554e+00
 1.58663922e+00
 1.61387733e+00
 1.61396236e+00
 1.61421127e+00
 1.61460585e+00
 1.61511698e+00
 1.61570677e+00
 1.61633131e+00
 1.61694379e+00
 1.61749769e+00
 1.61794955e+00
 1.61826122e+00
 1.61840106e+00
 1.61834439e+00
 1.61807336e+00
 1.61757673e+00
 1.61684967e+00
 1.61589359e+00
 1.61471609e+00
 1.61333075e+00
 1.61175692e+00
 1.61001968e+00
 1.60814987e+00
 1.60618450e+00
 1.60416710e+00
 1.60214775e+00
 1.60018210e+00
 1.59832898e+00
 1.59664691e+00
 1.59519027e+00
 1.59400624e+00
 1.59313271e+00
 1.59259733e+00
 1.59241698e+00
 1.61853052e+00
 1.61863332e+00
 1.61893199e+00
 1.61939944e+00
 1.61999600e+00
 1.62067458e+00
 1.62138477e+00
 1.62207594e+00
 1.62270000e+00
 1.62321358e+00
 1.62357950e+00
 1.62376728e+00
 1.62375310e+00
 1.62351958e+00
 1.62305569e+00
 1.62235670e+00
 1.62142431e+00
 1.62026653e+00
 1.61889746e+00
 1.61733685e+00
 1.61560971e+00
 1.61374612e+00
 1.61178160e+00
 1.60975779e+00
 1.60772330e+00
 1.60573367e+00
 1.60384970e+00
 1.60213361e+00
 1.60064412e+00
 1.59943206e+00
 1.59853777e+00
 1.59798996e+00
 1.59780552e+00
 1.62300988e+00
 1.62312133e+00
 1.62344535e+00
 1.62395265e+00
 1.62459962e+00
 1.62533388e+00
 1.62609976e+00
 1.62684269e+00
 1.62751278e+00
 1.62806679e+00
 1.62846875e+00
 1.62868947e+00
 1.62870589e+00
 1.62850083e+00
 1.62806312e+00
 1.62738788e+00
 1.62647688e+00
 1.62533857e+00
 1.62398774e+00
 1.62244476e+00
 1.62073480e+00
 1.61888717e+00
 1.61693538e+00
 1.61491799e+00
 1.61288006e+00
 1.61087466e+00
 1.60896291e+00
 1.60721094e+00
 1.60568358e+00
 1.60443746e+00
 1.60351667e+00
 1.60295195e+00
 1.60276165e+00
 1.62727163e+00
 1.62738530e+00
 1.62771668e+00
 1.62823774e+00
 1.62890477e+00
 1.62966334e+00
 1.63045435e+00
 1.63122034e+00
 1.63191052e+00
 1.63248271e+00
 1.63290256e+00
 1.63314197e+00
 1.63317808e+00
 1.63299329e+00
 1.63257573e+00
 1.63191998e+00
 1.63102767e+00
 1.62990770e+00
 1.62857577e+00
 1.62705336e+00
 1.62536626e+00
 1.62354342e+00
 1.62161649e+00
 1.61962030e+00
 1.61759448e+00
 1.61558620e+00
 1.61365315e+00
 1.61186353e+00
 1.61029010e+00
 1.60899979e+00
 1.60804516e+00
 1.60746080e+00
 1.60726436e+00
 1.63121722e+00
 1.63133140e+00
 1.63166409e+00
 1.63218739e+00
 1.63285813e+00
 1.63362057e+00
 1.63441281e+00
 1.63517656e+00
 1.63586318e+00
 1.63643367e+00
 1.63685590e+00
 1.63710229e+00
 1.63714933e+00
 1.63697818e+00
 1.63657573e+00
 1.63593560e+00
 1.63505907e+00
 1.63395550e+00
 1.63264181e+00
 1.63114105e+00
 1.62948038e+00
 1.62768912e+00
 1.62579780e+00
 1.62383806e+00
 1.62184352e+00
 1.61985239e+00
 1.61791271e+00
 1.61608845e+00
 1.61445923e+00
 1.61310680e+00
 1.61209664e+00
 1.61147255e+00
 1.61126128e+00
 1.63477796e+00
 1.63488881e+00
 1.63521564e+00
 1.63573673e+00
 1.63640694e+00
 1.63716213e+00
 1.63793658e+00
 1.63867625e+00
 1.63933975e+00
 1.63989338e+00
 1.64030695e+00
 1.64055231e+00
 1.64060421e+00
 1.64044194e+00
 1.64005073e+00
 1.63942291e+00
 1.63855923e+00
 1.63746953e+00
 1.63617215e+00
 1.63469224e+00
 1.63305902e+00
 1.63130299e+00
 1.62945464e+00
 1.62754405e+00
 1.62560052e+00
 1.62365316e+00
 1.62173493e+00
 1.61989312e+00
 1.61820354e+00
 1.61677078e+00
 1.61569718e+00
 1.61504318e+00
 1.61482504e+00
 1.63780781e+00
 1.63792866e+00
 1.63828288e+00
 1.63883439e+00
 1.63951560e+00
 1.64025262e+00
 1.64098877e+00
 1.64168536e+00
 1.64231203e+00
 1.64283986e+00
 1.64323897e+00
 1.64347911e+00
 1.64353242e+00
 1.64337599e+00
 1.64299324e+00
 1.64237501e+00
 1.64152138e+00
 1.64044269e+00
 1.63915877e+00
 1.63769728e+00
 1.63609006e+00
 1.63436934e+00
 1.63256649e+00
 1.63071188e+00
 1.62883387e+00
 1.62695686e+00
 1.62510043e+00
 1.62328514e+00
 1.62155246e+00
 1.61999463e+00
 1.61875674e+00
 1.61797481e+00
 1.61771130e+00
 1.64033148e+00
 1.64048477e+00
 1.64090530e+00
 1.64149907e+00
 1.64217018e+00
 1.64285808e+00
 1.64353280e+00
 1.64417370e+00
 1.64475787e+00
 1.64525766e+00
 1.64564130e+00
 1.64587518e+00
 1.64592839e+00
 1.64577599e+00
 1.64539973e+00
 1.64478888e+00
 1.64394276e+00
 1.64287222e+00
 1.64159850e+00
 1.64015191e+00
 1.63856727e+00
 1.63687877e+00
 1.63511887e+00
 1.63331960e+00
 1.63151136e+00
 1.62972019e+00
 1.62796250e+00
 1.62624192e+00
 1.62455644e+00
 1.62293322e+00
 1.62149189e+00
 1.62046274e+00
 1.62008556e+00
 1.64260686e+00
 1.64276671e+00
 1.64318566e+00
 1.64373731e+00
 1.64433071e+00
 1.64493353e+00
 1.64553463e+00
 1.64611901e+00
 1.64666357e+00
 1.64713852e+00
 1.64750901e+00
 1.64773749e+00
 1.64779024e+00
 1.64764076e+00
 1.64726949e+00
 1.64666419e+00
 1.64582335e+00
 1.64475843e+00
 1.64349169e+00
 1.64205609e+00
 1.64048942e+00
 1.63882765e+00
 1.63710412e+00
 1.63535288e+00
 1.63360758e+00
 1.63190006e+00
 1.63025338e+00
 1.62867540e+00
 1.62715451e+00
 1.62567375e+00
 1.62428294e+00
 1.62320962e+00
 1.62279614e+00
 1.64454649e+00
 1.64468029e+00
 1.64501405e+00
 1.64544354e+00
 1.64592190e+00
 1.64643502e+00
 1.64697110e+00
 1.64750970e+00
 1.64802369e+00
 1.64848015e+00
 1.64884135e+00
 1.64906606e+00
 1.64911844e+00
 1.64897104e+00
 1.64860343e+00
 1.64800204e+00
 1.64716459e+00
 1.64610323e+00
 1.64484075e+00
 1.64341239e+00
 1.64185854e+00
 1.64021663e+00
 1.63852025e+00
 1.63680532e+00
 1.63510821e+00
 1.63346715e+00
 1.63191463e+00
 1.63047322e+00
 1.62915106e+00
 1.62794142e+00
 1.62685080e+00
 1.62598779e+00
 1.62563681e+00
 1.64588039e+00
 1.64596677e+00
 1.64618502e+00
 1.64649775e+00
 1.64688754e+00
 1.64733897e+00
 1.64783315e+00
 1.64834311e+00
 1.64883837e+00
 1.64928374e+00
 1.64963965e+00
 1.64986225e+00
 1.64991443e+00
 1.64976833e+00
 1.64940299e+00
 1.64880395e+00
 1.64796836e+00
 1.64690893e+00
 1.64564864e+00
 1.64422428e+00
 1.64267804e+00
 1.64104830e+00
 1.63936853e+00
 1.63767598e+00
 1.63600849e+00
 1.63440888e+00
 1.63291638e+00
 1.63156546e+00
 1.63038478e+00
 1.62939381e+00
 1.62860858e+00
 1.62805793e+00
 1.62783642e+00
 1.64635800e+00
 1.64641459e+00
 1.64658173e+00
 1.64685118e+00
 1.64720989e+00
 1.64764018e+00
 1.64812025e+00
 1.64862058e+00
 1.64910959e+00
 1.64955131e+00
 1.64990553e+00
 1.65012746e+00
 1.65017959e+00
 1.65003392e+00
 1.64966936e+00
 1.64907110e+00
 1.64823610e+00
 1.64717728e+00
 1.64591765e+00
 1.64449456e+00
 1.64295083e+00
 1.64132519e+00
 1.63965100e+00
 1.63796598e+00
 1.63630840e+00
 1.63472275e+00
 1.63325051e+00
 1.63193036e+00
 1.63079840e+00
 1.62988475e+00
 1.62921387e+00
 1.62880391e+00
 1.62866600e+00
