 1.49298500e+00
 1.49299577e+00
 1.49302412e+00
 1.49305840e+00
 1.49308041e+00
 1.49306693e+00
 1.49299178e+00
 1.49282557e+00
 1.49254182e+00
 1.49211520e+00
 1.49152586e+00
 1.49076698e+00
 1.48984600e+00
 1.48876357e+00
 1.48751287e+00
 1.48608620e+00
 1.48448325e+00
 1.48272086e+00
 1.48083935e+00
 1.47887675e+00
 1.47687174e+00
 1.47485997e+00
 1.47286988e+00
 1.47093430e+00
 1.46908597e+00
 1.46735842e+00
 1.46578240e+00
 1.46438713e+00
 1.46320243e+00
 1.46225344e+00
 1.46156052e+00
 1.46113865e+00
 1.46099700e+00
 1.49334477e+00
 1.49323305e+00
 1.49305555e+00
 1.49292342e+00
 1.49283443e+00
 1.49275316e+00
 1.49263758e+00
 1.49244772e+00
 1.49215035e+00
 1.49171661e+00
 1.49112454e+00
 1.49036565e+00
 1.48944546e+00
 1.48836397e+00
 1.48711440e+00
 1.48568937e+00
 1.48408892e+00
 1.48233000e+00
 1.48045181e+00
 1.47849219e+00
 1.47648956e+00
 1.47447939e+00
 1.47249064e+00
 1.47055618e+00
 1.46870900e+00
 1.46698287e+00
 1.46540922e+00
 1.46401852e+00
 1.46284208e+00
 1.46190759e+00
 1.46123746e+00
 1.46084467e+00
 1.46072056e+00
 1.49400182e+00
 1.49370060e+00
 1.49306665e+00
 1.49249048e+00
 1.49208785e+00
 1.49180987e+00
 1.49157571e+00
 1.49131574e+00
 1.49097794e+00
 1.49052289e+00
 1.48992240e+00
 1.48916311e+00
 1.48824514e+00
 1.48716654e+00
 1.48592050e+00
 1.48450049e+00
 1.48290752e+00
 1.48115864e+00
 1.47929018e+00
 1.47733933e+00
 1.47534370e+00
 1.47333840e+00
 1.47135368e+00
 1.46942258e+00
 1.46757887e+00
 1.46585702e+00
 1.46429046e+00
 1.46291305e+00
 1.46176045e+00
 1.46086662e+00
 1.46025680e+00
 1.45992758e+00
 1.45983008e+00
 1.49389164e+00
 1.49349959e+00
 1.49256018e+00
 1.49155035e+00
 1.49076189e+00
 1.49021022e+00
 1.48979933e+00
 1.48943051e+00
 1.48902859e+00
 1.48853914e+00
 1.48792451e+00
 1.48716366e+00
 1.48624912e+00
 1.48517555e+00
 1.48393581e+00
 1.48252445e+00
 1.48094375e+00
 1.47921060e+00
 1.47735768e+00
 1.47542083e+00
 1.47343653e+00
 1.47143947e+00
 1.46946142e+00
 1.46753598e+00
 1.46569792e+00
 1.46398301e+00
 1.46242747e+00
 1.46106931e+00
 1.45994872e+00
 1.45910280e+00
 1.45854876e+00
 1.45825885e+00
 1.45817269e+00
 1.49188864e+00
 1.49155131e+00
 1.49068175e+00
 1.48960817e+00
 1.48862816e+00
 1.48786046e+00
 1.48727356e+00
 1.48678220e+00
 1.48630327e+00
 1.48577098e+00
 1.48513795e+00
 1.48437437e+00
 1.48346446e+00
 1.48239842e+00
 1.48116825e+00
 1.47976946e+00
 1.47820551e+00
 1.47649272e+00
 1.47466023e+00
 1.47274188e+00
 1.47077279e+00
 1.46878731e+00
 1.46681853e+00
 1.46490088e+00
 1.46307025e+00
 1.46136388e+00
 1.45982026e+00
 1.45847932e+00
 1.45737992e+00
 1.45655091e+00
 1.45599608e+00
 1.45568877e+00
 1.45559201e+00
 1.48769342e+00
 1.48752559e+00
 1.48702779e+00
 1.48626950e+00
 1.48541110e+00
 1.48460903e+00
 1.48392693e+00
 1.48334222e+00
 1.48279481e+00
 1.48222156e+00
 1.48157050e+00
 1.48080486e+00
 1.47990155e+00
 1.47884616e+00
 1.47762938e+00
 1.47624728e+00
 1.47470416e+00
 1.47301548e+00
 1.47120728e+00
 1.46931110e+00
 1.46736063e+00
 1.46538983e+00
 1.46343273e+00
 1.46152461e+00
 1.45970224e+00
 1.45800374e+00
 1.45646783e+00
 1.45513185e+00
 1.45402647e+00
 1.45316798e+00
 1.45255639e+00
 1.45218709e+00
 1.45206273e+00
 1.48255156e+00
 1.48245662e+00
 1.48216460e+00
 1.48167575e+00
 1.48103875e+00
 1.48034710e+00
 1.47968201e+00
 1.47907001e+00
 1.47848827e+00
 1.47789091e+00
 1.47723025e+00
 1.47646731e+00
 1.47557453e+00
 1.47453396e+00
 1.47333494e+00
 1.47197380e+00
 1.47045521e+00
 1.46879370e+00
 1.46701278e+00
 1.46514172e+00
 1.46321272e+00
 1.46125931e+00
 1.45931597e+00
 1.45741849e+00
 1.45560400e+00
 1.45391031e+00
 1.45237429e+00
 1.45102880e+00
 1.44989857e+00
 1.44899883e+00
 1.44834041e+00
 1.44793622e+00
 1.44779958e+00
 1.47674183e+00
 1.47666531e+00
 1.47644146e+00
 1.47608424e+00
 1.47561591e+00
 1.47507407e+00
 1.47450444e+00
 1.47393701e+00
 1.47337095e+00
 1.47278008e+00
 1.47212745e+00
 1.47137751e+00
 1.47050214e+00
 1.46948195e+00
 1.46830566e+00
 1.46696979e+00
 1.46547918e+00
 1.46384747e+00
 1.46209619e+00
 1.46025260e+00
 1.45834750e+00
 1.45641377e+00
 1.45448588e+00
 1.45259966e+00
 1.45079193e+00
 1.44909939e+00
 1.44755687e+00
 1.44619505e+00
 1.44503940e+00
 1.44411158e+00
 1.44343143e+00
 1.44301594e+00
 1.44287621e+00
 1.46995954e+00
 1.46991445e+00
 1.46977801e+00
 1.46954996e+00
 1.46923667e+00
 1.46885282e+00
 1.46841828e+00
 1.46794922e+00
 1.46744796e+00
 1.46689998e+00
 1.46627939e+00
 1.46555750e+00
 1.46470928e+00
 1.46371646e+00
 1.46256836e+00
 1.46126209e+00
 1.45980270e+00
 1.45820316e+00
 1.45648354e+00
 1.45466943e+00
 1.45279031e+00
 1.45087828e+00
 1.44896740e+00
 1.44709310e+00
 1.44529153e+00
 1.44359843e+00
 1.44204774e+00
 1.44067063e+00
 1.43949540e+00
 1.43854792e+00
 1.43785139e+00
 1.43742483e+00
 1.43728111e+00
 1.46236986e+00
 1.46234783e+00
 1.46228075e+00
 1.46216550e+00
 1.46199749e+00
 1.46177324e+00
 1.46149197e+00
 1.46115350e+00
 1.46075366e+00
 1.46028086e+00
 1.45971659e+00
 1.45903940e+00
 1.45822945e+00
 1.45727165e+00
 1.45615732e+00
 1.45488478e+00
 1.45345960e+00
 1.45189444e+00
 1.45020833e+00
 1.44842557e+00
 1.44657445e+00
 1.44468618e+00
 1.44279416e+00
 1.44093325e+00
 1.43913900e+00
 1.43744675e+00
 1.43589079e+00
 1.43450381e+00
 1.43331671e+00
 1.43235813e+00
 1.43165321e+00
 1.43122178e+00
 1.43107652e+00
 1.45403156e+00
 1.45403478e+00
 1.45404064e+00
 1.45403863e+00
 1.45401364e+00
 1.45394847e+00
 1.45382638e+00
 1.45363271e+00
 1.45335430e+00
 1.45297767e+00
 1.45248784e+00
 1.45186912e+00
 1.45110718e+00
 1.45019124e+00
 1.44911554e+00
 1.44788027e+00
 1.44649192e+00
 1.44496314e+00
 1.44331235e+00
 1.44156285e+00
 1.43974190e+00
 1.43787982e+00
 1.43600928e+00
 1.43416458e+00
 1.43238094e+00
 1.43069385e+00
 1.42913839e+00
 1.42774880e+00
 1.42655776e+00
 1.42559536e+00
 1.42488752e+00
 1.42445432e+00
 1.42430847e+00
 1.44511039e+00
 1.44513766e+00
 1.44521353e+00
 1.44532074e+00
 1.44543306e+00
 1.44551972e+00
 1.44555042e+00
 1.44549892e+00
 1.44534421e+00
 1.44506967e+00
 1.44466155e+00
 1.44410806e+00
 1.44339963e+00
 1.44252968e+00
 1.44149573e+00
 1.44030014e+00
 1.43895051e+00
 1.43745981e+00
 1.43584609e+00
 1.43413191e+00
 1.43234363e+00
 1.43051078e+00
 1.42866533e+00
 1.42684110e+00
 1.42507323e+00
 1.42339749e+00
 1.42184977e+00
 1.42046534e+00
 1.41927785e+00
 1.41831797e+00
 1.41761192e+00
 1.41717979e+00
 1.41703430e+00
 1.43581982e+00
 1.43586985e+00
 1.43601022e+00
 1.43621413e+00
 1.43644390e+00
 1.43665786e+00
 1.43681624e+00
 1.43688504e+00
 1.43683772e+00
 1.43665487e+00
 1.43632280e+00
 1.43583199e+00
 1.43517619e+00
 1.43435224e+00
 1.43336048e+00
 1.43220523e+00
 1.43089524e+00
 1.42944382e+00
 1.42786880e+00
 1.42619214e+00
 1.42443946e+00
 1.42263952e+00
 1.42082368e+00
 1.41902537e+00
 1.41727961e+00
 1.41562242e+00
 1.41409018e+00
 1.41271869e+00
 1.41154200e+00
 1.41059094e+00
 1.40989159e+00
 1.40946373e+00
 1.40931972e+00
 1.42647150e+00
 1.42653242e+00
 1.42670475e+00
 1.42695951e+00
 1.42725510e+00
 1.42754470e+00
 1.42778294e+00
 1.42793068e+00
 1.42795728e+00
 1.42784087e+00
 1.42756700e+00
 1.42712695e+00
 1.42651617e+00
 1.42573359e+00
 1.42478136e+00
 1.42366517e+00
 1.42239453e+00
 1.42098296e+00
 1.41944805e+00
 1.41781121e+00
 1.41609737e+00
 1.41433456e+00
 1.41255353e+00
 1.41078727e+00
 1.40907057e+00
 1.40743943e+00
 1.40593030e+00
 1.40457902e+00
 1.40341953e+00
 1.40248242e+00
 1.40179335e+00
 1.40137180e+00
 1.40122990e+00
 1.41723728e+00
 1.41729692e+00
 1.41746705e+00
 1.41772244e+00
 1.41802486e+00
 1.41832889e+00
 1.41858851e+00
 1.41876282e+00
 1.41881921e+00
 1.41873410e+00
 1.41849200e+00
 1.41808377e+00
 1.41750506e+00
 1.41675530e+00
 1.41583726e+00
 1.41475707e+00
 1.41352439e+00
 1.41215263e+00
 1.41065897e+00
 1.40906421e+00
 1.40739259e+00
 1.40567141e+00
 1.40393072e+00
 1.40220294e+00
 1.40052237e+00
 1.39892464e+00
 1.39744585e+00
 1.39612149e+00
 1.39498507e+00
 1.39406669e+00
 1.39339153e+00
 1.39297857e+00
 1.39283959e+00
 1.40814008e+00
 1.40819324e+00
 1.40834456e+00
 1.40857101e+00
 1.40883826e+00
 1.40910590e+00
 1.40933290e+00
 1.40948199e+00
 1.40952241e+00
 1.40943085e+00
 1.40919107e+00
 1.40879281e+00
 1.40823063e+00
 1.40750312e+00
 1.40661237e+00
 1.40556399e+00
 1.40436713e+00
 1.40303464e+00
 1.40158307e+00
 1.40003252e+00
 1.39840647e+00
 1.39673142e+00
 1.39503662e+00
 1.39335368e+00
 1.39171613e+00
 1.39015885e+00
 1.38871720e+00
 1.38742590e+00
 1.38631773e+00
 1.38542209e+00
 1.38476357e+00
 1.38436072e+00
 1.38422513e+00
 1.39924141e+00
 1.39928096e+00
 1.39939270e+00
 1.39955755e+00
 1.39974809e+00
 1.39993289e+00
 1.40007993e+00
 1.40015909e+00
 1.40014397e+00
 1.40001283e+00
 1.39974899e+00
 1.39934061e+00
 1.39878030e+00
 1.39806472e+00
 1.39719435e+00
 1.39617342e+00
 1.39501000e+00
 1.39371600e+00
 1.39230710e+00
 1.39080263e+00
 1.38922525e+00
 1.38760059e+00
 1.38595697e+00
 1.38432495e+00
 1.38273698e+00
 1.38122680e+00
 1.37982866e+00
 1.37857623e+00
 1.37750133e+00
 1.37663254e+00
 1.37599374e+00
 1.37560298e+00
 1.37547146e+00
 1.39055067e+00
 1.39056739e+00
 1.39061456e+00
 1.39068340e+00
 1.39075977e+00
 1.39082529e+00
 1.39085880e+00
 1.39083804e+00
 1.39074120e+00
 1.39054830e+00
 1.39024225e+00
 1.38980946e+00
 1.38924020e+00
 1.38852869e+00
 1.38767322e+00
 1.38667616e+00
 1.38554410e+00
 1.38428776e+00
 1.38292190e+00
 1.38146499e+00
 1.37993890e+00
 1.37836838e+00
 1.37678070e+00
 1.37520521e+00
 1.37367295e+00
 1.37221615e+00
 1.37086755e+00
 1.36965944e+00
 1.36862243e+00
 1.36778411e+00
 1.36716763e+00
 1.36679047e+00
 1.36666352e+00
 1.38191004e+00
 1.38190406e+00
 1.38188662e+00
 1.38185826e+00
 1.38181759e+00
 1.38175933e+00
 1.38167354e+00
 1.38154611e+00
 1.38136025e+00
 1.38109820e+00
 1.38074295e+00
 1.38027958e+00
 1.37969621e+00
 1.37898470e+00
 1.37814103e+00
 1.37716563e+00
 1.37606349e+00
 1.37484412e+00
 1.37352135e+00
 1.37211293e+00
 1.37064002e+00
 1.36912658e+00
 1.36759885e+00
 1.36608482e+00
 1.36461387e+00
 1.36321636e+00
 1.36192311e+00
 1.36076462e+00
 1.35977000e+00
 1.35896566e+00
 1.35837393e+00
 1.35801179e+00
 1.35788987e+00
 1.37319329e+00
 1.37317116e+00
 1.37310698e+00
 1.37300633e+00
 1.37287542e+00
 1.37271802e+00
 1.37253314e+00
 1.37231422e+00
 1.37204984e+00
 1.37172533e+00
 1.37132473e+00
 1.37083268e+00
 1.37023588e+00
 1.36952431e+00
 1.36869199e+00
 1.36773758e+00
 1.36666463e+00
 1.36548159e+00
 1.36420155e+00
 1.36284174e+00
 1.36142285e+00
 1.35996828e+00
 1.35850336e+00
 1.35705477e+00
 1.35565008e+00
 1.35431743e+00
 1.35308528e+00
 1.35198189e+00
 1.35103447e+00
 1.35026801e+00
 1.34970389e+00
 1.34935852e+00
 1.34924222e+00
 1.36440605e+00
 1.36437477e+00
 1.36428364e+00
 1.36413985e+00
 1.36395279e+00
 1.36373082e+00
 1.36347850e+00
 1.36319487e+00
 1.36287322e+00
 1.36250225e+00
 1.36206785e+00
 1.36155511e+00
 1.36095018e+00
 1.36024181e+00
 1.35942258e+00
 1.35848976e+00
 1.35744579e+00
 1.35629831e+00
 1.35505999e+00
 1.35374783e+00
 1.35238241e+00
 1.35098690e+00
 1.34958610e+00
 1.34820557e+00
 1.34687110e+00
 1.34560839e+00
 1.34444306e+00
 1.34340054e+00
 1.34250565e+00
 1.34178154e+00
 1.34124837e+00
 1.34092180e+00
 1.34081180e+00
 1.35564732e+00
 1.35561203e+00
 1.35550885e+00
 1.35534507e+00
 1.35513072e+00
 1.35487572e+00
 1.35458714e+00
 1.35426715e+00
 1.35391240e+00
 1.35351451e+00
 1.35306143e+00
 1.35253925e+00
 1.35193416e+00
 1.35123427e+00
 1.35043123e+00
 1.34952133e+00
 1.34850625e+00
 1.34739320e+00
 1.34619471e+00
 1.34492795e+00
 1.34361377e+00
 1.34227555e+00
 1.34093803e+00
 1.33962619e+00
 1.33836434e+00
 1.33717574e+00
 1.33608271e+00
 1.33510711e+00
 1.33427050e+00
 1.33359361e+00
 1.33309503e+00
 1.33278955e+00
 1.33268664e+00
 1.34705454e+00
 1.34701859e+00
 1.34691335e+00
 1.34674587e+00
 1.34652576e+00
 1.34626251e+00
 1.34596325e+00
 1.34563125e+00
 1.34526517e+00
 1.34485894e+00
 1.34440237e+00
 1.34388260e+00
 1.34328608e+00
 1.34260064e+00
 1.34181730e+00
 1.34093176e+00
 1.33994524e+00
 1.33886485e+00
 1.33770334e+00
 1.33647836e+00
 1.33521137e+00
 1.33392640e+00
 1.33264872e+00
 1.33140343e+00
 1.33021416e+00
 1.32910218e+00
 1.32808636e+00
 1.32718408e+00
 1.32641244e+00
 1.32578857e+00
 1.32532874e+00
 1.32504662e+00
 1.32495148e+00
 1.33876570e+00
 1.33873229e+00
 1.33863437e+00
 1.33847777e+00
 1.33826962e+00
 1.33801687e+00
 1.33772542e+00
 1.33739913e+00
 1.33703840e+00
 1.33663898e+00
 1.33619201e+00
 1.33568530e+00
 1.33510540e+00
 1.33443990e+00
 1.33367941e+00
 1.33281922e+00
 1.33186040e+00
 1.33081020e+00
 1.32968186e+00
 1.32849380e+00
 1.32726833e+00
 1.32603040e+00
 1.32480625e+00
 1.32362191e+00
 1.32250154e+00
 1.32146567e+00
 1.32053034e+00
 1.31970788e+00
 1.31900928e+00
 1.31844632e+00
 1.31803187e+00
 1.31777778e+00
 1.31769214e+00
 1.33093161e+00
 1.33090479e+00
 1.33082414e+00
 1.33068989e+00
 1.33050401e+00
 1.33027071e+00
 1.32999590e+00
 1.32968518e+00
 1.32934070e+00
 1.32895919e+00
 1.32853200e+00
 1.32804683e+00
 1.32748999e+00
 1.32684871e+00
 1.32611328e+00
 1.32527870e+00
 1.32434602e+00
 1.32332284e+00
 1.32222312e+00
 1.32106624e+00
 1.31987550e+00
 1.31867676e+00
 1.31749733e+00
 1.31636468e+00
 1.31530472e+00
 1.31433938e+00
 1.31348405e+00
 1.31274670e+00
 1.31213049e+00
 1.31163854e+00
 1.31127691e+00
 1.31105427e+00
 1.31097889e+00
 1.32375190e+00
 1.32372874e+00
 1.32365855e+00
 1.32353901e+00
 1.32336821e+00
 1.32314905e+00
 1.32288967e+00
 1.32259802e+00
 1.32227651e+00
 1.32192063e+00
 1.32152045e+00
 1.32106274e+00
 1.32053328e+00
 1.31991889e+00
 1.31920949e+00
 1.31839986e+00
 1.31749110e+00
 1.31649122e+00
 1.31541513e+00
 1.31428335e+00
 1.31312016e+00
 1.31195210e+00
 1.31080717e+00
 1.30971407e+00
 1.30870105e+00
 1.30779357e+00
 1.30701030e+00
 1.30635861e+00
 1.30583398e+00
 1.30542737e+00
 1.30513479e+00
 1.30495804e+00
 1.30489901e+00
 1.31734999e+00
 1.31733089e+00
 1.31726767e+00
 1.31714943e+00
 1.31697455e+00
 1.31675509e+00
 1.31650632e+00
 1.31623603e+00
 1.31594254e+00
 1.31561755e+00
 1.31524874e+00
 1.31482172e+00
 1.31432167e+00
 1.31373504e+00
 1.31305132e+00
 1.31226507e+00
 1.31137745e+00
 1.31039687e+00
 1.30933932e+00
 1.30822671e+00
 1.30708426e+00
 1.30593881e+00
 1.30481835e+00
 1.30375187e+00
 1.30276915e+00
 1.30189965e+00
 1.30116911e+00
 1.30059229e+00
 1.30016347e+00
 1.29985555e+00
 1.29963837e+00
 1.29950178e+00
 1.29945414e+00
 1.31191180e+00
 1.31187958e+00
 1.31177836e+00
 1.31161020e+00
 1.31139742e+00
 1.31116683e+00
 1.31093100e+00
 1.31068755e+00
 1.31042649e+00
 1.31013509e+00
 1.30979910e+00
 1.30940325e+00
 1.30893234e+00
 1.30837256e+00
 1.30771293e+00
 1.30694767e+00
 1.30607807e+00
 1.30511273e+00
 1.30406886e+00
 1.30297008e+00
 1.30184250e+00
 1.30071285e+00
 1.29960844e+00
 1.29855736e+00
 1.29758902e+00
 1.29673458e+00
 1.29602630e+00
 1.29549318e+00
 1.29514806e+00
 1.29496811e+00
 1.29489252e+00
 1.29486038e+00
 1.29484939e+00
 1.30743603e+00
 1.30736246e+00
 1.30716975e+00
 1.30692172e+00
 1.30667502e+00
 1.30645083e+00
 1.30624204e+00
 1.30603236e+00
 1.30580569e+00
 1.30554740e+00
 1.30524264e+00
 1.30487587e+00
 1.30443173e+00
 1.30389631e+00
 1.30325803e+00
 1.30251067e+00
 1.30165587e+00
 1.30070192e+00
 1.29966740e+00
 1.29857794e+00
 1.29746057e+00
 1.29634148e+00
 1.29524703e+00
 1.29420341e+00
 1.29323801e+00
 1.29238010e+00
 1.29166258e+00
 1.29112295e+00
 1.29079893e+00
 1.29070617e+00
 1.29079680e+00
 1.29094635e+00
 1.29101631e+00
 1.30364500e+00
 1.30355444e+00
 1.30333342e+00
 1.30308358e+00
 1.30286589e+00
 1.30268254e+00
 1.30251366e+00
 1.30233977e+00
 1.30214498e+00
 1.30191587e+00
 1.30163808e+00
 1.30129610e+00
 1.30087456e+00
 1.30035961e+00
 1.29973903e+00
 1.29900592e+00
 1.29816274e+00
 1.29721671e+00
 1.29618799e+00
 1.29510433e+00
 1.29399367e+00
 1.29288138e+00
 1.29179292e+00
 1.29075225e+00
 1.28978410e+00
 1.28891360e+00
 1.28816866e+00
 1.28758209e+00
 1.28719535e+00
 1.28704964e+00
 1.28713869e+00
 1.28733661e+00
 1.28743680e+00
 1.30061878e+00
 1.30054415e+00
 1.30037980e+00
 1.30021214e+00
 1.30006785e+00
 1.29993830e+00
 1.29980825e+00
 1.29966455e+00
 1.29949481e+00
 1.29928821e+00
 1.29903104e+00
 1.29870788e+00
 1.29830340e+00
 1.29780395e+00
 1.29719664e+00
 1.29647377e+00
 1.29563905e+00
 1.29469803e+00
 1.29367247e+00
 1.29259206e+00
 1.29148560e+00
 1.29037740e+00
 1.28929251e+00
 1.28825268e+00
 1.28728057e+00
 1.28639692e+00
 1.28562353e+00
 1.28498212e+00
 1.28449960e+00
 1.28420866e+00
 1.28412837e+00
 1.28420658e+00
 1.28427197e+00
 1.29862969e+00
 1.29859434e+00
 1.29852393e+00
 1.29844575e+00
 1.29836333e+00
 1.29827309e+00
 1.29816906e+00
 1.29804481e+00
 1.29789073e+00
 1.29769823e+00
 1.29745394e+00
 1.29714250e+00
 1.29674860e+00
 1.29625879e+00
 1.29565975e+00
 1.29494297e+00
 1.29411348e+00
 1.29317512e+00
 1.29215101e+00
 1.29107215e+00
 1.28996801e+00
 1.28886194e+00
 1.28777901e+00
 1.28673928e+00
 1.28576430e+00
 1.28487166e+00
 1.28407915e+00
 1.28339962e+00
 1.28284562e+00
 1.28243191e+00
 1.28217001e+00
 1.28205736e+00
 1.28204300e+00
 1.29793300e+00
 1.29792376e+00
 1.29789653e+00
 1.29785225e+00
 1.29779188e+00
 1.29771527e+00
 1.29762014e+00
 1.29750252e+00
 1.29735373e+00
 1.29716602e+00
 1.29692610e+00
 1.29661863e+00
 1.29622833e+00
 1.29574179e+00
 1.29514556e+00
 1.29443079e+00
 1.29360307e+00
 1.29266553e+00
 1.29164183e+00
 1.29056341e+00
 1.28946002e+00
 1.28835460e+00
 1.28727231e+00
 1.28623254e+00
 1.28525657e+00
 1.28436082e+00
 1.28356181e+00
 1.28286920e+00
 1.28229040e+00
 1.28183295e+00
 1.28150249e+00
 1.28130280e+00
 1.28123600e+00
