 1.57563100e+00
 1.57579144e+00
 1.57626893e+00
 1.57705142e+00
 1.57811730e+00
 1.57943296e+00
 1.58095137e+00
 1.58261949e+00
 1.58438773e+00
 1.58624771e+00
 1.58826311e+00
 1.59060658e+00
 1.59364449e+00
 1.59753256e+00
 1.60198415e+00
 1.60668715e+00
 1.61135031e+00
 1.61571337e+00
 1.61957803e+00
 1.62288187e+00
 1.62559975e+00
 1.62778034e+00
 1.62950806e+00
 1.63083664e+00
 1.63180760e+00
 1.63246695e+00
 1.63288707e+00
 1.63313994e+00
 1.63328176e+00
 1.63335456e+00
 1.63338787e+00
 1.63340081e+00
 1.63340400e+00
 1.57646332e+00
 1.57645993e+00
 1.57666462e+00
 1.57723046e+00
 1.57815584e+00
 1.57938938e+00
 1.58086281e+00
 1.58250907e+00
 1.58427166e+00
 1.58613795e+00
 1.58816772e+00
 1.59052949e+00
 1.59356831e+00
 1.59743089e+00
 1.60184849e+00
 1.60651504e+00
 1.61114327e+00
 1.61547602e+00
 1.61931870e+00
 1.62260582e+00
 1.62531287e+00
 1.62748611e+00
 1.62920641e+00
 1.63052738e+00
 1.63149126e+00
 1.63214548e+00
 1.63256160e+00
 1.63281101e+00
 1.63295049e+00
 1.63302333e+00
 1.63306044e+00
 1.63308088e+00
 1.63308932e+00
 1.57838191e+00
 1.57812841e+00
 1.57773328e+00
 1.57772426e+00
 1.57825471e+00
 1.57925140e+00
 1.58059359e+00
 1.58217536e+00
 1.58392029e+00
 1.58580318e+00
 1.58787254e+00
 1.59028245e+00
 1.59332205e+00
 1.59711382e+00
 1.60143391e+00
 1.60599514e+00
 1.61052185e+00
 1.61476641e+00
 1.61854389e+00
 1.62178159e+00
 1.62445578e+00
 1.62660615e+00
 1.62830409e+00
 1.62960243e+00
 1.63054542e+00
 1.63118385e+00
 1.63158730e+00
 1.63182566e+00
 1.63195735e+00
 1.63202895e+00
 1.63207426e+00
 1.63210845e+00
 1.63212328e+00
 1.57993146e+00
 1.57956638e+00
 1.57878893e+00
 1.57823710e+00
 1.57829480e+00
 1.57897033e+00
 1.58012148e+00
 1.58160548e+00
 1.58332120e+00
 1.58522572e+00
 1.58735027e+00
 1.58982208e+00
 1.59285764e+00
 1.59654681e+00
 1.60071847e+00
 1.60511670e+00
 1.60948474e+00
 1.61359073e+00
 1.61726245e+00
 1.62042000e+00
 1.62303868e+00
 1.62514874e+00
 1.62680902e+00
 1.62807033e+00
 1.62897939e+00
 1.62959037e+00
 1.62997057e+00
 1.63018806e+00
 1.63030286e+00
 1.63036447e+00
 1.63040681e+00
 1.63043958e+00
 1.63045295e+00
 1.57958463e+00
 1.57930900e+00
 1.57866837e+00
 1.57808971e+00
 1.57795417e+00
 1.57840302e+00
 1.57937972e+00
 1.58076251e+00
 1.58244556e+00
 1.58437293e+00
 1.58655628e+00
 1.58908675e+00
 1.59210880e+00
 1.59567819e+00
 1.59966830e+00
 1.60386214e+00
 1.60802852e+00
 1.61195628e+00
 1.61548703e+00
 1.61853663e+00
 1.62107701e+00
 1.62312778e+00
 1.62473475e+00
 1.62594533e+00
 1.62680795e+00
 1.62737874e+00
 1.62772271e+00
 1.62790565e+00
 1.62798716e+00
 1.62801618e+00
 1.62802569e+00
 1.62803029e+00
 1.62803210e+00
 1.57697011e+00
 1.57694031e+00
 1.57684722e+00
 1.57675728e+00
 1.57685625e+00
 1.57732992e+00
 1.57824812e+00
 1.57957566e+00
 1.58124187e+00
 1.58319518e+00
 1.58543226e+00
 1.58800731e+00
 1.59100414e+00
 1.59444770e+00
 1.59824162e+00
 1.60220825e+00
 1.60614645e+00
 1.60986884e+00
 1.61323137e+00
 1.61614930e+00
 1.61858990e+00
 1.62056229e+00
 1.62210053e+00
 1.62324743e+00
 1.62405144e+00
 1.62456874e+00
 1.62486180e+00
 1.62499342e+00
 1.62502079e+00
 1.62499117e+00
 1.62494052e+00
 1.62489619e+00
 1.62487863e+00
 1.57386304e+00
 1.57393935e+00
 1.57414809e+00
 1.57446204e+00
 1.57491218e+00
 1.57559377e+00
 1.57659663e+00
 1.57795135e+00
 1.57963868e+00
 1.58162858e+00
 1.58391266e+00
 1.58651583e+00
 1.58947687e+00
 1.59279591e+00
 1.59639432e+00
 1.60012847e+00
 1.60382831e+00
 1.60733121e+00
 1.61050788e+00
 1.61327602e+00
 1.61559862e+00
 1.61747553e+00
 1.61893097e+00
 1.62000245e+00
 1.62073661e+00
 1.62118804e+00
 1.62141655e+00
 1.62148238e+00
 1.62144185e+00
 1.62134512e+00
 1.62123627e+00
 1.62115290e+00
 1.62112184e+00
 1.57066463e+00
 1.57076614e+00
 1.57107000e+00
 1.57157179e+00
 1.57226941e+00
 1.57318206e+00
 1.57434974e+00
 1.57580623e+00
 1.57756057e+00
 1.57960485e+00
 1.58193315e+00
 1.58455210e+00
 1.58747080e+00
 1.59067168e+00
 1.59408586e+00
 1.59759636e+00
 1.60106179e+00
 1.60434336e+00
 1.60732668e+00
 1.60993402e+00
 1.61212560e+00
 1.61389401e+00
 1.61525552e+00
 1.61624226e+00
 1.61689779e+00
 1.61727432e+00
 1.61742955e+00
 1.61742300e+00
 1.61731309e+00
 1.61715533e+00
 1.61700014e+00
 1.61688884e+00
 1.61684858e+00
 1.56693870e+00
 1.56707859e+00
 1.56748886e+00
 1.56814848e+00
 1.56903865e+00
 1.57015292e+00
 1.57149968e+00
 1.57309483e+00
 1.57494958e+00
 1.57706564e+00
 1.57943978e+00
 1.58206863e+00
 1.58494381e+00
 1.58803668e+00
 1.59128432e+00
 1.59458957e+00
 1.59783528e+00
 1.60090416e+00
 1.60369625e+00
 1.60613979e+00
 1.60819410e+00
 1.60984677e+00
 1.61110793e+00
 1.61200477e+00
 1.61257738e+00
 1.61287565e+00
 1.61295615e+00
 1.61287910e+00
 1.61270564e+00
 1.61249493e+00
 1.61230039e+00
 1.61216496e+00
 1.61211659e+00
 1.56289257e+00
 1.56305032e+00
 1.56351722e+00
 1.56427547e+00
 1.56530095e+00
 1.56657208e+00
 1.56807655e+00
 1.56981145e+00
 1.57177781e+00
 1.57397470e+00
 1.57639699e+00
 1.57903480e+00
 1.58186989e+00
 1.58486769e+00
 1.58796973e+00
 1.59109347e+00
 1.59414124e+00
 1.59701412e+00
 1.59962547e+00
 1.60191022e+00
 1.60382857e+00
 1.60536515e+00
 1.60652572e+00
 1.60733331e+00
 1.60782487e+00
 1.60804833e+00
 1.60805980e+00
 1.60792055e+00
 1.60769373e+00
 1.60744040e+00
 1.60721504e+00
 1.60706101e+00
 1.60700641e+00
 1.55848820e+00
 1.55865920e+00
 1.55916570e+00
 1.55999003e+00
 1.56110758e+00
 1.56249209e+00
 1.56412048e+00
 1.56597578e+00
 1.56804624e+00
 1.57032206e+00
 1.57279181e+00
 1.57543939e+00
 1.57824042e+00
 1.58115742e+00
 1.58413574e+00
 1.58710388e+00
 1.58997931e+00
 1.59267829e+00
 1.59512599e+00
 1.59726423e+00
 1.59905538e+00
 1.60048286e+00
 1.60154957e+00
 1.60227535e+00
 1.60269450e+00
 1.60285326e+00
 1.60280722e+00
 1.60261826e+00
 1.60235075e+00
 1.60206677e+00
 1.60182095e+00
 1.60165567e+00
 1.60159756e+00
 1.55373299e+00
 1.55391115e+00
 1.55444050e+00
 1.55530610e+00
 1.55648487e+00
 1.55794881e+00
 1.55966908e+00
 1.56161922e+00
 1.56377656e+00
 1.56612121e+00
 1.56863354e+00
 1.57129090e+00
 1.57406421e+00
 1.57691441e+00
 1.57979020e+00
 1.58262848e+00
 1.58535847e+00
 1.58790869e+00
 1.59021449e+00
 1.59222434e+00
 1.59390363e+00
 1.59523589e+00
 1.59622239e+00
 1.59688068e+00
 1.59724274e+00
 1.59735294e+00
 1.59726560e+00
 1.59704186e+00
 1.59674575e+00
 1.59643931e+00
 1.59617725e+00
 1.59600212e+00
 1.59594070e+00
 1.54859805e+00
 1.54878195e+00
 1.54932893e+00
 1.55022505e+00
 1.55144810e+00
 1.55296955e+00
 1.55475734e+00
 1.55677898e+00
 1.55900380e+00
 1.56140336e+00
 1.56395023e+00
 1.56661557e+00
 1.56936622e+00
 1.57216210e+00
 1.57495461e+00
 1.57768713e+00
 1.58029803e+00
 1.58272565e+00
 1.58491399e+00
 1.58681772e+00
 1.58840563e+00
 1.58966229e+00
 1.59058829e+00
 1.59119950e+00
 1.59152585e+00
 1.59160949e+00
 1.59150247e+00
 1.59126371e+00
 1.59095519e+00
 1.59063765e+00
 1.59036579e+00
 1.59018353e+00
 1.59011946e+00
 1.54308586e+00
 1.54327529e+00
 1.54383863e+00
 1.54476138e+00
 1.54602056e+00
 1.54758634e+00
 1.54942442e+00
 1.55149858e+00
 1.55377287e+00
 1.55621270e+00
 1.55878450e+00
 1.56145426e+00
 1.56418546e+00
 1.56693719e+00
 1.56966298e+00
 1.57231127e+00
 1.57482761e+00
 1.57715823e+00
 1.57925444e+00
 1.58107654e+00
 1.58259688e+00
 1.58380158e+00
 1.58469118e+00
 1.58528038e+00
 1.58559722e+00
 1.58568147e+00
 1.58558254e+00
 1.58535649e+00
 1.58506247e+00
 1.58475865e+00
 1.58449778e+00
 1.58432250e+00
 1.58426080e+00
 1.53724634e+00
 1.53744029e+00
 1.53801692e+00
 1.53896092e+00
 1.54024790e+00
 1.54184633e+00
 1.54371993e+00
 1.54583002e+00
 1.54813737e+00
 1.55060332e+00
 1.55318992e+00
 1.55585930e+00
 1.55857237e+00
 1.56128758e+00
 1.56396021e+00
 1.56654273e+00
 1.56898635e+00
 1.57124378e+00
 1.57327249e+00
 1.57503786e+00
 1.57651573e+00
 1.57769402e+00
 1.57857360e+00
 1.57916828e+00
 1.57950423e+00
 1.57961876e+00
 1.57955835e+00
 1.57937588e+00
 1.57912705e+00
 1.57886612e+00
 1.57864131e+00
 1.57849040e+00
 1.57843736e+00
 1.53114843e+00
 1.53134579e+00
 1.53193193e+00
 1.53288984e+00
 1.53419359e+00
 1.53581064e+00
 1.53770391e+00
 1.53983354e+00
 1.54215835e+00
 1.54463695e+00
 1.54722832e+00
 1.54989178e+00
 1.55258641e+00
 1.55527035e+00
 1.55790038e+00
 1.56043224e+00
 1.56282180e+00
 1.56502712e+00
 1.56701094e+00
 1.56874316e+00
 1.57020294e+00
 1.57138012e+00
 1.57227599e+00
 1.57290346e+00
 1.57328662e+00
 1.57345975e+00
 1.57346552e+00
 1.57335235e+00
 1.57317095e+00
 1.57297025e+00
 1.57279315e+00
 1.57267291e+00
 1.57263045e+00
 1.52489191e+00
 1.52508801e+00
 1.52567105e+00
 1.52662568e+00
 1.52792754e+00
 1.52954496e+00
 1.53144077e+00
 1.53357410e+00
 1.53590204e+00
 1.53838103e+00
 1.54096773e+00
 1.54361948e+00
 1.54629418e+00
 1.54894998e+00
 1.55154511e+00
 1.55403813e+00
 1.55638880e+00
 1.55855970e+00
 1.56051811e+00
 1.56223800e+00
 1.56370162e+00
 1.56490068e+00
 1.56583691e+00
 1.56652212e+00
 1.56697783e+00
 1.56723441e+00
 1.56732956e+00
 1.56730598e+00
 1.56720825e+00
 1.56707931e+00
 1.56695699e+00
 1.56687091e+00
 1.56684003e+00
 1.51849814e+00
 1.51869118e+00
 1.51926595e+00
 1.52020931e+00
 1.52149934e+00
 1.52310605e+00
 1.52499278e+00
 1.52711817e+00
 1.52943808e+00
 1.53190737e+00
 1.53448114e+00
 1.53711552e+00
 1.53976791e+00
 1.54239693e+00
 1.54496231e+00
 1.54742513e+00
 1.54974855e+00
 1.55189896e+00
 1.55384761e+00
 1.55557207e+00
 1.55705751e+00
 1.55829750e+00
 1.55929418e+00
 1.56005809e+00
 1.56060774e+00
 1.56096881e+00
 1.56117302e+00
 1.56125643e+00
 1.56125707e+00
 1.56121199e+00
 1.56115396e+00
 1.56110846e+00
 1.56109149e+00
 1.51197911e+00
 1.51217061e+00
 1.51274072e+00
 1.51367634e+00
 1.51495607e+00
 1.51655070e+00
 1.51842428e+00
 1.52053556e+00
 1.52284008e+00
 1.52529201e+00
 1.52784587e+00
 1.53045750e+00
 1.53308458e+00
 1.53568667e+00
 1.53822520e+00
 1.54066363e+00
 1.54296802e+00
 1.54510806e+00
 1.54705833e+00
 1.54879964e+00
 1.55031991e+00
 1.55161459e+00
 1.55268643e+00
 1.55354485e+00
 1.55420519e+00
 1.55468793e+00
 1.55501794e+00
 1.55522351e+00
 1.55533486e+00
 1.55538216e+00
 1.55539297e+00
 1.55538965e+00
 1.55538684e+00
 1.50541046e+00
 1.50560064e+00
 1.50616685e+00
 1.50709612e+00
 1.50836700e+00
 1.50995010e+00
 1.51180924e+00
 1.51390308e+00
 1.51618710e+00
 1.51861559e+00
 1.52114338e+00
 1.52372698e+00
 1.52632513e+00
 1.52889891e+00
 1.53141165e+00
 1.53382904e+00
 1.53611965e+00
 1.53825580e+00
 1.54021488e+00
 1.54198041e+00
 1.54354289e+00
 1.54489983e+00
 1.54605502e+00
 1.54701737e+00
 1.54779948e+00
 1.54841674e+00
 1.54888685e+00
 1.54922960e+00
 1.54946649e+00
 1.54961976e+00
 1.54971064e+00
 1.54975705e+00
 1.54977109e+00
 1.49887253e+00
 1.49906221e+00
 1.49962663e+00
 1.50055206e+00
 1.50181603e+00
 1.50338819e+00
 1.50523169e+00
 1.50730499e+00
 1.50956377e+00
 1.51196301e+00
 1.51445862e+00
 1.51700866e+00
 1.51957369e+00
 1.52211681e+00
 1.52460345e+00
 1.52700132e+00
 1.52928100e+00
 1.53141679e+00
 1.53338806e+00
 1.53518050e+00
 1.53678686e+00
 1.53820688e+00
 1.53944614e+00
 1.54051405e+00
 1.54142169e+00
 1.54218018e+00
 1.54280024e+00
 1.54329270e+00
 1.54366935e+00
 1.54394310e+00
 1.54412695e+00
 1.54423217e+00
 1.54426636e+00
 1.49246705e+00
 1.49265657e+00
 1.49321993e+00
 1.49414189e+00
 1.49539834e+00
 1.49695769e+00
 1.49878237e+00
 1.50083062e+00
 1.50305850e+00
 1.50542203e+00
 1.50787888e+00
 1.51038939e+00
 1.51291666e+00
 1.51542622e+00
 1.51788561e+00
 1.52026436e+00
 1.52253440e+00
 1.52467119e+00
 1.52665518e+00
 1.52847331e+00
 1.53012004e+00
 1.53159736e+00
 1.53291334e+00
 1.53407944e+00
 1.53510706e+00
 1.53600474e+00
 1.53677701e+00
 1.53742525e+00
 1.53794981e+00
 1.53835191e+00
 1.53863455e+00
 1.53880175e+00
 1.53885703e+00
 1.48630850e+00
 1.48649646e+00
 1.48705496e+00
 1.48796834e+00
 1.48921182e+00
 1.49075296e+00
 1.49255334e+00
 1.49457054e+00
 1.49676074e+00
 1.49908122e+00
 1.50149212e+00
 1.50395684e+00
 1.50644159e+00
 1.50891459e+00
 1.51134546e+00
 1.51370508e+00
 1.51596611e+00
 1.51810419e+00
 1.52009970e+00
 1.52193969e+00
 1.52361939e+00
 1.52514259e+00
 1.52652032e+00
 1.52776762e+00
 1.52889881e+00
 1.52992263e+00
 1.53083944e+00
 1.53164181e+00
 1.53231793e+00
 1.53285562e+00
 1.53324521e+00
 1.53348067e+00
 1.53355937e+00
 1.48048326e+00
 1.48066825e+00
 1.48121817e+00
 1.48211807e+00
 1.48334371e+00
 1.48486213e+00
 1.48663331e+00
 1.48861334e+00
 1.49075839e+00
 1.49302782e+00
 1.49538526e+00
 1.49779807e+00
 1.50023599e+00
 1.50266999e+00
 1.50507152e+00
 1.50741234e+00
 1.50966510e+00
 1.51180462e+00
 1.51381001e+00
 1.51566705e+00
 1.51737034e+00
 1.51892441e+00
 1.52034295e+00
 1.52164571e+00
 1.52285269e+00
 1.52397687e+00
 1.52501811e+00
 1.52596187e+00
 1.52678360e+00
 1.52745615e+00
 1.52795557e+00
 1.52826344e+00
 1.52836754e+00
 1.47504788e+00
 1.47522988e+00
 1.47577180e+00
 1.47666023e+00
 1.47787055e+00
 1.47936727e+00
 1.48110707e+00
 1.48304414e+00
 1.48513591e+00
 1.48734579e+00
 1.48964257e+00
 1.49199828e+00
 1.49438627e+00
 1.49677997e+00
 1.49915229e+00
 1.50147540e+00
 1.50372127e+00
 1.50586302e+00
 1.50787726e+00
 1.50974706e+00
 1.51146479e+00
 1.51303400e+00
 1.51446971e+00
 1.51579618e+00
 1.51704122e+00
 1.51822691e+00
 1.51935882e+00
 1.52041931e+00
 1.52137062e+00
 1.52216666e+00
 1.52276504e+00
 1.52313491e+00
 1.52325976e+00
 1.47004711e+00
 1.47023097e+00
 1.47077632e+00
 1.47166563e+00
 1.47287047e+00
 1.47435033e+00
 1.47605675e+00
 1.47794328e+00
 1.47997220e+00
 1.48211416e+00
 1.48434447e+00
 1.48663987e+00
 1.48897674e+00
 1.49133045e+00
 1.49367490e+00
 1.49598230e+00
 1.49822346e+00
 1.50036908e+00
 1.50239229e+00
 1.50427219e+00
 1.50599731e+00
 1.50756825e+00
 1.50899903e+00
 1.51031645e+00
 1.51155604e+00
 1.51275294e+00
 1.51392744e+00
 1.51506896e+00
 1.51613017e+00
 1.51704277e+00
 1.51774374e+00
 1.51818623e+00
 1.51833792e+00
 1.46559423e+00
 1.46577688e+00
 1.46632274e+00
 1.46721859e+00
 1.46842788e+00
 1.46989368e+00
 1.47155914e+00
 1.47338290e+00
 1.47533829e+00
 1.47740573e+00
 1.47956678e+00
 1.48180165e+00
 1.48408868e+00
 1.48640445e+00
 1.48872355e+00
 1.49101799e+00
 1.49325715e+00
 1.49540895e+00
 1.49744233e+00
 1.49933150e+00
 1.50106005e+00
 1.50262389e+00
 1.50403332e+00
 1.50531425e+00
 1.50650665e+00
 1.50765828e+00
 1.50881186e+00
 1.50998244e+00
 1.51113027e+00
 1.51215591e+00
 1.51294457e+00
 1.51342683e+00
 1.51358710e+00
 1.46165103e+00
 1.46185095e+00
 1.46244409e+00
 1.46339427e+00
 1.46462896e+00
 1.46607272e+00
 1.46767783e+00
 1.46942267e+00
 1.47129611e+00
 1.47328694e+00
 1.47538038e+00
 1.47755811e+00
 1.47979911e+00
 1.48208063e+00
 1.48437778e+00
 1.48666236e+00
 1.48890230e+00
 1.49106267e+00
 1.49310785e+00
 1.49500676e+00
 1.49673766e+00
 1.49829076e+00
 1.49967049e+00
 1.50089822e+00
 1.50201312e+00
 1.50306884e+00
 1.50412768e+00
 1.50524516e+00
 1.50643470e+00
 1.50761913e+00
 1.50862600e+00
 1.50927991e+00
 1.50950098e+00
 1.45836277e+00
 1.45861171e+00
 1.45930709e+00
 1.46032823e+00
 1.46155904e+00
 1.46293911e+00
 1.46445516e+00
 1.46610901e+00
 1.46789953e+00
 1.46981831e+00
 1.47185076e+00
 1.47397815e+00
 1.47617913e+00
 1.47843137e+00
 1.48071049e+00
 1.48298823e+00
 1.48523115e+00
 1.48740183e+00
 1.48946003e+00
 1.49136945e+00
 1.49310336e+00
 1.49464628e+00
 1.49599575e+00
 1.49716616e+00
 1.49819163e+00
 1.49912260e+00
 1.50002572e+00
 1.50098253e+00
 1.50207319e+00
 1.50332071e+00
 1.50459589e+00
 1.50559118e+00
 1.50597128e+00
 1.45617772e+00
 1.45643847e+00
 1.45713845e+00
 1.45810916e+00
 1.45923880e+00
 1.46050388e+00
 1.46191485e+00
 1.46347983e+00
 1.46519667e+00
 1.46705452e+00
 1.46903667e+00
 1.47112316e+00
 1.47329176e+00
 1.47552054e+00
 1.47778576e+00
 1.48005924e+00
 1.48230631e+00
 1.48448775e+00
 1.48655892e+00
 1.48847883e+00
 1.49021676e+00
 1.49175232e+00
 1.49307644e+00
 1.49419573e+00
 1.49513822e+00
 1.49594545e+00
 1.49667389e+00
 1.49739973e+00
 1.49822012e+00
 1.49922707e+00
 1.50039940e+00
 1.50143938e+00
 1.50186552e+00
 1.45502823e+00
 1.45525384e+00
 1.45583794e+00
 1.45664222e+00
 1.45761547e+00
 1.45875761e+00
 1.46007585e+00
 1.46156962e+00
 1.46323027e+00
 1.46504280e+00
 1.46698793e+00
 1.46904458e+00
 1.47118944e+00
 1.47340116e+00
 1.47565654e+00
 1.47792771e+00
 1.48017886e+00
 1.48236982e+00
 1.48445216e+00
 1.48638116e+00
 1.48812334e+00
 1.48965466e+00
 1.49096088e+00
 1.49204141e+00
 1.49291985e+00
 1.49362840e+00
 1.49420921e+00
 1.49471734e+00
 1.49522357e+00
 1.49580803e+00
 1.49651738e+00
 1.49723295e+00
 1.49756174e+00
 1.45456698e+00
 1.45472645e+00
 1.45514966e+00
 1.45579245e+00
 1.45664416e+00
 1.45770141e+00
 1.45895970e+00
 1.46040896e+00
 1.46203508e+00
 1.46382002e+00
 1.46574265e+00
 1.46778125e+00
 1.46991163e+00
 1.47211302e+00
 1.47436255e+00
 1.47663268e+00
 1.47888675e+00
 1.48108429e+00
 1.48317422e+00
 1.48510941e+00
 1.48685484e+00
 1.48838427e+00
 1.48968026e+00
 1.49073703e+00
 1.49157609e+00
 1.49222315e+00
 1.49271007e+00
 1.49307452e+00
 1.49335916e+00
 1.49360748e+00
 1.49385465e+00
 1.49410192e+00
 1.49423707e+00
 1.45445800e+00
 1.45457554e+00
 1.45492719e+00
 1.45550999e+00
 1.45631900e+00
 1.45734717e+00
 1.45858517e+00
 1.46001946e+00
 1.46163402e+00
 1.46340973e+00
 1.46532482e+00
 1.46735740e+00
 1.46948292e+00
 1.47168085e+00
 1.47392843e+00
 1.47619828e+00
 1.47845341e+00
 1.48065329e+00
 1.48274592e+00
 1.48468330e+00
 1.48642995e+00
 1.48795888e+00
 1.48925161e+00
 1.49030040e+00
 1.49112629e+00
 1.49175269e+00
 1.49220795e+00
 1.49252353e+00
 1.49273201e+00
 1.49286175e+00
 1.49293640e+00
 1.49297379e+00
 1.49298500e+00
