 1.31740500e+00
 1.31764002e+00
 1.31834324e+00
 1.31950886e+00
 1.32112706e+00
 1.32318341e+00
 1.32565861e+00
 1.32852730e+00
 1.33175743e+00
 1.33531159e+00
 1.33914280e+00
 1.34320378e+00
 1.34743630e+00
 1.35178065e+00
 1.35617199e+00
 1.36054604e+00
 1.36483837e+00
 1.36899666e+00
 1.37298867e+00
 1.37678361e+00
 1.38034876e+00
 1.38366062e+00
 1.38670309e+00
 1.38946489e+00
 1.39194059e+00
 1.39412760e+00
 1.39602790e+00
 1.39764150e+00
 1.39896553e+00
 1.39999871e+00
 1.40073905e+00
 1.40118436e+00
 1.40133300e+00
 1.31720181e+00
 1.31743408e+00
 1.31813298e+00
 1.31929557e+00
 1.32091199e+00
 1.32296710e+00
 1.32544090e+00
 1.32830757e+00
 1.33153494e+00
 1.33508538e+00
 1.33891229e+00
 1.34296801e+00
 1.34719478e+00
 1.35153286e+00
 1.35591779e+00
 1.36028545e+00
 1.36457194e+00
 1.36872522e+00
 1.37271230e+00
 1.37650211e+00
 1.38006219e+00
 1.38336888e+00
 1.38640581e+00
 1.38916139e+00
 1.39162958e+00
 1.39380701e+00
 1.39569388e+00
 1.39728749e+00
 1.39858093e+00
 1.39956649e+00
 1.40023730e+00
 1.40059774e+00
 1.40069618e+00
 1.31658073e+00
 1.31680921e+00
 1.31749932e+00
 1.31865423e+00
 1.32026582e+00
 1.32231742e+00
 1.32478712e+00
 1.32764788e+00
 1.33086711e+00
 1.33440661e+00
 1.33822070e+00
 1.34226093e+00
 1.34647063e+00
 1.35079019e+00
 1.35515610e+00
 1.35950482e+00
 1.36377398e+00
 1.36791214e+00
 1.37188440e+00
 1.37565889e+00
 1.37920378e+00
 1.38249498e+00
 1.38551527e+00
 1.38825219e+00
 1.39069790e+00
 1.39284659e+00
 1.39469340e+00
 1.39622814e+00
 1.39743242e+00
 1.39828293e+00
 1.39876754e+00
 1.39893887e+00
 1.39895904e+00
 1.31551371e+00
 1.31574163e+00
 1.31642855e+00
 1.31757829e+00
 1.31918516e+00
 1.32123222e+00
 1.32369571e+00
 1.32654712e+00
 1.32975313e+00
 1.33327510e+00
 1.33706815e+00
 1.34108333e+00
 1.34526521e+00
 1.34955473e+00
 1.35388971e+00
 1.35820771e+00
 1.36244840e+00
 1.36656115e+00
 1.37050865e+00
 1.37425789e+00
 1.37777759e+00
 1.38104304e+00
 1.38403576e+00
 1.38674173e+00
 1.38915040e+00
 1.39125213e+00
 1.39303521e+00
 1.39448021e+00
 1.39555768e+00
 1.39623853e+00
 1.39653724e+00
 1.39657844e+00
 1.39655968e+00
 1.31397490e+00
 1.31420643e+00
 1.31490097e+00
 1.31605646e+00
 1.31766465e+00
 1.31970886e+00
 1.32216517e+00
 1.32500440e+00
 1.32819268e+00
 1.33169115e+00
 1.33545558e+00
 1.33943704e+00
 1.34358129e+00
 1.34783030e+00
 1.35212347e+00
 1.35639996e+00
 1.36060169e+00
 1.36467872e+00
 1.36859159e+00
 1.37230599e+00
 1.37579083e+00
 1.37902061e+00
 1.38197532e+00
 1.38463896e+00
 1.38699793e+00
 1.38903860e+00
 1.39074419e+00
 1.39209234e+00
 1.39305985e+00
 1.39364455e+00
 1.39390368e+00
 1.39396482e+00
 1.39396545e+00
 1.31196921e+00
 1.31220720e+00
 1.31291664e+00
 1.31408658e+00
 1.31570276e+00
 1.31774705e+00
 1.32019598e+00
 1.32302062e+00
 1.32618710e+00
 1.32965668e+00
 1.33338567e+00
 1.33732564e+00
 1.34142358e+00
 1.34562284e+00
 1.34986457e+00
 1.35408993e+00
 1.35824292e+00
 1.36227429e+00
 1.36614297e+00
 1.36981346e+00
 1.37325439e+00
 1.37643942e+00
 1.37934702e+00
 1.38195922e+00
 1.38426017e+00
 1.38623435e+00
 1.38786601e+00
 1.38914259e+00
 1.39006723e+00
 1.39067740e+00
 1.39104667e+00
 1.39124776e+00
 1.39131352e+00
 1.30955531e+00
 1.30979546e+00
 1.31051105e+00
 1.31168887e+00
 1.31331029e+00
 1.31535349e+00
 1.31779329e+00
 1.32060040e+00
 1.32374096e+00
 1.32717648e+00
 1.33086385e+00
 1.33475545e+00
 1.33879951e+00
 1.34294099e+00
 1.34712298e+00
 1.35128870e+00
 1.35538412e+00
 1.35936063e+00
 1.36317627e+00
 1.36679454e+00
 1.37018359e+00
 1.37331630e+00
 1.37616997e+00
 1.37872551e+00
 1.38096657e+00
 1.38287957e+00
 1.38445602e+00
 1.38569923e+00
 1.38663327e+00
 1.38730386e+00
 1.38776010e+00
 1.38803055e+00
 1.38812101e+00
 1.30676255e+00
 1.30700186e+00
 1.30771547e+00
 1.30889076e+00
 1.31050823e+00
 1.31254356e+00
 1.31496903e+00
 1.31775381e+00
 1.32086347e+00
 1.32425956e+00
 1.32789945e+00
 1.33173640e+00
 1.33571995e+00
 1.33979676e+00
 1.34391187e+00
 1.34801060e+00
 1.35204066e+00
 1.35595424e+00
 1.35970902e+00
 1.36326791e+00
 1.36659865e+00
 1.36967363e+00
 1.37246972e+00
 1.37496796e+00
 1.37715368e+00
 1.37901796e+00
 1.38056091e+00
 1.38179579e+00
 1.38274943e+00
 1.38345458e+00
 1.38393897e+00
 1.38422148e+00
 1.38431413e+00
 1.30360335e+00
 1.30384082e+00
 1.30454892e+00
 1.30571516e+00
 1.30732002e+00
 1.30933851e+00
 1.31174160e+00
 1.31449703e+00
 1.31756941e+00
 1.32092002e+00
 1.32450650e+00
 1.32828291e+00
 1.33220003e+00
 1.33620616e+00
 1.34024831e+00
 1.34427374e+00
 1.34823182e+00
 1.35207569e+00
 1.35576318e+00
 1.35925705e+00
 1.36252493e+00
 1.36553925e+00
 1.36827732e+00
 1.37072151e+00
 1.37286011e+00
 1.37468905e+00
 1.37621392e+00
 1.37745056e+00
 1.37842194e+00
 1.37915220e+00
 1.37966136e+00
 1.37996267e+00
 1.38006255e+00
 1.30010352e+00
 1.30033763e+00
 1.30103590e+00
 1.30218642e+00
 1.30377024e+00
 1.30576260e+00
 1.30813407e+00
 1.31085164e+00
 1.31387917e+00
 1.31717750e+00
 1.32070435e+00
 1.32441442e+00
 1.32825962e+00
 1.33218980e+00
 1.33615374e+00
 1.34010057e+00
 1.34398127e+00
 1.34775006e+00
 1.35136534e+00
 1.35479020e+00
 1.35799262e+00
 1.36094565e+00
 1.36362772e+00
 1.36602318e+00
 1.36812323e+00
 1.36992702e+00
 1.37144206e+00
 1.37268285e+00
 1.37366753e+00
 1.37441385e+00
 1.37493637e+00
 1.37524555e+00
 1.37534786e+00
 1.29628497e+00
 1.29651451e+00
 1.29719941e+00
 1.29832855e+00
 1.29988396e+00
 1.30184161e+00
 1.30417248e+00
 1.30684344e+00
 1.30981805e+00
 1.31305686e+00
 1.31651767e+00
 1.32015568e+00
 1.32392379e+00
 1.32777323e+00
 1.33165445e+00
 1.33551832e+00
 1.33931738e+00
 1.34300708e+00
 1.34654674e+00
 1.34990019e+00
 1.35303621e+00
 1.35592893e+00
 1.35855824e+00
 1.36091044e+00
 1.36297880e+00
 1.36476385e+00
 1.36627273e+00
 1.36751736e+00
 1.36851176e+00
 1.36926960e+00
 1.36980246e+00
 1.37011885e+00
 1.37022377e+00
 1.29216776e+00
 1.29239203e+00
 1.29306130e+00
 1.29416510e+00
 1.29568646e+00
 1.29760249e+00
 1.29988503e+00
 1.30250146e+00
 1.30541550e+00
 1.30858775e+00
 1.31197623e+00
 1.31553663e+00
 1.31922278e+00
 1.32298719e+00
 1.32678185e+00
 1.33055922e+00
 1.33427341e+00
 1.33788122e+00
 1.34134314e+00
 1.34462405e+00
 1.34769387e+00
 1.35052799e+00
 1.35310784e+00
 1.35542121e+00
 1.35746251e+00
 1.35923236e+00
 1.36073655e+00
 1.36198429e+00
 1.36298624e+00
 1.36375287e+00
 1.36429325e+00
 1.36461445e+00
 1.36472099e+00
 1.28777681e+00
 1.28799500e+00
 1.28864639e+00
 1.28972150e+00
 1.29120455e+00
 1.29307383e+00
 1.29530217e+00
 1.29785772e+00
 1.30070469e+00
 1.30380414e+00
 1.30711452e+00
 1.31059221e+00
 1.31419199e+00
 1.31786758e+00
 1.32157242e+00
 1.32526052e+00
 1.32888751e+00
 1.33241163e+00
 1.33579465e+00
 1.33900275e+00
 1.34200708e+00
 1.34478437e+00
 1.34731732e+00
 1.34959478e+00
 1.35161155e+00
 1.35336776e+00
 1.35486759e+00
 1.35611786e+00
 1.35712647e+00
 1.35790130e+00
 1.35844930e+00
 1.35877585e+00
 1.35888431e+00
 1.28313221e+00
 1.28334437e+00
 1.28397786e+00
 1.28502371e+00
 1.28646699e+00
 1.28828696e+00
 1.29045749e+00
 1.29294767e+00
 1.29572260e+00
 1.29874412e+00
 1.30197151e+00
 1.30536207e+00
 1.30887163e+00
 1.31245520e+00
 1.31606762e+00
 1.31966438e+00
 1.32320261e+00
 1.32664198e+00
 1.32994565e+00
 1.33308107e+00
 1.33602069e+00
 1.33874242e+00
 1.34122997e+00
 1.34347280e+00
 1.34546575e+00
 1.34720821e+00
 1.34870287e+00
 1.34995449e+00
 1.35096867e+00
 1.35175088e+00
 1.35230591e+00
 1.35263740e+00
 1.35274764e+00
 1.27826629e+00
 1.27847264e+00
 1.27908874e+00
 1.28010577e+00
 1.28150914e+00
 1.28327874e+00
 1.28538934e+00
 1.28781112e+00
 1.29051033e+00
 1.29344995e+00
 1.29659043e+00
 1.29989025e+00
 1.30330651e+00
 1.30679554e+00
 1.31031359e+00
 1.31381763e+00
 1.31726619e+00
 1.32062036e+00
 1.32384463e+00
 1.32690770e+00
 1.32978317e+00
 1.33244992e+00
 1.33489240e+00
 1.33710038e+00
 1.33906850e+00
 1.34079538e+00
 1.34228243e+00
 1.34353273e+00
 1.34454991e+00
 1.34533738e+00
 1.34589791e+00
 1.34623345e+00
 1.34634517e+00
 1.27322570e+00
 1.27342621e+00
 1.27402476e+00
 1.27501254e+00
 1.27637518e+00
 1.27809308e+00
 1.28014185e+00
 1.28249277e+00
 1.28511337e+00
 1.28796801e+00
 1.29101856e+00
 1.29422491e+00
 1.29754559e+00
 1.30093835e+00
 1.30436086e+00
 1.30777146e+00
 1.31113007e+00
 1.31439909e+00
 1.31754423e+00
 1.32053533e+00
 1.32334693e+00
 1.32595867e+00
 1.32835545e+00
 1.33052710e+00
 1.33246791e+00
 1.33417572e+00
 1.33565086e+00
 1.33689506e+00
 1.33791051e+00
 1.33869909e+00
 1.33926200e+00
 1.33959972e+00
 1.33971231e+00
 1.26806432e+00
 1.26825854e+00
 1.26883831e+00
 1.26979515e+00
 1.27111512e+00
 1.27277925e+00
 1.27476398e+00
 1.27704170e+00
 1.27958124e+00
 1.28234849e+00
 1.28530689e+00
 1.28841792e+00
 1.29164164e+00
 1.29493728e+00
 1.29826387e+00
 1.30158108e+00
 1.30485011e+00
 1.30803453e+00
 1.31110115e+00
 1.31402075e+00
 1.31676863e+00
 1.31932497e+00
 1.32167483e+00
 1.32380793e+00
 1.32571807e+00
 1.32740227e+00
 1.32885982e+00
 1.33009136e+00
 1.33109794e+00
 1.33188051e+00
 1.33243954e+00
 1.33277506e+00
 1.33288693e+00
 1.26283255e+00
 1.26302022e+00
 1.26358045e+00
 1.26450508e+00
 1.26578074e+00
 1.26738920e+00
 1.26930785e+00
 1.27151026e+00
 1.27396672e+00
 1.27664477e+00
 1.27950958e+00
 1.28252436e+00
 1.28565074e+00
 1.28884938e+00
 1.29208062e+00
 1.29530533e+00
 1.29848584e+00
 1.30158678e+00
 1.30457589e+00
 1.30742475e+00
 1.31010920e+00
 1.31260973e+00
 1.31491141e+00
 1.31700369e+00
 1.31887978e+00
 1.32053594e+00
 1.32197053e+00
 1.32318326e+00
 1.32417450e+00
 1.32494484e+00
 1.32549476e+00
 1.32582460e+00
 1.32593453e+00
 1.25758241e+00
 1.25776337e+00
 1.25830362e+00
 1.25919532e+00
 1.26042559e+00
 1.26197695e+00
 1.26382782e+00
 1.26595316e+00
 1.26832496e+00
 1.27091263e+00
 1.27368329e+00
 1.27660192e+00
 1.27963172e+00
 1.28273463e+00
 1.28587214e+00
 1.28900617e+00
 1.29210002e+00
 1.29511926e+00
 1.29803244e+00
 1.30081176e+00
 1.30343347e+00
 1.30587817e+00
 1.30813084e+00
 1.31018056e+00
 1.31202007e+00
 1.31364494e+00
 1.31505290e+00
 1.31624300e+00
 1.31721522e+00
 1.31797006e+00
 1.31850831e+00
 1.31883082e+00
 1.31893824e+00
 1.25236894e+00
 1.25254323e+00
 1.25306345e+00
 1.25392181e+00
 1.25510578e+00
 1.25659865e+00
 1.25838007e+00
 1.26042669e+00
 1.26271259e+00
 1.26520942e+00
 1.26788639e+00
 1.27071025e+00
 1.27364557e+00
 1.27665535e+00
 1.27970193e+00
 1.28274810e+00
 1.28575801e+00
 1.28869806e+00
 1.29153753e+00
 1.29424916e+00
 1.29680947e+00
 1.29919905e+00
 1.30140264e+00
 1.30340899e+00
 1.30521045e+00
 1.30680228e+00
 1.30818189e+00
 1.30934810e+00
 1.31030067e+00
 1.31104000e+00
 1.31156693e+00
 1.31188251e+00
 1.31198759e+00
 1.24725505e+00
 1.24742217e+00
 1.24792102e+00
 1.24874418e+00
 1.24987970e+00
 1.25131176e+00
 1.25302147e+00
 1.25498758e+00
 1.25718672e+00
 1.25959315e+00
 1.26217826e+00
 1.26491036e+00
 1.26775496e+00
 1.27067567e+00
 1.27363540e+00
 1.27659756e+00
 1.27952707e+00
 1.28239116e+00
 1.28515985e+00
 1.28780637e+00
 1.29030743e+00
 1.29264350e+00
 1.29479895e+00
 1.29676209e+00
 1.29852500e+00
 1.30008292e+00
 1.30143345e+00
 1.30257564e+00
 1.30350932e+00
 1.30423469e+00
 1.30475217e+00
 1.30506232e+00
 1.30516564e+00
 1.24229607e+00
 1.24245591e+00
 1.24293290e+00
 1.24371966e+00
 1.24480459e+00
 1.24617295e+00
 1.24780802e+00
 1.24969160e+00
 1.25180371e+00
 1.25412160e+00
 1.25661865e+00
 1.25926409e+00
 1.26202366e+00
 1.26486099e+00
 1.26773915e+00
 1.27062207e+00
 1.27347547e+00
 1.27626748e+00
 1.27896895e+00
 1.28155368e+00
 1.28399855e+00
 1.28628378e+00
 1.28839317e+00
 1.29031436e+00
 1.29203896e+00
 1.29356229e+00
 1.29488253e+00
 1.29599956e+00
 1.29691381e+00
 1.29762549e+00
 1.29813438e+00
 1.29844002e+00
 1.29854196e+00
 1.23755612e+00
 1.23770811e+00
 1.23816134e+00
 1.23890818e+00
 1.23993766e+00
 1.24123705e+00
 1.24279307e+00
 1.24459199e+00
 1.24661817e+00
 1.24885179e+00
 1.25126736e+00
 1.25383384e+00
 1.25651615e+00
 1.25927728e+00
 1.26208022e+00
 1.26488941e+00
 1.26767151e+00
 1.27039579e+00
 1.27303412e+00
 1.27556102e+00
 1.27795361e+00
 1.28019180e+00
 1.28225856e+00
 1.28414042e+00
 1.28582798e+00
 1.28731620e+00
 1.28860387e+00
 1.28969222e+00
 1.29058303e+00
 1.29127723e+00
 1.29177449e+00
 1.29207365e+00
 1.29217354e+00
 1.23309997e+00
 1.23324210e+00
 1.23366621e+00
 1.23436569e+00
 1.23533119e+00
 1.23655342e+00
 1.23802481e+00
 1.23973810e+00
 1.24168250e+00
 1.24384000e+00
 1.24618430e+00
 1.24868231e+00
 1.25129703e+00
 1.25399033e+00
 1.25672509e+00
 1.25946646e+00
 1.26218239e+00
 1.26484358e+00
 1.26742321e+00
 1.26989672e+00
 1.27224162e+00
 1.27443759e+00
 1.27646663e+00
 1.27831364e+00
 1.27996731e+00
 1.28142114e+00
 1.28267384e+00
 1.28372829e+00
 1.28458890e+00
 1.28525887e+00
 1.28573890e+00
 1.28602784e+00
 1.28612433e+00
 1.22897362e+00
 1.22910499e+00
 1.22949575e+00
 1.23013872e+00
 1.23102807e+00
 1.23216244e+00
 1.23354438e+00
 1.23517520e+00
 1.23704777e+00
 1.23914271e+00
 1.24142982e+00
 1.24387220e+00
 1.24643023e+00
 1.24906464e+00
 1.25173848e+00
 1.25441807e+00
 1.25707305e+00
 1.25967593e+00
 1.26220149e+00
 1.26462631e+00
 1.26692854e+00
 1.26908781e+00
 1.27108528e+00
 1.27290404e+00
 1.27452994e+00
 1.27595329e+00
 1.27717082e+00
 1.27818624e+00
 1.27900779e+00
 1.27964361e+00
 1.28009837e+00
 1.28037257e+00
 1.28046437e+00
 1.22524617e+00
 1.22535883e+00
 1.22569751e+00
 1.22626302e+00
 1.22705791e+00
 1.22809327e+00
 1.22938647e+00
 1.23094707e+00
 1.23276629e+00
 1.23481784e+00
 1.23706469e+00
 1.23946528e+00
 1.24197767e+00
 1.24456197e+00
 1.24718196e+00
 1.24980568e+00
 1.25240496e+00
 1.25495445e+00
 1.25743071e+00
 1.25981165e+00
 1.26207629e+00
 1.26420454e+00
 1.26617718e+00
 1.26797583e+00
 1.26958333e+00
 1.27098521e+00
 1.27217298e+00
 1.27314796e+00
 1.27392195e+00
 1.27451092e+00
 1.27492638e+00
 1.27517370e+00
 1.27525573e+00
 1.22187825e+00
 1.22197880e+00
 1.22227289e+00
 1.22275203e+00
 1.22343430e+00
 1.22436519e+00
 1.22558478e+00
 1.22710180e+00
 1.22889472e+00
 1.23092520e+00
 1.23314880e+00
 1.23552056e+00
 1.23799739e+00
 1.24053965e+00
 1.24311244e+00
 1.24568610e+00
 1.24823503e+00
 1.25073623e+00
 1.25316816e+00
 1.25551010e+00
 1.25774206e+00
 1.25984460e+00
 1.26179870e+00
 1.26358549e+00
 1.26518581e+00
 1.26658042e+00
 1.26775269e+00
 1.26869507e+00
 1.26941739e+00
 1.26994794e+00
 1.27031810e+00
 1.27054238e+00
 1.27061834e+00
 1.21910865e+00
 1.21916236e+00
 1.21932336e+00
 1.21962494e+00
 1.22015394e+00
 1.22099633e+00
 1.22218417e+00
 1.22369814e+00
 1.22549465e+00
 1.22752428e+00
 1.22973859e+00
 1.23209191e+00
 1.23454160e+00
 1.23704897e+00
 1.23958084e+00
 1.24211032e+00
 1.24461457e+00
 1.24707299e+00
 1.24946592e+00
 1.25177385e+00
 1.25397787e+00
 1.25605932e+00
 1.25799989e+00
 1.25978138e+00
 1.26138457e+00
 1.26278778e+00
 1.26396719e+00
 1.26490100e+00
 1.26558098e+00
 1.26602924e+00
 1.26630021e+00
 1.26644900e+00
 1.26649824e+00
 1.21680543e+00
 1.21675140e+00
 1.21667299e+00
 1.21676252e+00
 1.21719302e+00
 1.21803103e+00
 1.21925370e+00
 1.22080512e+00
 1.22262779e+00
 1.22466973e+00
 1.22688360e+00
 1.22922573e+00
 1.23165497e+00
 1.23413390e+00
 1.23663104e+00
 1.23912260e+00
 1.24158845e+00
 1.24401023e+00
 1.24637002e+00
 1.24864917e+00
 1.25082991e+00
 1.25289429e+00
 1.25482491e+00
 1.25660494e+00
 1.25821706e+00
 1.25964044e+00
 1.26084942e+00
 1.26181313e+00
 1.26250044e+00
 1.26289955e+00
 1.26305210e+00
 1.26306353e+00
 1.26305045e+00
 1.21422638e+00
 1.21413393e+00
 1.21399827e+00
 1.21410450e+00
 1.21462632e+00
 1.21557155e+00
 1.21688072e+00
 1.21849048e+00
 1.22034786e+00
 1.22240674e+00
 1.22462406e+00
 1.22695955e+00
 1.22937370e+00
 1.23183034e+00
 1.23429922e+00
 1.23675984e+00
 1.23919442e+00
 1.24158644e+00
 1.24391962e+00
 1.24617560e+00
 1.24833785e+00
 1.25038884e+00
 1.25231204e+00
 1.25409203e+00
 1.25571450e+00
 1.25716142e+00
 1.25841055e+00
 1.25943320e+00
 1.26019293e+00
 1.26065515e+00
 1.26082528e+00
 1.26080778e+00
 1.26077364e+00
 1.21156777e+00
 1.21152571e+00
 1.21156204e+00
 1.21191251e+00
 1.21264815e+00
 1.21374096e+00
 1.21514233e+00
 1.21680668e+00
 1.21869477e+00
 1.22076879e+00
 1.22299000e+00
 1.22532164e+00
 1.22772528e+00
 1.23016581e+00
 1.23261353e+00
 1.23505115e+00
 1.23746251e+00
 1.23983247e+00
 1.24214620e+00
 1.24438507e+00
 1.24653389e+00
 1.24857511e+00
 1.25049299e+00
 1.25227301e+00
 1.25390403e+00
 1.25537075e+00
 1.25665599e+00
 1.25773886e+00
 1.25859279e+00
 1.25918910e+00
 1.25951089e+00
 1.25960020e+00
 1.25959761e+00
 1.20952695e+00
 1.20959625e+00
 1.20989990e+00
 1.21050730e+00
 1.21142048e+00
 1.21262136e+00
 1.21408577e+00
 1.21578598e+00
 1.21769397e+00
 1.21977791e+00
 1.22200178e+00
 1.22433140e+00
 1.22672878e+00
 1.22915957e+00
 1.23159408e+00
 1.23401749e+00
 1.23641452e+00
 1.23877088e+00
 1.24107278e+00
 1.24330112e+00
 1.24544178e+00
 1.24747701e+00
 1.24939165e+00
 1.25117149e+00
 1.25280784e+00
 1.25428704e+00
 1.25559564e+00
 1.25671921e+00
 1.25764123e+00
 1.25834741e+00
 1.25882617e+00
 1.25907771e+00
 1.25914259e+00
 1.20876000e+00
 1.20890210e+00
 1.20932715e+00
 1.21003127e+00
 1.21100752e+00
 1.21224580e+00
 1.21373182e+00
 1.21544421e+00
 1.21735898e+00
 1.21944632e+00
 1.22167111e+00
 1.22400010e+00
 1.22639539e+00
 1.22882291e+00
 1.23125292e+00
 1.23367152e+00
 1.23606371e+00
 1.23841547e+00
 1.24071341e+00
 1.24293818e+00
 1.24507611e+00
 1.24710931e+00
 1.24902286e+00
 1.25080258e+00
 1.25244071e+00
 1.25392410e+00
 1.25524059e+00
 1.25637808e+00
 1.25732359e+00
 1.25806869e+00
 1.25860639e+00
 1.25893131e+00
 1.25904000e+00
