 5.27439000e-01
 5.27973412e-01
 5.29579374e-01
 5.32319054e-01
 5.36468781e-01
 5.42753375e-01
 5.52124069e-01
 5.61485871e-01
 5.73293262e-01
 5.86561193e-01
 6.04601099e-01
 6.21271451e-01
 6.44753811e-01
 6.67574614e-01
 6.86573715e-01
 7.31383674e-01
 7.48831488e-01
 7.85896590e-01
 7.98449780e-01
 8.41624270e-01
 8.69516907e-01
 9.03206171e-01
 9.27680736e-01
 9.60047434e-01
 9.84023277e-01
 1.01060595e+00
 1.03283184e+00
 1.05490058e+00
 1.07101803e+00
 1.08315330e+00
 1.09221648e+00
 1.09799693e+00
 1.10000000e+00
 5.29551881e-01
 5.30107301e-01
 5.31844899e-01
 5.34651811e-01
 5.38880739e-01
 5.45157362e-01
 5.54290381e-01
 5.63720641e-01
 5.75451755e-01
 5.88779978e-01
 6.06533905e-01
 6.23383160e-01
 6.46572504e-01
 6.69166616e-01
 6.89071459e-01
 7.31898233e-01
 7.50804910e-01
 7.86353680e-01
 8.00757524e-01
 8.42216102e-01
 8.70740948e-01
 9.03715602e-01
 9.28824873e-01
 9.60406050e-01
 9.84817237e-01
 1.01094478e+00
 1.03333070e+00
 1.05488780e+00
 1.07109033e+00
 1.08324193e+00
 1.09236018e+00
 1.09798324e+00
 1.10000000e+00
 5.36060796e-01
 5.36687713e-01
 5.38632704e-01
 5.41662254e-01
 5.46066443e-01
 5.52298270e-01
 5.60893584e-01
 5.70412164e-01
 5.81963051e-01
 5.95375451e-01
 6.12427027e-01
 6.29650175e-01
 6.52036623e-01
 6.74165296e-01
 6.96012547e-01
 7.34115783e-01
 7.56210579e-01
 7.88363053e-01
 8.06978815e-01
 8.44443423e-01
 8.74143375e-01
 9.05542555e-01
 9.31927849e-01
 9.61762549e-01
 9.86950712e-01
 1.01211294e+00
 1.03460519e+00
 1.05508221e+00
 1.07129080e+00
 1.08351680e+00
 1.09260280e+00
 1.09807192e+00
 1.10000000e+00
 5.47428683e-01
 5.48130179e-01
 5.50204075e-01
 5.53438464e-01
 5.57964028e-01
 5.64074191e-01
 5.72115475e-01
 5.81567699e-01
 5.92890207e-01
 6.06240704e-01
 6.22472423e-01
 6.39924561e-01
 6.61218644e-01
 6.82942889e-01
 7.06338325e-01
 7.39346514e-01
 7.64155896e-01
 7.93117524e-01
 8.15757953e-01
 8.49100655e-01
 8.79306513e-01
 9.09188841e-01
 9.36425813e-01
 9.64553031e-01
 9.90036702e-01
 1.01426540e+00
 1.03636226e+00
 1.05579800e+00
 1.07169575e+00
 1.08391212e+00
 1.09281786e+00
 1.09817121e+00
 1.10000000e+00
 5.64273133e-01
 5.64954855e-01
 5.66967458e-01
 5.70171814e-01
 5.74607402e-01
 5.80480743e-01
 5.88047317e-01
 5.97244757e-01
 6.08268948e-01
 6.21336137e-01
 6.36798888e-01
 6.54101620e-01
 6.74261604e-01
 6.95614268e-01
 7.19422698e-01
 7.48416083e-01
 7.74319533e-01
 8.01267067e-01
 8.26257473e-01
 8.56520058e-01
 8.86156916e-01
 9.14842883e-01
 9.42077734e-01
 9.68872979e-01
 9.93948100e-01
 1.01730859e+00
 1.03857331e+00
 1.05708945e+00
 1.07243004e+00
 1.08439823e+00
 1.09304113e+00
 1.09824714e+00
 1.10000000e+00
 5.87154456e-01
 5.87711002e-01
 5.89344423e-01
 5.92069754e-01
 5.96074358e-01
 6.01563581e-01
 6.08688389e-01
 6.17498343e-01
 6.28110932e-01
 6.40696180e-01
 6.55420027e-01
 6.72184102e-01
 6.91267310e-01
 7.12052669e-01
 7.35268706e-01
 7.61418688e-01
 7.86994606e-01
 8.12754022e-01
 8.38404647e-01
 8.66530963e-01
 8.94870795e-01
 9.22409565e-01
 9.48940610e-01
 9.74556098e-01
 9.98719451e-01
 1.02108756e+00
 1.04130558e+00
 1.05888757e+00
 1.07352247e+00
 1.08502548e+00
 1.09331971e+00
 1.09832382e+00
 1.10000000e+00
 6.15634524e-01
 6.15784770e-01
 6.16568972e-01
 6.18579849e-01
 6.22135983e-01
 6.27274388e-01
 6.33992189e-01
 6.42336830e-01
 6.52414842e-01
 6.64360950e-01
 6.78288283e-01
 6.94226772e-01
 7.12228470e-01
 7.32114143e-01
 7.54137986e-01
 7.78126697e-01
 8.02568489e-01
 8.27282925e-01
 8.52452748e-01
 8.78854145e-01
 9.05567875e-01
 9.31753430e-01
 9.57108022e-01
 9.81433651e-01
 1.00436651e+00
 1.02553238e+00
 1.04457314e+00
 1.06112778e+00
 1.07493507e+00
 1.08582007e+00
 1.09367258e+00
 1.09841388e+00
 1.10000000e+00
 6.42479397e-01
 6.43211655e-01
 6.45266238e-01
 6.48381136e-01
 6.52441797e-01
 6.57549088e-01
 6.63910338e-01
 6.71724683e-01
 6.81152379e-01
 6.92324092e-01
 7.05338620e-01
 7.20248399e-01
 7.37063571e-01
 7.55726086e-01
 7.76238577e-01
 7.98312149e-01
 8.21215235e-01
 8.44633966e-01
 8.68623864e-01
 8.93314492e-01
 9.18227941e-01
 9.42779506e-01
 9.66605470e-01
 9.89412109e-01
 1.01086731e+00
 1.03062394e+00
 1.04835279e+00
 1.06376077e+00
 1.07662136e+00
 1.08677098e+00
 1.09409611e+00
 1.09852037e+00
 1.10000000e+00
 6.78765200e-01
 6.79511654e-01
 6.81515312e-01
 6.84387751e-01
 6.88030905e-01
 6.92630584e-01
 6.98422822e-01
 7.05584047e-01
 7.14244711e-01
 7.24514028e-01
 7.36479229e-01
 7.50192235e-01
 7.65659515e-01
 7.82838446e-01
 8.01638028e-01
 8.21799856e-01
 8.42906587e-01
 8.64677036e-01
 8.87016455e-01
 9.09821816e-01
 9.32759071e-01
 9.55405806e-01
 9.77404669e-01
 9.98438586e-01
 1.01819038e+00
 1.03634610e+00
 1.05261522e+00
 1.06674776e+00
 1.07854522e+00
 1.08785857e+00
 1.09458126e+00
 1.09864198e+00
 1.10000000e+00
 7.26151799e-01
 7.25892424e-01
 7.25624893e-01
 7.26310686e-01
 7.28502041e-01
 7.32220001e-01
 7.37321714e-01
 7.43747458e-01
 7.51539858e-01
 7.60784763e-01
 7.71562760e-01
 7.83922933e-01
 7.97870199e-01
 8.13358552e-01
 8.30277444e-01
 8.48418803e-01
 8.67504377e-01
 8.87295120e-01
 9.07621824e-01
 9.28300059e-01
 9.49050710e-01
 9.69540742e-01
 9.89447016e-01
 1.00846495e+00
 1.02630040e+00
 1.04267365e+00
 1.05733162e+00
 1.07005864e+00
 1.08068133e+00
 1.08906731e+00
 1.09512068e+00
 1.09877719e+00
 1.10000000e+00
 7.61790491e-01
 7.62676260e-01
 7.64981294e-01
 7.68054179e-01
 7.71555329e-01
 7.75553265e-01
 7.80283589e-01
 7.85974847e-01
 7.92805355e-01
 8.00905791e-01
 8.10363992e-01
 8.21225654e-01
 8.33492189e-01
 8.47116399e-01
 8.61994775e-01
 8.77961752e-01
 8.94810139e-01
 9.12334895e-01
 9.30347551e-01
 9.48645017e-01
 9.66980812e-01
 9.85077221e-01
 1.00265205e+00
 1.01943110e+00
 1.03515224e+00
 1.04957155e+00
 1.06247152e+00
 1.07366755e+00
 1.08301050e+00
 1.09038557e+00
 1.09570906e+00
 1.09892464e+00
 1.10000000e+00
 8.14538731e-01
 8.14911580e-01
 8.16038184e-01
 8.17887534e-01
 8.20376523e-01
 8.23483192e-01
 8.27305759e-01
 8.32001669e-01
 8.37714243e-01
 8.44546997e-01
 8.52565252e-01
 8.61799493e-01
 8.72244135e-01
 8.83853637e-01
 8.96538620e-01
 9.10166775e-01
 9.24575200e-01
 9.39589499e-01
 9.55031232e-01
 9.70708259e-01
 9.86405226e-01
 1.00188834e+00
 1.01691792e+00
 1.03125850e+00
 1.04468587e+00
 1.05699360e+00
 1.06799911e+00
 1.07754783e+00
 1.08551465e+00
 1.09180284e+00
 1.09634161e+00
 1.09908317e+00
 1.10000000e+00
 8.73200104e-01
 8.73090025e-01
 8.72891093e-01
 8.72942802e-01
 8.73628921e-01
 8.75202932e-01
 8.77751512e-01
 8.81276972e-01
 8.85775538e-01
 8.91260026e-01
 8.97749486e-01
 9.05253177e-01
 9.13758641e-01
 9.23224423e-01
 9.33576746e-01
 9.44710926e-01
 9.56498347e-01
 9.68795642e-01
 9.81449229e-01
 9.94293398e-01
 1.00714811e+00
 1.01982198e+00
 1.03211935e+00
 1.04384762e+00
 1.05482388e+00
 1.06488060e+00
 1.07387028e+00
 1.08166821e+00
 1.08817337e+00
 1.09330750e+00
 1.09701317e+00
 1.09925146e+00
 1.10000000e+00
 9.26793724e-01
 9.26681834e-01
 9.26499018e-01
 9.26569753e-01
 9.27162266e-01
 9.28405105e-01
 9.30339600e-01
 9.32984519e-01
 9.36361935e-01
 9.40497169e-01
 9.45410833e-01
 9.51110747e-01
 9.57585904e-01
 9.64802793e-01
 9.72704187e-01
 9.81210692e-01
 9.90224887e-01
 9.99636230e-01
 1.00932403e+00
 1.01915790e+00
 1.02899799e+00
 1.03869730e+00
 1.04810609e+00
 1.05707712e+00
 1.06547074e+00
 1.07315940e+00
 1.08003099e+00
 1.08599086e+00
 1.09096228e+00
 1.09488575e+00
 1.09771754e+00
 1.09942799e+00
 1.10000000e+00
 9.75714772e-01
 9.76284330e-01
 9.77737351e-01
 9.79538815e-01
 9.81296559e-01
 9.82945522e-01
 9.84638167e-01
 9.86568691e-01
 9.88883776e-01
 9.91672292e-01
 9.94980724e-01
 9.98826620e-01
 1.00320561e+00
 1.00809458e+00
 1.01345353e+00
 1.01922774e+00
 1.02535060e+00
 1.03174637e+00
 1.03833209e+00
 1.04501818e+00
 1.05170910e+00
 1.05830479e+00
 1.06470343e+00
 1.07080477e+00
 1.07651369e+00
 1.08174329e+00
 1.08641722e+00
 1.09047106e+00
 1.09385259e+00
 1.09652131e+00
 1.09844748e+00
 1.09961092e+00
 1.10000000e+00
 1.04011371e+00
 1.03997441e+00
 1.03968101e+00
 1.03949433e+00
 1.03960121e+00
 1.04002801e+00
 1.04071815e+00
 1.04163227e+00
 1.04277487e+00
 1.04417123e+00
 1.04584355e+00
 1.04780173e+00
 1.05004276e+00
 1.05255260e+00
 1.05530817e+00
 1.05827925e+00
 1.06143042e+00
 1.06472247e+00
 1.06811317e+00
 1.07155728e+00
 1.07500651e+00
 1.07840996e+00
 1.08171524e+00
 1.08487023e+00
 1.08782505e+00
 1.09053381e+00
 1.09295613e+00
 1.09505789e+00
 1.09681150e+00
 1.09819565e+00
 1.09919472e+00
 1.09979819e+00
 1.10000000e+00
 1.09851944e+00
 1.09843374e+00
 1.09823457e+00
 1.09801771e+00
 1.09782205e+00
 1.09764767e+00
 1.09750080e+00
 1.09739409e+00
 1.09733337e+00
 1.09731692e+00
 1.09734028e+00
 1.09739831e+00
 1.09748512e+00
 1.09759404e+00
 1.09771820e+00
 1.09785176e+00
 1.09799086e+00
 1.09813400e+00
 1.09828153e+00
 1.09843466e+00
 1.09859422e+00
 1.09875980e+00
 1.09892940e+00
 1.09909959e+00
 1.09926593e+00
 1.09942364e+00
 1.09956819e+00
 1.09969571e+00
 1.09980319e+00
 1.09988849e+00
 1.09995021e+00
 1.09998752e+00
 1.10000000e+00
 1.15563566e+00
 1.15582237e+00
 1.15614228e+00
 1.15617764e+00
 1.15576812e+00
 1.15502300e+00
 1.15408686e+00
 1.15301530e+00
 1.15179521e+00
 1.15039469e+00
 1.14878792e+00
 1.14695958e+00
 1.14490314e+00
 1.14261969e+00
 1.14011838e+00
 1.13741747e+00
 1.13454484e+00
 1.13153726e+00
 1.12843866e+00
 1.12529763e+00
 1.12216494e+00
 1.11909115e+00
 1.11612484e+00
 1.11331119e+00
 1.11069101e+00
 1.10830027e+00
 1.10616995e+00
 1.10432609e+00
 1.10279000e+00
 1.10157856e+00
 1.10070446e+00
 1.10017654e+00
 1.10000000e+00
 1.22012666e+00
 1.21924129e+00
 1.21713011e+00
 1.21482278e+00
 1.21288903e+00
 1.21125938e+00
 1.20961998e+00
 1.20772219e+00
 1.20543760e+00
 1.20270980e+00
 1.19951279e+00
 1.19583405e+00
 1.19167128e+00
 1.18703408e+00
 1.18194696e+00
 1.17645170e+00
 1.17060767e+00
 1.16449011e+00
 1.15818671e+00
 1.15179350e+00
 1.14541089e+00
 1.13914000e+00
 1.13307940e+00
 1.12732222e+00
 1.12195382e+00
 1.11705021e+00
 1.11267715e+00
 1.10888999e+00
 1.10573387e+00
 1.10324431e+00
 1.10144786e+00
 1.10036285e+00
 1.10000000e+00
 1.25974687e+00
 1.26074929e+00
 1.26299233e+00
 1.26497928e+00
 1.26574779e+00
 1.26517025e+00
 1.26349466e+00
 1.26094965e+00
 1.25764754e+00
 1.25362220e+00
 1.24887409e+00
 1.24339624e+00
 1.23718814e+00
 1.23026497e+00
 1.22266430e+00
 1.21445012e+00
 1.20571297e+00
 1.19656649e+00
 1.18714181e+00
 1.17758157e+00
 1.16803453e+00
 1.15865090e+00
 1.14957785e+00
 1.14095530e+00
 1.13291205e+00
 1.12556303e+00
 1.11900775e+00
 1.11332991e+00
 1.10859772e+00
 1.10486477e+00
 1.10217103e+00
 1.10054408e+00
 1.10000000e+00
 1.32977554e+00
 1.32882177e+00
 1.32652869e+00
 1.32391595e+00
 1.32144378e+00
 1.31891651e+00
 1.31595997e+00
 1.31231756e+00
 1.30786131e+00
 1.30252537e+00
 1.29626774e+00
 1.28906076e+00
 1.28089395e+00
 1.27178140e+00
 1.26177001e+00
 1.25094462e+00
 1.23942702e+00
 1.22736951e+00
 1.21494606e+00
 1.20234417e+00
 1.18975849e+00
 1.17738565e+00
 1.16541933e+00
 1.15404463e+00
 1.14343243e+00
 1.13373520e+00
 1.12508476e+00
 1.11759186e+00
 1.11134676e+00
 1.10642025e+00
 1.10286522e+00
 1.10071805e+00
 1.10000000e+00
 1.37587315e+00
 1.37593637e+00
 1.37575178e+00
 1.37469751e+00
 1.37256762e+00
 1.36951138e+00
 1.36565965e+00
 1.36099363e+00
 1.35541483e+00
 1.34882072e+00
 1.34113234e+00
 1.33229669e+00
 1.32228685e+00
 1.31110963e+00
 1.29881769e+00
 1.28551646e+00
 1.27136060e+00
 1.25654220e+00
 1.24127737e+00
 1.22579579e+00
 1.21033400e+00
 1.19513095e+00
 1.18042370e+00
 1.16644095e+00
 1.15339460e+00
 1.14147305e+00
 1.13083854e+00
 1.12162709e+00
 1.11394953e+00
 1.10789299e+00
 1.10352246e+00
 1.10088276e+00
 1.10000000e+00
 1.42833746e+00
 1.42759089e+00
 1.42566190e+00
 1.42306493e+00
 1.41997377e+00
 1.41625671e+00
 1.41173242e+00
 1.40625666e+00
 1.39970648e+00
 1.39197471e+00
 1.38297607e+00
 1.37264542e+00
 1.36093780e+00
 1.34784618e+00
 1.33342608e+00
 1.31780572e+00
 1.30117714e+00
 1.28377499e+00
 1.26585654e+00
 1.24768972e+00
 1.22954737e+00
 1.21170432e+00
 1.19443641e+00
 1.17801508e+00
 1.16269354e+00
 1.14869478e+00
 1.13620855e+00
 1.12539342e+00
 1.11637905e+00
 1.10926773e+00
 1.10413601e+00
 1.10103652e+00
 1.10000000e+00
 1.46805232e+00
 1.46788198e+00
 1.46713256e+00
 1.46542107e+00
 1.46261473e+00
 1.45874484e+00
 1.45379888e+00
 1.44768960e+00
 1.44030933e+00
 1.43156784e+00
 1.42139805e+00
 1.40973393e+00
 1.39650124e+00
 1.38166593e+00
 1.36528512e+00
 1.34751588e+00
 1.32859696e+00
 1.30880989e+00
 1.28845133e+00
 1.26782179e+00
 1.24722390e+00
 1.22695865e+00
 1.20733188e+00
 1.18865927e+00
 1.17124008e+00
 1.15533113e+00
 1.14114462e+00
 1.12885689e+00
 1.11861399e+00
 1.11053266e+00
 1.10470056e+00
 1.10117801e+00
 1.10000000e+00
 1.50832774e+00
 1.50777789e+00
 1.50628797e+00
 1.50406130e+00
 1.50103695e+00
 1.49698903e+00
 1.49171233e+00
 1.48506256e+00
 1.47693903e+00
 1.46728577e+00
 1.45608494e+00
 1.44327814e+00
 1.42871920e+00
 1.41232309e+00
 1.39415630e+00
 1.37441331e+00
 1.35339767e+00
 1.33144167e+00
 1.30887814e+00
 1.28603073e+00
 1.26322833e+00
 1.24078546e+00
 1.21901541e+00
 1.19828600e+00
 1.17895867e+00
 1.16132476e+00
 1.14560852e+00
 1.13199425e+00
 1.12064107e+00
 1.11168072e+00
 1.10521313e+00
 1.10130647e+00
 1.10000000e+00
 1.54095088e+00
 1.54073199e+00
 1.53990494e+00
 1.53815462e+00
 1.53525501e+00
 1.53105767e+00
 1.52542903e+00
 1.51824364e+00
 1.50940426e+00
 1.49888948e+00
 1.48678994e+00
 1.47308262e+00
 1.45741896e+00
 1.43964231e+00
 1.41986841e+00
 1.39832118e+00
 1.37541266e+00
 1.35151628e+00
 1.32700262e+00
 1.30219555e+00
 1.27745955e+00
 1.25311840e+00
 1.22942366e+00
 1.20682404e+00
 1.18578278e+00
 1.16662833e+00
 1.14957627e+00
 1.13479720e+00
 1.12245846e+00
 1.11271177e+00
 1.10567370e+00
 1.10142192e+00
 1.10000000e+00
 1.57172543e+00
 1.57142943e+00
 1.57044842e+00
 1.56853714e+00
 1.56542480e+00
 1.56091290e+00
 1.55486249e+00
 1.54713156e+00
 1.53758383e+00
 1.52619711e+00
 1.51330086e+00
 1.49904927e+00
 1.48250142e+00
 1.46349659e+00
 1.44231372e+00
 1.41910650e+00
 1.39453165e+00
 1.36892527e+00
 1.34274088e+00
 1.31623240e+00
 1.28983480e+00
 1.26394004e+00
 1.23852020e+00
 1.21421388e+00
 1.19165007e+00
 1.17120116e+00
 1.15304141e+00
 1.13727874e+00
 1.12407877e+00
 1.11363193e+00
 1.10608474e+00
 1.10152484e+00
 1.10000000e+00
 1.59996714e+00
 1.59941373e+00
 1.59779697e+00
 1.59515879e+00
 1.59142711e+00
 1.58640246e+00
 1.57989091e+00
 1.57165520e+00
 1.56143603e+00
 1.54910185e+00
 1.53539170e+00
 1.52120712e+00
 1.50390880e+00
 1.48377463e+00
 1.46145136e+00
 1.43665756e+00
 1.41070905e+00
 1.38359314e+00
 1.35605973e+00
 1.32809785e+00
 1.30025869e+00
 1.27329674e+00
 1.24627452e+00
 1.22041240e+00
 1.19650197e+00
 1.17500640e+00
 1.15601418e+00
 1.13948275e+00
 1.12552565e+00
 1.11443799e+00
 1.10644026e+00
 1.10161296e+00
 1.10000000e+00
 1.62186569e+00
 1.62128694e+00
 1.61958495e+00
 1.61673014e+00
 1.61268170e+00
 1.60725893e+00
 1.60037987e+00
 1.59178723e+00
 1.58097996e+00
 1.56764399e+00
 1.55277015e+00
 1.53974758e+00
 1.52156069e+00
 1.50036131e+00
 1.47730815e+00
 1.45086150e+00
 1.42397453e+00
 1.39546254e+00
 1.36696682e+00
 1.33780388e+00
 1.30858763e+00
 1.28131448e+00
 1.25261062e+00
 1.22542589e+00
 1.20028497e+00
 1.17802341e+00
 1.15849297e+00
 1.14150668e+00
 1.12682079e+00
 1.11505882e+00
 1.10668714e+00
 1.10166905e+00
 1.10000000e+00
 1.63866942e+00
 1.63811231e+00
 1.63641147e+00
 1.63338655e+00
 1.62915595e+00
 1.62341987e+00
 1.61622451e+00
 1.60756857e+00
 1.59619101e+00
 1.58208666e+00
 1.56513120e+00
 1.55495951e+00
 1.53529417e+00
 1.51316980e+00
 1.48993189e+00
 1.46162494e+00
 1.43440887e+00
 1.40450239e+00
 1.37547877e+00
 1.34542379e+00
 1.31464976e+00
 1.28815532e+00
 1.25736303e+00
 1.22936230e+00
 1.20294216e+00
 1.18030906e+00
 1.16037287e+00
 1.14353701e+00
 1.12796526e+00
 1.11527274e+00
 1.10666083e+00
 1.10163927e+00
 1.10000000e+00
 1.65094115e+00
 1.65026372e+00
 1.64839026e+00
 1.64512810e+00
 1.64085636e+00
 1.63496227e+00
 1.62732161e+00
 1.61908639e+00
 1.60692862e+00
 1.59277152e+00
 1.57251780e+00
 1.56689422e+00
 1.54492904e+00
 1.52220774e+00
 1.49927140e+00
 1.46897501e+00
 1.44204685e+00
 1.41075699e+00
 1.38158435e+00
 1.35102852e+00
 1.31841207e+00
 1.29380777e+00
 1.26038071e+00
 1.23238562e+00
 1.20444674e+00
 1.18204222e+00
 1.16141097e+00
 1.14575491e+00
 1.12889976e+00
 1.11484519e+00
 1.10612341e+00
 1.10143339e+00
 1.10000000e+00
 1.65853030e+00
 1.65775328e+00
 1.65558239e+00
 1.65211508e+00
 1.64782601e+00
 1.64198782e+00
 1.63371848e+00
 1.62627640e+00
 1.61315185e+00
 1.59964168e+00
 1.57584427e+00
 1.57490096e+00
 1.55049281e+00
 1.52757208e+00
 1.50509091e+00
 1.47314859e+00
 1.44677597e+00
 1.41437916e+00
 1.38525234e+00
 1.35455092e+00
 1.32021945e+00
 1.29779152e+00
 1.26181945e+00
 1.23446357e+00
 1.20498978e+00
 1.18330651e+00
 1.16158867e+00
 1.14786420e+00
 1.12948126e+00
 1.11406033e+00
 1.10512996e+00
 1.10105715e+00
 1.10000000e+00
 1.66111000e+00
 1.66025109e+00
 1.65787155e+00
 1.65441104e+00
 1.65011575e+00
 1.64437475e+00
 1.63576454e+00
 1.62876184e+00
 1.61514884e+00
 1.60207192e+00
 1.57667609e+00
 1.57778417e+00
 1.55228207e+00
 1.52935123e+00
 1.50707907e+00
 1.47448511e+00
 1.44838803e+00
 1.41555794e+00
 1.38647314e+00
 1.35576976e+00
 1.32070782e+00
 1.29926855e+00
 1.26219381e+00
 1.23523878e+00
 1.20506723e+00
 1.18381311e+00
 1.16149377e+00
 1.14880438e+00
 1.12965693e+00
 1.11367834e+00
 1.10454682e+00
 1.10084689e+00
 1.10000000e+00
