 1.10000000e+00
 1.09973154e+00
 1.09932335e+00
 1.09977445e+00
 1.10213103e+00
 1.10664075e+00
 1.11206883e+00
 1.11810923e+00
 1.12501949e+00
 1.13260871e+00
 1.14084022e+00
 1.14963024e+00
 1.15888772e+00
 1.16852071e+00
 1.17842404e+00
 1.18848701e+00
 1.19859945e+00
 1.20864944e+00
 1.21854464e+00
 1.22820342e+00
 1.23753082e+00
 1.24642469e+00
 1.25480580e+00
 1.26260989e+00
 1.26978499e+00
 1.27627411e+00
 1.28202515e+00
 1.28698680e+00
 1.29111171e+00
 1.29436142e+00
 1.29670522e+00
 1.29812065e+00
 1.29859400e+00
 1.10000000e+00
 1.09984680e+00
 1.09961635e+00
 1.10015108e+00
 1.10245336e+00
 1.10680084e+00
 1.11216157e+00
 1.11818920e+00
 1.12507667e+00
 1.13265556e+00
 1.14087818e+00
 1.14966145e+00
 1.15891352e+00
 1.16854174e+00
 1.17844091e+00
 1.18850048e+00
 1.19861021e+00
 1.20865883e+00
 1.21855350e+00
 1.22821163e+00
 1.23753845e+00
 1.24643319e+00
 1.25481669e+00
 1.26262488e+00
 1.26980542e+00
 1.27630260e+00
 1.28206585e+00
 1.28704736e+00
 1.29120602e+00
 1.29451222e+00
 1.29694262e+00
 1.29846696e+00
 1.29900573e+00
 1.09999999e+00
 1.10004011e+00
 1.10023747e+00
 1.10105525e+00
 1.10328489e+00
 1.10727631e+00
 1.11244679e+00
 1.11842315e+00
 1.12524849e+00
 1.13279472e+00
 1.14099116e+00
 1.14975420e+00
 1.15899010e+00
 1.16860413e+00
 1.17849093e+00
 1.18854039e+00
 1.19864212e+00
 1.20868647e+00
 1.21857927e+00
 1.22823539e+00
 1.23756070e+00
 1.24645794e+00
 1.25484835e+00
 1.26266828e+00
 1.26986482e+00
 1.27638560e+00
 1.28218473e+00
 1.28722437e+00
 1.29148059e+00
 1.29494577e+00
 1.29760598e+00
 1.29936975e+00
 1.30000831e+00
 1.10000001e+00
 1.10019600e+00
 1.10080878e+00
 1.10202972e+00
 1.10431197e+00
 1.10800112e+00
 1.11292374e+00
 1.11879575e+00
 1.12553175e+00
 1.13302179e+00
 1.14117593e+00
 1.14990565e+00
 1.15911479e+00
 1.16870558e+00
 1.17857227e+00
 1.18860512e+00
 1.19869388e+00
 1.20873066e+00
 1.21861954e+00
 1.22827219e+00
 1.23759545e+00
 1.24649644e+00
 1.25489741e+00
 1.26273511e+00
 1.26995665e+00
 1.27651399e+00
 1.28236813e+00
 1.28749355e+00
 1.29188331e+00
 1.29553974e+00
 1.29841737e+00
 1.30033360e+00
 1.30101651e+00
 1.10000001e+00
 1.10029990e+00
 1.10120604e+00
 1.10278684e+00
 1.10524515e+00
 1.10881855e+00
 1.11354219e+00
 1.11928039e+00
 1.12591237e+00
 1.13332763e+00
 1.14142553e+00
 1.15011028e+00
 1.15928283e+00
 1.16884205e+00
 1.17868154e+00
 1.18869176e+00
 1.19876288e+00
 1.20878830e+00
 1.21867038e+00
 1.22831784e+00
 1.23763861e+00
 1.24654386e+00
 1.25495730e+00
 1.26281607e+00
 1.27006775e+00
 1.27666797e+00
 1.28258278e+00
 1.28779089e+00
 1.29227928e+00
 1.29601737e+00
 1.29890752e+00
 1.30076938e+00
 1.30141650e+00
 1.10000000e+00
 1.10036384e+00
 1.10145546e+00
 1.10329428e+00
 1.10595725e+00
 1.10956822e+00
 1.11420283e+00
 1.11983009e+00
 1.12636171e+00
 1.13369516e+00
 1.14172778e+00
 1.15035893e+00
 1.15948674e+00
 1.16900734e+00
 1.17881349e+00
 1.18879571e+00
 1.19884473e+00
 1.20885465e+00
 1.21872638e+00
 1.22836640e+00
 1.23768364e+00
 1.24659231e+00
 1.25501750e+00
 1.26289642e+00
 1.27017661e+00
 1.27681431e+00
 1.28277347e+00
 1.28802083e+00
 1.29251100e+00
 1.29616400e+00
 1.29886457e+00
 1.30051052e+00
 1.30106019e+00
 1.10000000e+00
 1.10040295e+00
 1.10160933e+00
 1.10361979e+00
 1.10645642e+00
 1.11016979e+00
 1.11480994e+00
 1.12038238e+00
 1.12683888e+00
 1.13409804e+00
 1.14206451e+00
 1.15063813e+00
 1.15971599e+00
 1.16919278e+00
 1.17896068e+00
 1.18891037e+00
 1.19893306e+00
 1.20892316e+00
 1.21878046e+00
 1.22841003e+00
 1.23772139e+00
 1.24663055e+00
 1.25506328e+00
 1.26295600e+00
 1.27025440e+00
 1.27691097e+00
 1.28288046e+00
 1.28811103e+00
 1.29253332e+00
 1.29606060e+00
 1.29861337e+00
 1.30014906e+00
 1.30066031e+00
 1.09999999e+00
 1.10042747e+00
 1.10170645e+00
 1.10383001e+00
 1.10679685e+00
 1.11061838e+00
 1.11531243e+00
 1.12088246e+00
 1.12729995e+00
 1.13450412e+00
 1.14241243e+00
 1.15093033e+00
 1.15995687e+00
 1.16938711e+00
 1.17911345e+00
 1.18902700e+00
 1.19901948e+00
 1.20898542e+00
 1.21882386e+00
 1.22843896e+00
 1.23774034e+00
 1.24664454e+00
 1.25507683e+00
 1.26297154e+00
 1.27027044e+00
 1.27691956e+00
 1.28286402e+00
 1.28804244e+00
 1.29238647e+00
 1.29583032e+00
 1.29832345e+00
 1.29983292e+00
 1.30033855e+00
 1.10000000e+00
 1.10044344e+00
 1.10176978e+00
 1.10396887e+00
 1.10702898e+00
 1.11094169e+00
 1.11570195e+00
 1.12130011e+00
 1.12771006e+00
 1.13488249e+00
 1.14274653e+00
 1.15121564e+00
 1.16019332e+00
 1.16957691e+00
 1.17926012e+00
 1.18913498e+00
 1.19909385e+00
 1.20903143e+00
 1.21884630e+00
 1.22844193e+00
 1.23772751e+00
 1.24661895e+00
 1.25503983e+00
 1.26292118e+00
 1.27019984e+00
 1.27681578e+00
 1.28270902e+00
 1.28781847e+00
 1.29208476e+00
 1.29545582e+00
 1.29789097e+00
 1.29936230e+00
 1.29985433e+00
 1.09999999e+00
 1.10045407e+00
 1.10181211e+00
 1.10406237e+00
 1.10718819e+00
 1.11117099e+00
 1.11599176e+00
 1.12162846e+00
 1.12804998e+00
 1.13520995e+00
 1.14304459e+00
 1.15147450e+00
 1.16040856e+00
 1.16974766e+00
 1.17938776e+00
 1.18922239e+00
 1.19914486e+00
 1.20905015e+00
 1.21883660e+00
 1.22840706e+00
 1.23766983e+00
 1.24653938e+00
 1.25493677e+00
 1.26278918e+00
 1.27002884e+00
 1.27659163e+00
 1.28241653e+00
 1.28744668e+00
 1.29163172e+00
 1.29493004e+00
 1.29730943e+00
 1.29874670e+00
 1.29922745e+00
 1.10000000e+00
 1.10046127e+00
 1.10184070e+00
 1.10412576e+00
 1.10729726e+00
 1.11133125e+00
 1.11620050e+00
 1.12187403e+00
 1.12831435e+00
 1.13547355e+00
 1.14329050e+00
 1.15169050e+00
 1.16058713e+00
 1.16988514e+00
 1.17948328e+00
 1.18927702e+00
 1.19916085e+00
 1.20903028e+00
 1.21878358e+00
 1.22832300e+00
 1.23755572e+00
 1.24639445e+00
 1.25475753e+00
 1.26256861e+00
 1.26975624e+00
 1.27625387e+00
 1.28200091e+00
 1.28694475e+00
 1.29104244e+00
 1.29426113e+00
 1.29657681e+00
 1.29797286e+00
 1.29843933e+00
 1.10000003e+00
 1.10046607e+00
 1.10185977e+00
 1.10416813e+00
 1.10737058e+00
 1.11144023e+00
 1.11634501e+00
 1.12204801e+00
 1.12850636e+00
 1.13566913e+00
 1.14347515e+00
 1.15185200e+00
 1.16071659e+00
 1.16997698e+00
 1.17953474e+00
 1.18928741e+00
 1.19913087e+00
 1.20896133e+00
 1.21867713e+00
 1.22818005e+00
 1.23737629e+00
 1.24617694e+00
 1.25449816e+00
 1.26226106e+00
 1.26939178e+00
 1.27582227e+00
 1.28149216e+00
 1.28635120e+00
 1.29036121e+00
 1.29349659e+00
 1.29574255e+00
 1.29709195e+00
 1.29754199e+00
 1.10000000e+00
 1.10046908e+00
 1.10187185e+00
 1.10419506e+00
 1.10741735e+00
 1.11151012e+00
 1.11643846e+00
 1.12216164e+00
 1.12863285e+00
 1.13579819e+00
 1.14359529e+00
 1.15195239e+00
 1.16078836e+00
 1.17001370e+00
 1.17953239e+00
 1.18924394e+00
 1.19904561e+00
 1.20883445e+00
 1.21850904e+00
 1.22797092e+00
 1.23712566e+00
 1.24588343e+00
 1.25415931e+00
 1.26187342e+00
 1.26895121e+00
 1.27532445e+00
 1.28093302e+00
 1.28572745e+00
 1.28967137e+00
 1.29274290e+00
 1.29493366e+00
 1.29624484e+00
 1.29668111e+00
 1.10000000e+00
 1.10047079e+00
 1.10187864e+00
 1.10421017e+00
 1.10744357e+00
 1.11154925e+00
 1.11649060e+00
 1.12222448e+00
 1.12870139e+00
 1.13586503e+00
 1.14365163e+00
 1.15198925e+00
 1.16079771e+00
 1.16998915e+00
 1.17946936e+00
 1.18913953e+00
 1.19889820e+00
 1.20864325e+00
 1.21827363e+00
 1.22769097e+00
 1.23680070e+00
 1.24551294e+00
 1.25374309e+00
 1.26141214e+00
 1.26844715e+00
 1.27478198e+00
 1.28035855e+00
 1.28512861e+00
 1.28905575e+00
 1.29211688e+00
 1.29430188e+00
 1.29561032e+00
 1.29604581e+00
 1.09999999e+00
 1.10047142e+00
 1.10188118e+00
 1.10421582e+00
 1.10745326e+00
 1.11156337e+00
 1.11650853e+00
 1.12224413e+00
 1.12871891e+00
 1.13587490e+00
 1.14364709e+00
 1.15196312e+00
 1.16074317e+00
 1.16990039e+00
 1.17934185e+00
 1.18897004e+00
 1.19868459e+00
 1.20838411e+00
 1.21796803e+00
 1.22733822e+00
 1.23640044e+00
 1.24506549e+00
 1.25325013e+00
 1.26087780e+00
 1.26787913e+00
 1.27419243e+00
 1.27976396e+00
 1.28454822e+00
 1.28850812e+00
 1.29161484e+00
 1.29384745e+00
 1.29519211e+00
 1.29564115e+00
 1.10000000e+00
 1.10047119e+00
 1.10188022e+00
 1.10421361e+00
 1.10744919e+00
 1.11155651e+00
 1.11649741e+00
 1.12222646e+00
 1.12869134e+00
 1.13583301e+00
 1.14358562e+00
 1.15187642e+00
 1.16062571e+00
 1.16974723e+00
 1.17914895e+00
 1.18873428e+00
 1.19840368e+00
 1.20805639e+00
 1.21759223e+00
 1.22691340e+00
 1.23592607e+00
 1.24454191e+00
 1.25267937e+00
 1.26026464e+00
 1.26723236e+00
 1.27352566e+00
 1.27909548e+00
 1.28389921e+00
 1.28789872e+00
 1.29105863e+00
 1.29334597e+00
 1.29473203e+00
 1.29519652e+00
 1.10000001e+00
 1.10047020e+00
 1.10187624e+00
 1.10420466e+00
 1.10743326e+00
 1.11153151e+00
 1.11646101e+00
 1.12217595e+00
 1.12862351e+00
 1.13574411e+00
 1.14347148e+00
 1.15173263e+00
 1.16044799e+00
 1.16953167e+00
 1.17889222e+00
 1.18843372e+00
 1.19805721e+00
 1.20766235e+00
 1.21714923e+00
 1.22642019e+00
 1.23538159e+00
 1.24394557e+00
 1.25203156e+00
 1.25956748e+00
 1.26649041e+00
 1.27274634e+00
 1.27828890e+00
 1.28307698e+00
 1.28707187e+00
 1.29023526e+00
 1.29252961e+00
 1.29392180e+00
 1.29438865e+00
 1.09999998e+00
 1.10046850e+00
 1.10186956e+00
 1.10418971e+00
 1.10740682e+00
 1.11149040e+00
 1.11640207e+00
 1.12209600e+00
 1.12851933e+00
 1.13561239e+00
 1.14330888e+00
 1.15153584e+00
 1.16021385e+00
 1.16925734e+00
 1.17857526e+00
 1.18807213e+00
 1.19764938e+00
 1.20720692e+00
 1.21664489e+00
 1.22586548e+00
 1.23477479e+00
 1.24328465e+00
 1.25131427e+00
 1.25879150e+00
 1.26565347e+00
 1.27184633e+00
 1.27732405e+00
 1.28204635e+00
 1.28597663e+00
 1.28908049e+00
 1.29132605e+00
 1.29268606e+00
 1.29314167e+00
 1.10000000e+00
 1.10046624e+00
 1.10186047e+00
 1.10416933e+00
 1.10737080e+00
 1.11143458e+00
 1.11632253e+00
 1.12198915e+00
 1.12838189e+00
 1.13544147e+00
 1.14310186e+00
 1.15129042e+00
 1.15992795e+00
 1.16892916e+00
 1.17820330e+00
 1.18765519e+00
 1.19718652e+00
 1.20669731e+00
 1.21608761e+00
 1.22525920e+00
 1.23411746e+00
 1.24257319e+00
 1.25054427e+00
 1.25795701e+00
 1.26474684e+00
 1.27085840e+00
 1.27624484e+00
 1.28086687e+00
 1.28469180e+00
 1.28769312e+00
 1.28985057e+00
 1.29115026e+00
 1.29158432e+00
 1.09999999e+00
 1.10046337e+00
 1.10184906e+00
 1.10414379e+00
 1.10732572e+00
 1.11136489e+00
 1.11622366e+00
 1.12185716e+00
 1.12821362e+00
 1.13523448e+00
 1.14285435e+00
 1.15100104e+00
 1.15959566e+00
 1.16855314e+00
 1.17778293e+00
 1.18719011e+00
 1.19667658e+00
 1.20614247e+00
 1.21548767e+00
 1.22461347e+00
 1.23342431e+00
 1.24182954e+00
 1.24974518e+00
 1.25709538e+00
 1.26381349e+00
 1.26984260e+00
 1.27513568e+00
 1.27965563e+00
 1.28337518e+00
 1.28627662e+00
 1.28835083e+00
 1.28959502e+00
 1.29000957e+00
 1.10000000e+00
 1.10045995e+00
 1.10183538e+00
 1.10411315e+00
 1.10727172e+00
 1.11128162e+00
 1.11610602e+00
 1.12170111e+00
 1.12801633e+00
 1.13499422e+00
 1.14257027e+00
 1.15067278e+00
 1.15922311e+00
 1.16813628e+00
 1.17732194e+00
 1.18668537e+00
 1.19612877e+00
 1.20555248e+00
 1.21485638e+00
 1.22394137e+00
 1.23271098e+00
 1.24107316e+00
 1.24894206e+00
 1.25623983e+00
 1.26289816e+00
 1.26885944e+00
 1.27407758e+00
 1.27851851e+00
 1.28216017e+00
 1.28499158e+00
 1.28701041e+00
 1.28821927e+00
 1.28862170e+00
 1.10000002e+00
 1.10045594e+00
 1.10181931e+00
 1.10407718e+00
 1.10720842e+00
 1.11118436e+00
 1.11596939e+00
 1.12152134e+00
 1.12779136e+00
 1.13472344e+00
 1.14225393e+00
 1.15031148e+00
 1.15881743e+00
 1.16768681e+00
 1.17682932e+00
 1.18615060e+00
 1.19555326e+00
 1.20493812e+00
 1.21420532e+00
 1.22325568e+00
 1.23199216e+00
 1.24032154e+00
 1.24815643e+00
 1.25541733e+00
 1.26203478e+00
 1.26795111e+00
 1.27312157e+00
 1.27751461e+00
 1.28111131e+00
 1.28390385e+00
 1.28589265e+00
 1.28708250e+00
 1.28747843e+00
 1.10000000e+00
 1.10045121e+00
 1.10180051e+00
 1.10403519e+00
 1.10713474e+00
 1.11107176e+00
 1.11581259e+00
 1.12131748e+00
 1.12753986e+00
 1.13442523e+00
 1.14191050e+00
 1.14992415e+00
 1.15838715e+00
 1.16721428e+00
 1.17631538e+00
 1.18559655e+00
 1.19496110e+00
 1.20431064e+00
 1.21354598e+00
 1.22256831e+00
 1.23128045e+00
 1.23958849e+00
 1.24740380e+00
 1.25464541e+00
 1.26124274e+00
 1.26713799e+00
 1.27228757e+00
 1.27666192e+00
 1.28024379e+00
 1.28302584e+00
 1.28500795e+00
 1.28619413e+00
 1.28658889e+00
 1.10000001e+00
 1.10044566e+00
 1.10177836e+00
 1.10398579e+00
 1.10704848e+00
 1.11094112e+00
 1.11563324e+00
 1.12108860e+00
 1.12726327e+00
 1.13410380e+00
 1.14154672e+00
 1.14951953e+00
 1.15794239e+00
 1.16672976e+00
 1.17579173e+00
 1.18503509e+00
 1.19436419e+00
 1.20368178e+00
 1.21288979e+00
 1.22189025e+00
 1.23058640e+00
 1.23888414e+00
 1.24669394e+00
 1.25393329e+00
 1.26052980e+00
 1.26642443e+00
 1.27157381e+00
 1.27595013e+00
 1.27953814e+00
 1.28233080e+00
 1.28432548e+00
 1.28552182e+00
 1.28592046e+00
 1.09999999e+00
 1.10043893e+00
 1.10175162e+00
 1.10392636e+00
 1.10694559e+00
 1.11078779e+00
 1.11542772e+00
 1.12083385e+00
 1.12696444e+00
 1.13376549e+00
 1.14117159e+00
 1.14910841e+00
 1.15749504e+00
 1.16624577e+00
 1.17527121e+00
 1.18447918e+00
 1.19377534e+00
 1.20306394e+00
 1.21224843e+00
 1.22123214e+00
 1.22991925e+00
 1.23821604e+00
 1.24603254e+00
 1.25328467e+00
 1.25989723e+00
 1.26580772e+00
 1.27097024e+00
 1.27535698e+00
 1.27895517e+00
 1.28176027e+00
 1.28376939e+00
 1.28497827e+00
 1.28538199e+00
 1.09999999e+00
 1.10043048e+00
 1.10171801e+00
 1.10385212e+00
 1.10681908e+00
 1.11060459e+00
 1.11519177e+00
 1.12055406e+00
 1.12664929e+00
 1.13341985e+00
 1.14079677e+00
 1.14870349e+00
 1.15705834e+00
 1.16577586e+00
 1.17476759e+00
 1.18394262e+00
 1.19320821e+00
 1.20247034e+00
 1.21163428e+00
 1.22060502e+00
 1.22928810e+00
 1.23759076e+00
 1.24542323e+00
 1.25270031e+00
 1.25934360e+00
 1.26528490e+00
 1.27047128e+00
 1.27487008e+00
 1.27846934e+00
 1.28126971e+00
 1.28327262e+00
 1.28447597e+00
 1.28487735e+00
 1.10000000e+00
 1.10041920e+00
 1.10167326e+00
 1.10375446e+00
 1.10665748e+00
 1.11038208e+00
 1.11492302e+00
 1.12025479e+00
 1.12632862e+00
 1.13308007e+00
 1.14043610e+00
 1.14831870e+00
 1.15664619e+00
 1.16533402e+00
 1.17429500e+00
 1.18343972e+00
 1.19267710e+00
 1.20191498e+00
 1.21106064e+00
 1.22002094e+00
 1.22870297e+00
 1.23701537e+00
 1.24486938e+00
 1.25217972e+00
 1.25886570e+00
 1.26485312e+00
 1.27007839e+00
 1.27449608e+00
 1.27808804e+00
 1.28086404e+00
 1.28284442e+00
 1.28403725e+00
 1.28443646e+00
 1.09999999e+00
 1.10040302e+00
 1.10160950e+00
 1.10361842e+00
 1.10644398e+00
 1.11011204e+00
 1.11462668e+00
 1.11994975e+00
 1.12601866e+00
 1.13276190e+00
 1.14010426e+00
 1.14796797e+00
 1.15627219e+00
 1.16493387e+00
 1.17386735e+00
 1.18298470e+00
 1.19219647e+00
 1.20141232e+00
 1.21054162e+00
 1.21949308e+00
 1.22817534e+00
 1.23649866e+00
 1.24437588e+00
 1.25172283e+00
 1.25845863e+00
 1.26450559e+00
 1.26979059e+00
 1.27425010e+00
 1.27784285e+00
 1.28056821e+00
 1.28246864e+00
 1.28359536e+00
 1.28397056e+00
 1.10000001e+00
 1.10037841e+00
 1.10151328e+00
 1.10342098e+00
 1.10616035e+00
 1.10979766e+00
 1.11432291e+00
 1.11966115e+00
 1.12573854e+00
 1.13248122e+00
 1.13981493e+00
 1.14766395e+00
 1.15594866e+00
 1.16458792e+00
 1.17349760e+00
 1.18259106e+00
 1.19178039e+00
 1.20097672e+00
 1.21009158e+00
 1.21903543e+00
 1.22771808e+00
 1.23605141e+00
 1.24395016e+00
 1.25133201e+00
 1.25811785e+00
 1.26423031e+00
 1.26959298e+00
 1.27413063e+00
 1.27777488e+00
 1.28048591e+00
 1.28228982e+00
 1.28328926e+00
 1.28360470e+00
 1.10000002e+00
 1.10034004e+00
 1.10136630e+00
 1.10313866e+00
 1.10580456e+00
 1.10946865e+00
 1.11404748e+00
 1.11941361e+00
 1.12550596e+00
 1.13225132e+00
 1.13957936e+00
 1.14741718e+00
 1.15568605e+00
 1.16430702e+00
 1.17319722e+00
 1.18227097e+00
 1.19144171e+00
 1.20062165e+00
 1.20972437e+00
 1.21866182e+00
 1.22734454e+00
 1.23568580e+00
 1.24360219e+00
 1.25101324e+00
 1.25784268e+00
 1.26401580e+00
 1.26945899e+00
 1.27409802e+00
 1.27785723e+00
 1.28067006e+00
 1.28252083e+00
 1.28350786e+00
 1.28380725e+00
 1.10000002e+00
 1.10028373e+00
 1.10115951e+00
 1.10278335e+00
 1.10542234e+00
 1.10918285e+00
 1.11383710e+00
 1.11922589e+00
 1.12533371e+00
 1.13208158e+00
 1.13940578e+00
 1.14723559e+00
 1.15549258e+00
 1.16409992e+00
 1.17297563e+00
 1.18203457e+00
 1.19119140e+00
 1.20035877e+00
 1.20945222e+00
 1.21838477e+00
 1.22706724e+00
 1.23541397e+00
 1.24334310e+00
 1.25077542e+00
 1.25763758e+00
 1.26385773e+00
 1.26936702e+00
 1.27409875e+00
 1.27798689e+00
 1.28096941e+00
 1.28300425e+00
 1.28412009e+00
 1.28445836e+00
 1.10000002e+00
 1.10021465e+00
 1.10093698e+00
 1.10245708e+00
 1.10511662e+00
 1.10899658e+00
 1.11371072e+00
 1.11910894e+00
 1.12522881e+00
 1.13197770e+00
 1.13929965e+00
 1.14712460e+00
 1.15537414e+00
 1.16397304e+00
 1.17283982e+00
 1.18188954e+00
 1.19103775e+00
 1.20019719e+00
 1.20928478e+00
 1.21821425e+00
 1.22689640e+00
 1.23524624e+00
 1.24318296e+00
 1.25062795e+00
 1.25751004e+00
 1.26375917e+00
 1.26931009e+00
 1.27410247e+00
 1.27808068e+00
 1.28119690e+00
 1.28341331e+00
 1.28471200e+00
 1.28512573e+00
 1.10000000e+00
 1.10017365e+00
 1.10083241e+00
 1.10232169e+00
 1.10499870e+00
 1.10893384e+00
 1.11366934e+00
 1.11906916e+00
 1.12519372e+00
 1.13194274e+00
 1.13926396e+00
 1.14708727e+00
 1.15533427e+00
 1.16393031e+00
 1.17279407e+00
 1.18184065e+00
 1.19098595e+00
 1.20014267e+00
 1.20922826e+00
 1.21815668e+00
 1.22683869e+00
 1.23518951e+00
 1.24312875e+00
 1.25057792e+00
 1.25746666e+00
 1.26372550e+00
 1.26929043e+00
 1.27410339e+00
 1.27811251e+00
 1.28127580e+00
 1.28355985e+00
 1.28494021e+00
 1.28540200e+00
