 3.05653700e+00
 3.05472849e+00
 3.06127012e+00
 3.09304510e+00
 3.14286109e+00
 3.21042683e+00
 3.28606509e+00
 3.35525642e+00
 3.39906790e+00
 3.43591394e+00
 3.45247200e+00
 3.05067270e+00
 3.05387339e+00
 3.06466825e+00
 3.09439778e+00
 3.14271488e+00
 3.20897767e+00
 3.28408481e+00
 3.35236159e+00
 3.39866418e+00
 3.43109811e+00
 3.44226430e+00
 3.04628224e+00
 3.05339817e+00
 3.06996896e+00
 3.09767301e+00
 3.14256107e+00
 3.20549477e+00
 3.27799529e+00
 3.34415862e+00
 3.39134179e+00
 3.41658923e+00
 3.42288857e+00
 3.05703989e+00
 3.06135589e+00
 3.07531692e+00
 3.10109343e+00
 3.14265331e+00
 3.20102625e+00
 3.26842941e+00
 3.33043435e+00
 3.37550584e+00
 3.40042218e+00
 3.40802952e+00
 3.06084143e+00
 3.06503333e+00
 3.07826380e+00
 3.10288907e+00
 3.14193188e+00
 3.19540792e+00
 3.25609512e+00
 3.31165476e+00
 3.35265822e+00
 3.37646923e+00
 3.38414873e+00
 3.05810254e+00
 3.06244447e+00
 3.07612819e+00
 3.10086079e+00
 3.13838160e+00
 3.18744197e+00
 3.24100053e+00
 3.28876885e+00
 3.32355111e+00
 3.34364797e+00
 3.35011515e+00
 3.04919638e+00
 3.05395137e+00
 3.06861672e+00
 3.09419524e+00
 3.13106659e+00
 3.17654934e+00
 3.22351386e+00
 3.26342213e+00
 3.29132711e+00
 3.30698461e+00
 3.31196247e+00
 3.03692801e+00
 3.04216752e+00
 3.05806959e+00
 3.08483910e+00
 3.12154622e+00
 3.16420286e+00
 3.20554607e+00
 3.23849605e+00
 3.26001159e+00
 3.27117894e+00
 3.27449118e+00
 3.02574023e+00
 3.03142850e+00
 3.04839481e+00
 3.07618971e+00
 3.11280378e+00
 3.15321524e+00
 3.19012956e+00
 3.21762541e+00
 3.23417717e+00
 3.24204707e+00
 3.24425710e+00
 3.01867078e+00
 3.02458665e+00
 3.04220789e+00
 3.07062344e+00
 3.10707664e+00
 3.14592375e+00
 3.17992049e+00
 3.20391013e+00
 3.21727581e+00
 3.22295939e+00
 3.22441349e+00
 3.01635300e+00
 3.02235121e+00
 3.04017431e+00
 3.06877652e+00
 3.10514121e+00
 3.14341132e+00
 3.17637974e+00
 3.19915337e+00
 3.21142185e+00
 3.21631408e+00
 3.21743000e+00
