 7.07107000e-01
 7.33353055e-01
 8.04611160e-01
 8.98447425e-01
 9.77969514e-01
 9.96185118e-01
 9.10326743e-01
 7.00257621e-01
 3.82678642e-01
 9.63979020e-03
 -3.51051822e-01
 -6.42801123e-01
 -8.39145416e-01
 -9.45706433e-01
 -9.88955531e-01
 -9.99375267e-01
 -1.00000000e+00
 7.08434148e-01
 7.34468994e-01
 8.05123932e-01
 8.98475867e-01
 9.77693223e-01
 9.95789438e-01
 9.09921875e-01
 6.99948911e-01
 3.82556310e-01
 9.74811175e-03
 -3.50715491e-01
 -6.42284047e-01
 -8.38504240e-01
 -9.45029366e-01
 -9.88218186e-01
 -9.98666805e-01
 -9.99375267e-01
 7.05697967e-01
 7.30692348e-01
 7.99401792e-01
 8.90886748e-01
 9.68700719e-01
 9.86310621e-01
 9.01137281e-01
 6.93201661e-01
 3.79004877e-01
 9.98877197e-03
 -3.46796344e-01
 -6.35395555e-01
 -8.29624062e-01
 -9.35112719e-01
 -9.77829835e-01
 -9.88218295e-01
 -9.88955531e-01
 6.79554541e-01
 7.03063296e-01
 7.67801828e-01
 8.54470999e-01
 9.28355905e-01
 9.44811826e-01
 8.63041951e-01
 6.63920577e-01
 3.63221819e-01
 1.01243264e-02
 -3.31251982e-01
 -6.07395027e-01
 -7.93261243e-01
 -8.94237448e-01
 -9.35112872e-01
 -9.45029341e-01
 -9.45706433e-01
 6.00590519e-01
 6.22394804e-01
 6.81922600e-01
 7.60297784e-01
 8.26119362e-01
 8.40408608e-01
 7.67461978e-01
 5.90444981e-01
 3.23360323e-01
 9.82590703e-03
 -2.93277904e-01
 -5.38475010e-01
 -7.03544873e-01
 -7.93262871e-01
 -8.29625123e-01
 -8.38504555e-01
 -8.39145416e-01
 4.59941751e-01
 4.78159751e-01
 5.25933915e-01
 5.86533194e-01
 6.36491118e-01
 6.46802158e-01
 5.90366823e-01
 4.54302137e-01
 2.49313213e-01
 8.79244117e-03
 -2.23699946e-01
 -4.11800060e-01
 -5.38483472e-01
 -6.07402395e-01
 -6.35399282e-01
 -6.42284996e-01
 -6.42801123e-01
 2.74801015e-01
 2.80951369e-01
 3.00055040e-01
 3.28416558e-01
 3.53493067e-01
 3.57990226e-01
 3.26360077e-01
 2.51366676e-01
 1.38810852e-01
 6.91121973e-03
 -1.20554568e-01
 -2.23729580e-01
 -2.93308954e-01
 -3.31273154e-01
 -3.46806528e-01
 -3.50718122e-01
 -3.51051822e-01
 6.85245631e-04
 1.88307450e-03
 3.43337394e-03
 3.12191415e-03
 1.51080673e-03
 -2.59896065e-05
 -6.16752788e-04
 7.21767849e-05
 1.90937185e-03
 4.38537904e-03
 6.83089365e-03
 8.69741151e-03
 9.74941691e-03
 1.00764454e-02
 9.96651971e-03
 9.74249297e-03
 9.63979020e-03
 -2.55241872e-01
 -2.65988878e-01
 -2.94452241e-01
 -3.31222621e-01
 -3.62457275e-01
 -3.70555447e-01
 -3.39019289e-01
 -2.59989285e-01
 -1.39778818e-01
 1.72943955e-03
 1.38576430e-01
 2.49103832e-01
 3.23209245e-01
 3.63131732e-01
 3.78963652e-01
 3.82545819e-01
 3.82678642e-01
 -4.81588312e-01
 -4.99494466e-01
 -5.48982500e-01
 -6.15204220e-01
 -6.71839899e-01
 -6.85818020e-01
 -6.27033865e-01
 -4.81324548e-01
 -2.60321310e-01
 -4.14628084e-04
 2.50886349e-01
 4.53925315e-01
 5.90193897e-01
 6.63777247e-01
 6.93137339e-01
 6.99932782e-01
 7.00257621e-01
 -6.23325253e-01
 -6.48223277e-01
 -7.15180011e-01
 -8.02505899e-01
 -8.76232392e-01
 -8.94099300e-01
 -8.17297509e-01
 -6.27513602e-01
 -3.39839841e-01
 -1.55855659e-03
 3.25528328e-01
 5.89784876e-01
 7.67113371e-01
 8.62855198e-01
 9.01055466e-01
 9.09901243e-01
 9.10326743e-01
 -6.89973890e-01
 -7.15614045e-01
 -7.86068375e-01
 -8.79803324e-01
 -9.59630219e-01
 -9.78775149e-01
 -8.94556922e-01
 -6.86886986e-01
 -3.72004372e-01
 -1.59036070e-03
 3.56668440e-01
 6.46034826e-01
 8.40040462e-01
 9.44632203e-01
 9.86233496e-01
 9.95770230e-01
 9.96185118e-01
 -6.76368892e-01
 -7.02037233e-01
 -7.71562266e-01
 -8.63187154e-01
 -9.41173804e-01
 -9.59733945e-01
 -8.76978617e-01
 -6.73652591e-01
 -3.64597982e-01
 -8.31783451e-04
 3.51395767e-01
 6.35732151e-01
 8.25954110e-01
 9.28247285e-01
 9.68643320e-01
 9.77676562e-01
 9.77969514e-01
 -6.21234891e-01
 -6.43963090e-01
 -7.06713518e-01
 -7.90566880e-01
 -8.62597743e-01
 -8.79777945e-01
 -8.03146528e-01
 -6.18169355e-01
 -3.33894922e-01
 2.59715245e-05
 3.24768571e-01
 5.86484706e-01
 7.60682132e-01
 8.54314119e-01
 8.90815427e-01
 8.98455165e-01
 8.98447425e-01
 -5.51359022e-01
 -5.71956546e-01
 -6.28782740e-01
 -7.04385450e-01
 -7.69864600e-01
 -7.86234948e-01
 -7.14872975e-01
 -5.53900268e-01
 -2.97189930e-01
 9.80280572e-05
 2.93261107e-01
 5.28220608e-01
 6.82948160e-01
 7.67010538e-01
 7.99477076e-01
 8.05188610e-01
 8.04611160e-01
 -4.97071003e-01
 -5.16033892e-01
 -5.69022317e-01
 -6.39041050e-01
 -6.99262622e-01
 -7.16651769e-01
 -6.46156727e-01
 -5.06857489e-01
 -2.68360055e-01
 -9.00421905e-04
 2.69793648e-01
 4.84280252e-01
 6.23560440e-01
 7.00936328e-01
 7.31593140e-01
 7.35092468e-01
 7.33353055e-01
 -4.76910000e-01
 -4.95743386e-01
 -5.47098051e-01
 -6.15193755e-01
 -6.73117687e-01
 -6.91614358e-01
 -6.20249521e-01
 -4.90174134e-01
 -2.57367503e-01
 -1.63243349e-03
 2.61353907e-01
 4.68199218e-01
 6.01616428e-01
 6.76616417e-01
 7.07266980e-01
 7.09721023e-01
 7.07107000e-01
