 1.63750300e+00
 1.63779683e+00
 1.63867147e+00
 1.64010691e+00
 1.64207045e+00
 1.64451847e+00
 1.64739778e+00
 1.65064590e+00
 1.65419572e+00
 1.65797864e+00
 1.66192131e+00
 1.66595729e+00
 1.67002495e+00
 1.67408455e+00
 1.67811199e+00
 1.68210072e+00
 1.68606487e+00
 1.69003133e+00
 1.69402644e+00
 1.69806748e+00
 1.70209784e+00
 1.70602599e+00
 1.70976707e+00
 1.71324903e+00
 1.71642382e+00
 1.71925576e+00
 1.72172028e+00
 1.72380395e+00
 1.72550224e+00
 1.72681718e+00
 1.72775246e+00
 1.72831186e+00
 1.72849800e+00
 1.63779308e+00
 1.63803906e+00
 1.63883373e+00
 1.64020520e+00
 1.64212710e+00
 1.64455095e+00
 1.64741735e+00
 1.65065975e+00
 1.65420854e+00
 1.65799348e+00
 1.66194082e+00
 1.66598346e+00
 1.67005991e+00
 1.67412971e+00
 1.67816830e+00
 1.68216859e+00
 1.68614376e+00
 1.69011929e+00
 1.69412030e+00
 1.69816127e+00
 1.70218703e+00
 1.70610832e+00
 1.70984168e+00
 1.71331657e+00
 1.71648559e+00
 1.71931443e+00
 1.72178069e+00
 1.72387457e+00
 1.72559735e+00
 1.72695925e+00
 1.72797068e+00
 1.72862808e+00
 1.72887360e+00
 1.63849377e+00
 1.63866616e+00
 1.63928409e+00
 1.64048532e+00
 1.64228984e+00
 1.64464378e+00
 1.64747247e+00
 1.65069798e+00
 1.65424368e+00
 1.65803467e+00
 1.66199578e+00
 1.66605814e+00
 1.67016039e+00
 1.67426010e+00
 1.67833132e+00
 1.68236533e+00
 1.68637239e+00
 1.69037411e+00
 1.69439172e+00
 1.69843266e+00
 1.70244531e+00
 1.70634675e+00
 1.71005768e+00
 1.71351178e+00
 1.71666390e+00
 1.71948367e+00
 1.72195511e+00
 1.72407860e+00
 1.72587170e+00
 1.72736501e+00
 1.72857749e+00
 1.72944893e+00
 1.72978420e+00
 1.63917598e+00
 1.63931412e+00
 1.63981625e+00
 1.64085404e+00
 1.64251649e+00
 1.64477498e+00
 1.64754887e+00
 1.65074917e+00
 1.65429050e+00
 1.65809183e+00
 1.66207533e+00
 1.66616977e+00
 1.67031324e+00
 1.67446065e+00
 1.67858363e+00
 1.68267067e+00
 1.68672738e+00
 1.69076942e+00
 1.69481166e+00
 1.69885276e+00
 1.70284558e+00
 1.70671614e+00
 1.71039186e+00
 1.71381264e+00
 1.71693747e+00
 1.71974200e+00
 1.72221942e+00
 1.72438318e+00
 1.72626742e+00
 1.72791246e+00
 1.72930834e+00
 1.73031063e+00
 1.73068372e+00
 1.63937997e+00
 1.63954153e+00
 1.64007680e+00
 1.64109888e+00
 1.64269896e+00
 1.64488897e+00
 1.64761374e+00
 1.65078990e+00
 1.65432931e+00
 1.65814657e+00
 1.66216093e+00
 1.66629874e+00
 1.67049669e+00
 1.67470671e+00
 1.67889705e+00
 1.68305219e+00
 1.68717177e+00
 1.69126398e+00
 1.69533553e+00
 1.69937694e+00
 1.70334533e+00
 1.70717662e+00
 1.71080674e+00
 1.71418306e+00
 1.71727016e+00
 1.72005033e+00
 1.72252450e+00
 1.72471228e+00
 1.72664382e+00
 1.72833056e+00
 1.72971519e+00
 1.73065475e+00
 1.73099089e+00
 1.63896479e+00
 1.63919522e+00
 1.63988331e+00
 1.64104044e+00
 1.64270391e+00
 1.64490053e+00
 1.64761270e+00
 1.65078199e+00
 1.65432962e+00
 1.65817158e+00
 1.66222598e+00
 1.66641746e+00
 1.67068087e+00
 1.67496496e+00
 1.67923398e+00
 1.68346738e+00
 1.68765786e+00
 1.69180534e+00
 1.69590777e+00
 1.69994915e+00
 1.70389023e+00
 1.70767639e+00
 1.71125269e+00
 1.71457425e+00
 1.71761144e+00
 1.72035114e+00
 1.72279550e+00
 1.72495550e+00
 1.72683344e+00
 1.72839743e+00
 1.72957585e+00
 1.73029839e+00
 1.73053901e+00
 1.63839100e+00
 1.63865237e+00
 1.63942841e+00
 1.64070359e+00
 1.64247158e+00
 1.64473465e+00
 1.64748226e+00
 1.65067556e+00
 1.65425072e+00
 1.65813081e+00
 1.66223612e+00
 1.66649100e+00
 1.67082868e+00
 1.67519489e+00
 1.67954952e+00
 1.68386637e+00
 1.68813080e+00
 1.69233428e+00
 1.69646655e+00
 1.70050676e+00
 1.70441859e+00
 1.70815551e+00
 1.71167120e+00
 1.71492775e+00
 1.71789991e+00
 1.72057538e+00
 1.72295080e+00
 1.72502196e+00
 1.72677069e+00
 1.72816085e+00
 1.72915657e+00
 1.72974647e+00
 1.72994062e+00
 1.63772985e+00
 1.63800103e+00
 1.63881166e+00
 1.64015190e+00
 1.64200535e+00
 1.64435261e+00
 1.64716958e+00
 1.65041908e+00
 1.65404623e+00
 1.65798198e+00
 1.66215092e+00
 1.66647868e+00
 1.67089768e+00
 1.67535096e+00
 1.67979412e+00
 1.68419522e+00
 1.68853239e+00
 1.69278917e+00
 1.69694824e+00
 1.70098517e+00
 1.70486594e+00
 1.70855047e+00
 1.71199956e+00
 1.71518079e+00
 1.71807137e+00
 1.72065730e+00
 1.72292890e+00
 1.72487463e+00
 1.72647849e+00
 1.72772585e+00
 1.72861205e+00
 1.72914098e+00
 1.72931688e+00
 1.63681844e+00
 1.63710493e+00
 1.63795866e+00
 1.63936408e+00
 1.64129877e+00
 1.64373498e+00
 1.64663911e+00
 1.64996906e+00
 1.65367130e+00
 1.65768119e+00
 1.66192722e+00
 1.66633700e+00
 1.67084276e+00
 1.67538545e+00
 1.67991681e+00
 1.68439947e+00
 1.68880497e+00
 1.69310994e+00
 1.69729127e+00
 1.70132193e+00
 1.70516961e+00
 1.70879903e+00
 1.71217642e+00
 1.71527339e+00
 1.71806861e+00
 1.72054677e+00
 1.72269618e+00
 1.72450705e+00
 1.72597304e+00
 1.72709463e+00
 1.72788021e+00
 1.72834303e+00
 1.72849557e+00
 1.63568115e+00
 1.63597902e+00
 1.63686727e+00
 1.63832997e+00
 1.64034141e+00
 1.64286767e+00
 1.64586778e+00
 1.64929348e+00
 1.65308844e+00
 1.65718843e+00
 1.66152375e+00
 1.66602340e+00
 1.67061967e+00
 1.67525188e+00
 1.67986852e+00
 1.68442755e+00
 1.68889487e+00
 1.69324139e+00
 1.69743951e+00
 1.70146030e+00
 1.70527265e+00
 1.70884481e+00
 1.71214711e+00
 1.71515444e+00
 1.71784729e+00
 1.72021144e+00
 1.72223757e+00
 1.72392183e+00
 1.72526749e+00
 1.72628576e+00
 1.72699376e+00
 1.72740956e+00
 1.72754655e+00
 1.63428270e+00
 1.63459238e+00
 1.63551557e+00
 1.63703492e+00
 1.63912230e+00
 1.64173980e+00
 1.64484083e+00
 1.64837132e+00
 1.65227050e+00
 1.65647195e+00
 1.66090553e+00
 1.66550044e+00
 1.67018875e+00
 1.67490847e+00
 1.67960547e+00
 1.68423392e+00
 1.68875523e+00
 1.69313586e+00
 1.69734485e+00
 1.70135192e+00
 1.70512691e+00
 1.70864075e+00
 1.71186721e+00
 1.71478448e+00
 1.71737611e+00
 1.71963133e+00
 1.72154564e+00
 1.72312167e+00
 1.72436985e+00
 1.72530755e+00
 1.72595588e+00
 1.72633510e+00
 1.72645974e+00
 1.63261099e+00
 1.63293282e+00
 1.63389202e+00
 1.63546978e+00
 1.63763524e+00
 1.64034650e+00
 1.64355202e+00
 1.64719236e+00
 1.65120197e+00
 1.65551097e+00
 1.66004734e+00
 1.66473938e+00
 1.66951843e+00
 1.67432133e+00
 1.67909194e+00
 1.68378158e+00
 1.68834826e+00
 1.69275521e+00
 1.69696910e+00
 1.70095878e+00
 1.70469497e+00
 1.70815093e+00
 1.71130366e+00
 1.71413515e+00
 1.71663319e+00
 1.71879202e+00
 1.72061274e+00
 1.72210357e+00
 1.72327935e+00
 1.72415999e+00
 1.72476756e+00
 1.72512241e+00
 1.72523896e+00
 1.63067054e+00
 1.63100532e+00
 1.63200260e+00
 1.63364140e+00
 1.63588751e+00
 1.63869474e+00
 1.64200657e+00
 1.64575840e+00
 1.64987985e+00
 1.65429724e+00
 1.65893591e+00
 1.66372259e+00
 1.66858762e+00
 1.67346676e+00
 1.67830239e+00
 1.68304380e+00
 1.68764670e+00
 1.69207209e+00
 1.69628510e+00
 1.70025417e+00
 1.70395095e+00
 1.70735089e+00
 1.71043423e+00
 1.71318706e+00
 1.71560213e+00
 1.71767930e+00
 1.71942540e+00
 1.72085351e+00
 1.72198140e+00
 1.72282929e+00
 1.72341718e+00
 1.72376214e+00
 1.72387576e+00
 1.62849214e+00
 1.62884020e+00
 1.62987639e+00
 1.63157721e+00
 1.63390456e+00
 1.63680742e+00
 1.64022410e+00
 1.64408479e+00
 1.64831444e+00
 1.65283552e+00
 1.65757062e+00
 1.66244470e+00
 1.66738702e+00
 1.67233248e+00
 1.67722249e+00
 1.68200509e+00
 1.68663452e+00
 1.69107044e+00
 1.69527710e+00
 1.69922291e+00
 1.70288048e+00
 1.70622728e+00
 1.70924658e+00
 1.71192845e+00
 1.71427043e+00
 1.71627766e+00
 1.71796216e+00
 1.71934121e+00
 1.72043479e+00
 1.72126274e+00
 1.72184200e+00
 1.72218483e+00
 1.72229835e+00
 1.62613054e+00
 1.62649144e+00
 1.62756525e+00
 1.62932572e+00
 1.63173069e+00
 1.63472416e+00
 1.63823911e+00
 1.64220058e+00
 1.64652898e+00
 1.65114315e+00
 1.65596313e+00
 1.66091231e+00
 1.66591904e+00
 1.67091773e+00
 1.67584930e+00
 1.68066118e+00
 1.68530688e+00
 1.68974538e+00
 1.69394056e+00
 1.69786101e+00
 1.70148023e+00
 1.70477739e+00
 1.70773822e+00
 1.71035598e+00
 1.71263197e+00
 1.71457533e+00
 1.71620189e+00
 1.71753188e+00
 1.71858698e+00
 1.71938712e+00
 1.71994815e+00
 1.72028085e+00
 1.72039114e+00
 1.62365574e+00
 1.62402824e+00
 1.62513596e+00
 1.62695007e+00
 1.62942437e+00
 1.63249798e+00
 1.63609863e+00
 1.64014647e+00
 1.64455775e+00
 1.64924818e+00
 1.65413571e+00
 1.65914259e+00
 1.66419670e+00
 1.66923233e+00
 1.67419041e+00
 1.67901833e+00
 1.68366942e+00
 1.68810250e+00
 1.69228141e+00
 1.69617498e+00
 1.69975741e+00
 1.70300901e+00
 1.70591714e+00
 1.70847705e+00
 1.71069229e+00
 1.71257429e+00
 1.71414107e+00
 1.71541485e+00
 1.71641919e+00
 1.71717607e+00
 1.71770364e+00
 1.71801501e+00
 1.71811795e+00
 1.62114508e+00
 1.62152733e+00
 1.62266339e+00
 1.62452184e+00
 1.62705264e+00
 1.63019028e+00
 1.63385775e+00
 1.63797092e+00
 1.64244265e+00
 1.64718632e+00
 1.65211854e+00
 1.65716100e+00
 1.66224161e+00
 1.66729501e+00
 1.67226259e+00
 1.67709210e+00
 1.68173719e+00
 1.68615683e+00
 1.69031503e+00
 1.69418086e+00
 1.69772889e+00
 1.70093999e+00
 1.70380220e+00
 1.70631156e+00
 1.70847245e+00
 1.71029715e+00
 1.71180462e+00
 1.71301858e+00
 1.71396496e+00
 1.71466935e+00
 1.71515447e+00
 1.71543805e+00
 1.71553131e+00
 1.61867947e+00
 1.61906887e+00
 1.62022556e+00
 1.62211567e+00
 1.62468550e+00
 1.62786531e+00
 1.63157425e+00
 1.63572512e+00
 1.64022868e+00
 1.64499707e+00
 1.64994641e+00
 1.65499848e+00
 1.66008171e+00
 1.66513149e+00
 1.67009005e+00
 1.67490589e+00
 1.67953327e+00
 1.68393157e+00
 1.68806510e+00
 1.69190307e+00
 1.69542013e+00
 1.69859715e+00
 1.70142210e+00
 1.70389091e+00
 1.70600778e+00
 1.70778497e+00
 1.70924181e+00
 1.71040310e+00
 1.71129701e+00
 1.71195268e+00
 1.71239748e+00
 1.71265416e+00
 1.71273793e+00
 1.61634048e+00
 1.61673387e+00
 1.61790132e+00
 1.61980608e+00
 1.62239112e+00
 1.62558407e+00
 1.62930219e+00
 1.63345713e+00
 1.63795897e+00
 1.64271965e+00
 1.64765546e+00
 1.65268880e+00
 1.65774901e+00
 1.66277259e+00
 1.66770292e+00
 1.67248955e+00
 1.67708756e+00
 1.68145697e+00
 1.68556240e+00
 1.68937317e+00
 1.69286375e+00
 1.69601461e+00
 1.69881311e+00
 1.70125446e+00
 1.70334217e+00
 1.70508811e+00
 1.70651176e+00
 1.70763887e+00
 1.70849945e+00
 1.70912515e+00
 1.70954613e+00
 1.70978752e+00
 1.70986602e+00
 1.61421775e+00
 1.61460816e+00
 1.61576688e+00
 1.61765763e+00
 1.62022381e+00
 1.62339326e+00
 1.62708331e+00
 1.63120562e+00
 1.63567036e+00
 1.64038975e+00
 1.64528071e+00
 1.65026658e+00
 1.65527800e+00
 1.66025290e+00
 1.66513606e+00
 1.66987834e+00
 1.67443585e+00
 1.67876936e+00
 1.68284388e+00
 1.68662878e+00
 1.69009821e+00
 1.69323193e+00
 1.69601636e+00
 1.69844555e+00
 1.70052195e+00
 1.70225666e+00
 1.70366893e+00
 1.70478490e+00
 1.70563535e+00
 1.70625277e+00
 1.70666781e+00
 1.70690572e+00
 1.70698308e+00
 1.61231219e+00
 1.61269401e+00
 1.61382800e+00
 1.61568056e+00
 1.61819827e+00
 1.62131172e+00
 1.62494017e+00
 1.62899644e+00
 1.63339149e+00
 1.63803838e+00
 1.64285511e+00
 1.64776650e+00
 1.65270490e+00
 1.65761006e+00
 1.66242845e+00
 1.66711242e+00
 1.67161929e+00
 1.67591068e+00
 1.67995208e+00
 1.68371289e+00
 1.68716685e+00
 1.69029287e+00
 1.69307610e+00
 1.69550909e+00
 1.69759268e+00
 1.69933653e+00
 1.70075885e+00
 1.70188512e+00
 1.70274573e+00
 1.70337261e+00
 1.70379557e+00
 1.70403880e+00
 1.70411806e+00
 1.61057241e+00
 1.61094341e+00
 1.61204578e+00
 1.61384828e+00
 1.61630086e+00
 1.61933766e+00
 1.62288093e+00
 1.62684575e+00
 1.63114487e+00
 1.63569304e+00
 1.64041027e+00
 1.64522362e+00
 1.65006781e+00
 1.65488483e+00
 1.65962313e+00
 1.66423672e+00
 1.66868426e+00
 1.67292832e+00
 1.67693496e+00
 1.68067364e+00
 1.68411765e+00
 1.68724494e+00
 1.69003921e+00
 1.69249112e+00
 1.69459931e+00
 1.69637105e+00
 1.69782225e+00
 1.69897642e+00
 1.69986241e+00
 1.70051097e+00
 1.70095079e+00
 1.70120486e+00
 1.70128787e+00
 1.60896211e+00
 1.60932140e+00
 1.61038944e+00
 1.61213706e+00
 1.61451704e+00
 1.61746655e+00
 1.62091072e+00
 1.62476721e+00
 1.62895128e+00
 1.63338049e+00
 1.63797805e+00
 1.64267438e+00
 1.64740729e+00
 1.65212145e+00
 1.65676748e+00
 1.66130115e+00
 1.66568252e+00
 1.66987523e+00
 1.67384599e+00
 1.67756442e+00
 1.68100335e+00
 1.68413968e+00
 1.68695557e+00
 1.68943958e+00
 1.69158769e+00
 1.69340392e+00
 1.69490051e+00
 1.69609735e+00
 1.69702030e+00
 1.69769820e+00
 1.69815888e+00
 1.69842529e+00
 1.69851237e+00
 1.60746128e+00
 1.60780924e+00
 1.60884360e+00
 1.61053638e+00
 1.61284239e+00
 1.61570105e+00
 1.61903948e+00
 1.62277753e+00
 1.62683349e+00
 1.63112906e+00
 1.63559215e+00
 1.64015766e+00
 1.64476716e+00
 1.64936817e+00
 1.65391354e+00
 1.65836075e+00
 1.66267129e+00
 1.66680997e+00
 1.67074429e+00
 1.67444409e+00
 1.67788177e+00
 1.68103315e+00
 1.68387879e+00
 1.68640516e+00
 1.68860556e+00
 1.69048050e+00
 1.69203773e+00
 1.69329210e+00
 1.69426478e+00
 1.69498144e+00
 1.69546885e+00
 1.69575054e+00
 1.69584254e+00
 1.60606900e+00
 1.60640580e+00
 1.60740769e+00
 1.60904853e+00
 1.61128409e+00
 1.61405378e+00
 1.61728483e+00
 1.62089870e+00
 1.62481776e+00
 1.62896976e+00
 1.63328892e+00
 1.63771547e+00
 1.64219490e+00
 1.64667746e+00
 1.65111799e+00
 1.65547554e+00
 1.65971301e+00
 1.66379646e+00
 1.66769434e+00
 1.67137687e+00
 1.67481599e+00
 1.67798636e+00
 1.68086687e+00
 1.68344207e+00
 1.68570299e+00
 1.68764720e+00
 1.68927834e+00
 1.69060571e+00
 1.69164436e+00
 1.69241483e+00
 1.69294086e+00
 1.69324521e+00
 1.69334460e+00
 1.60477862e+00
 1.60510826e+00
 1.60608712e+00
 1.60768654e+00
 1.60986079e+00
 1.61254730e+00
 1.61567155e+00
 1.61915709e+00
 1.62293315e+00
 1.62693605e+00
 1.63110748e+00
 1.63539303e+00
 1.63974160e+00
 1.64410566e+00
 1.64844159e+00
 1.65270978e+00
 1.65687445e+00
 1.66090303e+00
 1.66476516e+00
 1.66843159e+00
 1.67187379e+00
 1.67506505e+00
 1.67798246e+00
 1.68060870e+00
 1.68293305e+00
 1.68495123e+00
 1.68666438e+00
 1.68807736e+00
 1.68919819e+00
 1.69003958e+00
 1.69061982e+00
 1.69095850e+00
 1.69106975e+00
 1.60364082e+00
 1.60396050e+00
 1.60491380e+00
 1.60647780e+00
 1.60860207e+00
 1.61121202e+00
 1.61422801e+00
 1.61758020e+00
 1.62120960e+00
 1.62506304e+00
 1.62908938e+00
 1.63323838e+00
 1.63746127e+00
 1.64171193e+00
 1.64594783e+00
 1.65013042e+00
 1.65422514e+00
 1.65820084e+00
 1.66202867e+00
 1.66568018e+00
 1.66912629e+00
 1.67233862e+00
 1.67529219e+00
 1.67796774e+00
 1.68035290e+00
 1.68244236e+00
 1.68423677e+00
 1.68573992e+00
 1.68695475e+00
 1.68788210e+00
 1.68852633e+00
 1.68890104e+00
 1.68902338e+00
 1.60257382e+00
 1.60290066e+00
 1.60387231e+00
 1.60544757e+00
 1.60754659e+00
 1.61008051e+00
 1.61297940e+00
 1.61619254e+00
 1.61967642e+00
 1.62338702e+00
 1.62727797e+00
 1.63130128e+00
 1.63540923e+00
 1.63955634e+00
 1.64370076e+00
 1.64780478e+00
 1.65183492e+00
 1.65576147e+00
 1.65955732e+00
 1.66319527e+00
 1.66664557e+00
 1.66987784e+00
 1.67286477e+00
 1.67558489e+00
 1.67802405e+00
 1.68017558e+00
 1.68204022e+00
 1.68362423e+00
 1.68493402e+00
 1.68596735e+00
 1.68671107e+00
 1.68715427e+00
 1.68730019e+00
 1.60166963e+00
 1.60203342e+00
 1.60307687e+00
 1.60468552e+00
 1.60674253e+00
 1.60917356e+00
 1.61194034e+00
 1.61501433e+00
 1.61836255e+00
 1.62194511e+00
 1.62571724e+00
 1.62963141e+00
 1.63363984e+00
 1.63769725e+00
 1.64176223e+00
 1.64579764e+00
 1.64977098e+00
 1.65365384e+00
 1.65742108e+00
 1.66104717e+00
 1.66450157e+00
 1.66775167e+00
 1.67076768e+00
 1.67352579e+00
 1.67600992e+00
 1.67821117e+00
 1.68012863e+00
 1.68176950e+00
 1.68314718e+00
 1.68427146e+00
 1.68512986e+00
 1.68567960e+00
 1.68587031e+00
 1.60130485e+00
 1.60167456e+00
 1.60270892e+00
 1.60425185e+00
 1.60619067e+00
 1.60848411e+00
 1.61111587e+00
 1.61406442e+00
 1.61729743e+00
 1.62077430e+00
 1.62444974e+00
 1.62827562e+00
 1.63220357e+00
 1.63618826e+00
 1.64018863e+00
 1.64416793e+00
 1.64809449e+00
 1.65194090e+00
 1.65568398e+00
 1.65930034e+00
 1.66275847e+00
 1.66602348e+00
 1.66906326e+00
 1.67185169e+00
 1.67437112e+00
 1.67660976e+00
 1.67856335e+00
 1.68023517e+00
 1.68163739e+00
 1.68278705e+00
 1.68368464e+00
 1.68428155e+00
 1.68449446e+00
 1.60141039e+00
 1.60174637e+00
 1.60267036e+00
 1.60405264e+00
 1.60583353e+00
 1.60799275e+00
 1.61051204e+00
 1.61336344e+00
 1.61651017e+00
 1.61990896e+00
 1.62351351e+00
 1.62727482e+00
 1.63114380e+00
 1.63507504e+00
 1.63902779e+00
 1.64296550e+00
 1.64685717e+00
 1.65067606e+00
 1.65440064e+00
 1.65800979e+00
 1.66147096e+00
 1.66474724e+00
 1.66780470e+00
 1.67061513e+00
 1.67316004e+00
 1.67542484e+00
 1.67740195e+00
 1.67908864e+00
 1.68048865e+00
 1.68161287e+00
 1.68246887e+00
 1.68303530e+00
 1.68324061e+00
 1.60167596e+00
 1.60195238e+00
 1.60273051e+00
 1.60396262e+00
 1.60562448e+00
 1.60769325e+00
 1.61014103e+00
 1.61293223e+00
 1.61602614e+00
 1.61937730e+00
 1.62293877e+00
 1.62666084e+00
 1.63049390e+00
 1.63439248e+00
 1.63831608e+00
 1.64222822e+00
 1.64609836e+00
 1.64990010e+00
 1.65361298e+00
 1.65721771e+00
 1.66068090e+00
 1.66396421e+00
 1.66703261e+00
 1.66985632e+00
 1.67241671e+00
 1.67469709e+00
 1.67668787e+00
 1.67838181e+00
 1.67977494e+00
 1.68086921e+00
 1.68166677e+00
 1.68216477e+00
 1.68234066e+00
 1.60180400e+00
 1.60204328e+00
 1.60275715e+00
 1.60393380e+00
 1.60555405e+00
 1.60759195e+00
 1.61001558e+00
 1.61278654e+00
 1.61586273e+00
 1.61919792e+00
 1.62274495e+00
 1.62645388e+00
 1.63027487e+00
 1.63416247e+00
 1.63807627e+00
 1.64197978e+00
 1.64584264e+00
 1.64963855e+00
 1.65334742e+00
 1.65695067e+00
 1.66041457e+00
 1.66370026e+00
 1.66677237e+00
 1.66960051e+00
 1.67216610e+00
 1.67445167e+00
 1.67644700e+00
 1.67814328e+00
 1.67953373e+00
 1.68061685e+00
 1.68139154e+00
 1.68185682e+00
 1.68201200e+00
