 1.73967700e+00
 1.73950841e+00
 1.73900085e+00
 1.73814890e+00
 1.73694419e+00
 1.73537659e+00
 1.73343506e+00
 1.73110928e+00
 1.72838936e+00
 1.72526716e+00
 1.72173857e+00
 1.71780032e+00
 1.71346805e+00
 1.70876216e+00
 1.70371710e+00
 1.69837633e+00
 1.69279011e+00
 1.68702727e+00
 1.68116733e+00
 1.67529120e+00
 1.66948545e+00
 1.66383046e+00
 1.65839991e+00
 1.65326760e+00
 1.64850008e+00
 1.64415768e+00
 1.64029091e+00
 1.63694458e+00
 1.63415867e+00
 1.63196179e+00
 1.63037628e+00
 1.62941840e+00
 1.62909800e+00
 1.73936256e+00
 1.73924054e+00
 1.73881196e+00
 1.73802538e+00
 1.73686634e+00
 1.73532910e+00
 1.73340834e+00
 1.73109751e+00
 1.72838898e+00
 1.72527588e+00
 1.72175469e+00
 1.71782323e+00
 1.71349676e+00
 1.70879607e+00
 1.70375551e+00
 1.69841849e+00
 1.69283566e+00
 1.68707553e+00
 1.68121716e+00
 1.67534139e+00
 1.66953426e+00
 1.66387596e+00
 1.65844030e+00
 1.65330063e+00
 1.64852320e+00
 1.64416764e+00
 1.64028364e+00
 1.63691418e+00
 1.63409539e+00
 1.63185114e+00
 1.63020010e+00
 1.62916484e+00
 1.62879940e+00
 1.73857480e+00
 1.73852565e+00
 1.73827364e+00
 1.73766239e+00
 1.73663296e+00
 1.73518419e+00
 1.73332464e+00
 1.73105823e+00
 1.72838365e+00
 1.72529774e+00
 1.72179882e+00
 1.71788748e+00
 1.71357833e+00
 1.70889313e+00
 1.70386589e+00
 1.69854006e+00
 1.69296719e+00
 1.68721490e+00
 1.68136101e+00
 1.67548608e+00
 1.66967463e+00
 1.66400636e+00
 1.65855527e+00
 1.65339352e+00
 1.64858640e+00
 1.64419159e+00
 1.64025635e+00
 1.63681836e+00
 1.63390355e+00
 1.63152425e+00
 1.62969642e+00
 1.62848652e+00
 1.62804940e+00
 1.73770472e+00
 1.73769260e+00
 1.73756397e+00
 1.73712982e+00
 1.73626478e+00
 1.73494279e+00
 1.73317708e+00
 1.73098136e+00
 1.72836192e+00
 1.72532057e+00
 1.72185864e+00
 1.71798013e+00
 1.71369950e+00
 1.70903956e+00
 1.70403410e+00
 1.69872658e+00
 1.69316957e+00
 1.68742951e+00
 1.68158242e+00
 1.67570810e+00
 1.66988902e+00
 1.66420404e+00
 1.65872708e+00
 1.65352871e+00
 1.64867268e+00
 1.64421405e+00
 1.64019671e+00
 1.63665208e+00
 1.63359724e+00
 1.63104237e+00
 1.62902969e+00
 1.62769133e+00
 1.62721506e+00
 1.73716165e+00
 1.73713310e+00
 1.73699045e+00
 1.73660014e+00
 1.73583397e+00
 1.73462614e+00
 1.73296432e+00
 1.73085569e+00
 1.72830805e+00
 1.72532642e+00
 1.72191504e+00
 1.71808100e+00
 1.71383930e+00
 1.70921358e+00
 1.70423761e+00
 1.69895492e+00
 1.69341875e+00
 1.68769422e+00
 1.68185535e+00
 1.67598055e+00
 1.67015010e+00
 1.66444170e+00
 1.65892875e+00
 1.65368025e+00
 1.64875830e+00
 1.64421597e+00
 1.64009553e+00
 1.63642824e+00
 1.63323883e+00
 1.63056441e+00
 1.62848826e+00
 1.62714845e+00
 1.62668255e+00
 1.73704190e+00
 1.73695499e+00
 1.73668839e+00
 1.73620509e+00
 1.73542744e+00
 1.73427417e+00
 1.73269566e+00
 1.73067371e+00
 1.72820574e+00
 1.72529429e+00
 1.72194428e+00
 1.71816450e+00
 1.71397064e+00
 1.70938690e+00
 1.70444709e+00
 1.69919474e+00
 1.69368325e+00
 1.68797641e+00
 1.68214619e+00
 1.67626912e+00
 1.67042338e+00
 1.66468530e+00
 1.65912753e+00
 1.65381797e+00
 1.64881803e+00
 1.64418133e+00
 1.63995405e+00
 1.63617915e+00
 1.63290771e+00
 1.63021536e+00
 1.62820334e+00
 1.62696493e+00
 1.62654866e+00
 1.73686156e+00
 1.73675375e+00
 1.73642894e+00
 1.73587511e+00
 1.73505527e+00
 1.73391021e+00
 1.73238183e+00
 1.73043142e+00
 1.72804029e+00
 1.72520263e+00
 1.72192036e+00
 1.71820175e+00
 1.71406247e+00
 1.70952677e+00
 1.70462833e+00
 1.69941052e+00
 1.69392637e+00
 1.68823833e+00
 1.68241634e+00
 1.67653493e+00
 1.67067030e+00
 1.66489753e+00
 1.65928868e+00
 1.65391163e+00
 1.64882911e+00
 1.64409909e+00
 1.63977757e+00
 1.63592519e+00
 1.63261555e+00
 1.62993569e+00
 1.62796909e+00
 1.62677255e+00
 1.62637161e+00
 1.73650518e+00
 1.73639768e+00
 1.73606866e+00
 1.73550016e+00
 1.73466370e+00
 1.73351916e+00
 1.73201945e+00
 1.73012203e+00
 1.72779746e+00
 1.72503042e+00
 1.72181701e+00
 1.71816272e+00
 1.71408190e+00
 1.70959811e+00
 1.70474449e+00
 1.69956388e+00
 1.69410858e+00
 1.68843962e+00
 1.68262504e+00
 1.67673746e+00
 1.67085142e+00
 1.66504112e+00
 1.65937871e+00
 1.65393346e+00
 1.64877176e+00
 1.64395875e+00
 1.63956177e+00
 1.63565447e+00
 1.63231723e+00
 1.62962968e+00
 1.62765941e+00
 1.62645617e+00
 1.62605139e+00
 1.73607887e+00
 1.73596748e+00
 1.73562922e+00
 1.73505076e+00
 1.73420809e+00
 1.73306731e+00
 1.73158821e+00
 1.72973042e+00
 1.72746058e+00
 1.72475662e+00
 1.72160859e+00
 1.71801784e+00
 1.71399621e+00
 1.70956570e+00
 1.70475836e+00
 1.69961609e+00
 1.69419010e+00
 1.68853998e+00
 1.68273205e+00
 1.67683729e+00
 1.67092909e+00
 1.66508132e+00
 1.65936716e+00
 1.65385859e+00
 1.64862710e+00
 1.64374543e+00
 1.63928973e+00
 1.63534018e+00
 1.63197777e+00
 1.62927779e+00
 1.62730327e+00
 1.62610038e+00
 1.62569646e+00
 1.73551565e+00
 1.73540487e+00
 1.73506784e+00
 1.73449074e+00
 1.73365127e+00
 1.73251942e+00
 1.73105943e+00
 1.72923391e+00
 1.72700905e+00
 1.72435936e+00
 1.72127031e+00
 1.71773909e+00
 1.71377442e+00
 1.70939609e+00
 1.70463452e+00
 1.69953027e+00
 1.69413322e+00
 1.68850151e+00
 1.68269998e+00
 1.67679835e+00
 1.67086937e+00
 1.66498733e+00
 1.65922714e+00
 1.65366429e+00
 1.64837548e+00
 1.64343971e+00
 1.63893866e+00
 1.63495525e+00
 1.63156971e+00
 1.62885449e+00
 1.62686975e+00
 1.62566032e+00
 1.62525402e+00
 1.73481131e+00
 1.73470141e+00
 1.73436720e+00
 1.73379528e+00
 1.73296401e+00
 1.73184480e+00
 1.73040418e+00
 1.72860690e+00
 1.72641984e+00
 1.72381616e+00
 1.72077847e+00
 1.71730067e+00
 1.71338842e+00
 1.70905905e+00
 1.70434103e+00
 1.69927328e+00
 1.69390422e+00
 1.68829059e+00
 1.68249600e+00
 1.67658931e+00
 1.67064315e+00
 1.66473272e+00
 1.65893517e+00
 1.65332949e+00
 1.64799686e+00
 1.64302072e+00
 1.63848596e+00
 1.63447656e+00
 1.63107204e+00
 1.62834347e+00
 1.62634992e+00
 1.62513557e+00
 1.62472772e+00
 1.73394896e+00
 1.73384049e+00
 1.73351049e+00
 1.73294558e+00
 1.73212443e+00
 1.73101919e+00
 1.72959753e+00
 1.72782543e+00
 1.72567048e+00
 1.72310542e+00
 1.72011133e+00
 1.71667976e+00
 1.71281389e+00
 1.70852872e+00
 1.70385072e+00
 1.69881709e+00
 1.69347476e+00
 1.68787917e+00
 1.68209293e+00
 1.67618442e+00
 1.67022650e+00
 1.66429559e+00
 1.65847109e+00
 1.65283508e+00
 1.64747218e+00
 1.64246880e+00
 1.63791164e+00
 1.63388517e+00
 1.63046836e+00
 1.62773133e+00
 1.62573224e+00
 1.62451472e+00
 1.62410581e+00
 1.73291741e+00
 1.73281040e+00
 1.73248478e+00
 1.73192717e+00
 1.73111629e+00
 1.73002457e+00
 1.72862023e+00
 1.72686994e+00
 1.72474179e+00
 1.72220849e+00
 1.71925033e+00
 1.71585740e+00
 1.71203106e+00
 1.70778440e+00
 1.70314208e+00
 1.69813968e+00
 1.69282272e+00
 1.68724550e+00
 1.68146984e+00
 1.67556387e+00
 1.66960089e+00
 1.66365857e+00
 1.65781828e+00
 1.65216461e+00
 1.64678463e+00
 1.64176671e+00
 1.63719858e+00
 1.63316480e+00
 1.62974379e+00
 1.62700482e+00
 1.62500519e+00
 1.62378773e+00
 1.62337893e+00
 1.73171051e+00
 1.73160477e+00
 1.73128297e+00
 1.73073169e+00
 1.72992966e+00
 1.72884942e+00
 1.72745944e+00
 1.72572674e+00
 1.72361977e+00
 1.72111136e+00
 1.71818149e+00
 1.71481948e+00
 1.71102547e+00
 1.70681118e+00
 1.70219979e+00
 1.69722551e+00
 1.69193263e+00
 1.68637448e+00
 1.68061225e+00
 1.67471391e+00
 1.66875325e+00
 1.66280899e+00
 1.65696410e+00
 1.65130500e+00
 1.64592046e+00
 1.64090006e+00
 1.63633205e+00
 1.63230081e+00
 1.62888405e+00
 1.62614999e+00
 1.62415480e+00
 1.62294038e+00
 1.62253266e+00
 1.73032649e+00
 1.73022175e+00
 1.72990287e+00
 1.72935634e+00
 1.72856082e+00
 1.72748883e+00
 1.72610901e+00
 1.72438866e+00
 1.72229657e+00
 1.71980585e+00
 1.71689649e+00
 1.71355755e+00
 1.70978856e+00
 1.70560033e+00
 1.70101503e+00
 1.69606577e+00
 1.69079586e+00
 1.68525778e+00
 1.67951220e+00
 1.67362696e+00
 1.66767616e+00
 1.66173929e+00
 1.65590044e+00
 1.65024725e+00
 1.64486956e+00
 1.63985762e+00
 1.63529983e+00
 1.63128016e+00
 1.62787545e+00
 1.62515274e+00
 1.62316692e+00
 1.62195870e+00
 1.62155315e+00
 1.72877175e+00
 1.72866742e+00
 1.72834981e+00
 1.72780539e+00
 1.72701280e+00
 1.72594462e+00
 1.72456959e+00
 1.72285531e+00
 1.72077100e+00
 1.71829019e+00
 1.71539328e+00
 1.71206945e+00
 1.70831813e+00
 1.70414971e+00
 1.69958573e+00
 1.69465855e+00
 1.68941067e+00
 1.68389390e+00
 1.67816839e+00
 1.67230174e+00
 1.66636814e+00
 1.66044747e+00
 1.65462442e+00
 1.64898726e+00
 1.64362637e+00
 1.63863220e+00
 1.63409300e+00
 1.63009216e+00
 1.62670554e+00
 1.62399897e+00
 1.62202597e+00
 1.62082603e+00
 1.62042334e+00
 1.72705625e+00
 1.72695179e+00
 1.72663373e+00
 1.72608848e+00
 1.72529468e+00
 1.72422498e+00
 1.72284839e+00
 1.72113295e+00
 1.71904846e+00
 1.71656922e+00
 1.71367632e+00
 1.71035953e+00
 1.70661857e+00
 1.70246386e+00
 1.69791666e+00
 1.69300884e+00
 1.68778229e+00
 1.68228821e+00
 1.67658622e+00
 1.67074352e+00
 1.66483406e+00
 1.65893769e+00
 1.65313915e+00
 1.64752682e+00
 1.64219105e+00
 1.63722213e+00
 1.63270785e+00
 1.62873088e+00
 1.62536610e+00
 1.62267820e+00
 1.62071956e+00
 1.61952868e+00
 1.61912908e+00
 1.72519764e+00
 1.72509228e+00
 1.72477153e+00
 1.72422181e+00
 1.72342180e+00
 1.72234437e+00
 1.72095891e+00
 1.71923413e+00
 1.71714077e+00
 1.71465420e+00
 1.71175661e+00
 1.70843874e+00
 1.70470101e+00
 1.70055418e+00
 1.69601952e+00
 1.69112862e+00
 1.68592292e+00
 1.68045303e+00
 1.67477796e+00
 1.66896431e+00
 1.66308548e+00
 1.65722080e+00
 1.65145453e+00
 1.64587458e+00
 1.64057083e+00
 1.63563301e+00
 1.63114824e+00
 1.62719842e+00
 1.62385755e+00
 1.62118944e+00
 1.61924563e+00
 1.61806395e+00
 1.61766747e+00
 1.72321852e+00
 1.72311141e+00
 1.72278542e+00
 1.72222702e+00
 1.72141508e+00
 1.72032283e+00
 1.71892032e+00
 1.71717725e+00
 1.71506568e+00
 1.71256249e+00
 1.70965142e+00
 1.70632453e+00
 1.70258325e+00
 1.69843891e+00
 1.69391298e+00
 1.68903692e+00
 1.68385180e+00
 1.67840767e+00
 1.67276283e+00
 1.66698310e+00
 1.66114095e+00
 1.65531474e+00
 1.64958772e+00
 1.64404681e+00
 1.63878094e+00
 1.63387895e+00
 1.62942717e+00
 1.62550670e+00
 1.62219087e+00
 1.61954285e+00
 1.61761370e+00
 1.61644094e+00
 1.61604745e+00
 1.72114578e+00
 1.72103598e+00
 1.72070194e+00
 1.72013025e+00
 1.71930007e+00
 1.71818520e+00
 1.71675672e+00
 1.71498578e+00
 1.71284628e+00
 1.71031714e+00
 1.70738404e+00
 1.70404071e+00
 1.70028973e+00
 1.69614316e+00
 1.69162273e+00
 1.68675985e+00
 1.68159526e+00
 1.67617848e+00
 1.67056706e+00
 1.66482581e+00
 1.65902603e+00
 1.65324465e+00
 1.64756339e+00
 1.64206763e+00
 1.63684492e+00
 1.63198294e+00
 1.62756710e+00
 1.62367787e+00
 1.62038805e+00
 1.61776051e+00
 1.61584610e+00
 1.61468221e+00
 1.61429168e+00
 1.71901096e+00
 1.71889738e+00
 1.71855207e+00
 1.71796184e+00
 1.71710635e+00
 1.71596033e+00
 1.71449633e+00
 1.71268755e+00
 1.71051040e+00
 1.70794638e+00
 1.70498353e+00
 1.70161734e+00
 1.69785160e+00
 1.69369900e+00
 1.68918154e+00
 1.68433061e+00
 1.67918667e+00
 1.67379876e+00
 1.66822367e+00
 1.66252515e+00
 1.65677305e+00
 1.65104254e+00
 1.64541330e+00
 1.63996864e+00
 1.63479420e+00
 1.62997622e+00
 1.62559916e+00
 1.62174291e+00
 1.61848008e+00
 1.61587343e+00
 1.61397388e+00
 1.61281887e+00
 1.61243130e+00
 1.71684740e+00
 1.71672889e+00
 1.71636891e+00
 1.71575458e+00
 1.71486625e+00
 1.71367998e+00
 1.71217048e+00
 1.71031391e+00
 1.70808999e+00
 1.70548337e+00
 1.70248457e+00
 1.69909075e+00
 1.69530664e+00
 1.69114539e+00
 1.68662917e+00
 1.68178936e+00
 1.67666626e+00
 1.67130850e+00
 1.66577222e+00
 1.66012014e+00
 1.65442058e+00
 1.64874666e+00
 1.64317560e+00
 1.63778803e+00
 1.63266711e+00
 1.62789720e+00
 1.62356168e+00
 1.61974012e+00
 1.61650522e+00
 1.61391997e+00
 1.61203547e+00
 1.61088938e+00
 1.61050475e+00
 1.71469196e+00
 1.71456729e+00
 1.71418885e+00
 1.71354408e+00
 1.71261439e+00
 1.71137794e+00
 1.70981271e+00
 1.70789899e+00
 1.70562072e+00
 1.70296600e+00
 1.69992752e+00
 1.69650355e+00
 1.69269929e+00
 1.68852805e+00
 1.68401212e+00
 1.67918291e+00
 1.67408070e+00
 1.66875392e+00
 1.66325825e+00
 1.65765550e+00
 1.65201255e+00
 1.64640044e+00
 1.64089358e+00
 1.63556931e+00
 1.63050754e+00
 1.62579003e+00
 1.62149875e+00
 1.61771314e+00
 1.61450653e+00
 1.61194272e+00
 1.61007340e+00
 1.60893646e+00
 1.60855491e+00
 1.71258394e+00
 1.71245131e+00
 1.71204938e+00
 1.71136652e+00
 1.71038578e+00
 1.70908847e+00
 1.70745755e+00
 1.70547910e+00
 1.70314194e+00
 1.70043715e+00
 1.69735858e+00
 1.69390462e+00
 1.69008034e+00
 1.68589902e+00
 1.68138304e+00
 1.67656404e+00
 1.67148247e+00
 1.66618681e+00
 1.66073251e+00
 1.65518078e+00
 1.64959734e+00
 1.64405127e+00
 1.63861415e+00
 1.63335959e+00
 1.62836329e+00
 1.62370316e+00
 1.61945889e+00
 1.61570969e+00
 1.61253031e+00
 1.60998631e+00
 1.60813058e+00
 1.60700152e+00
 1.60662253e+00
 1.71055915e+00
 1.71041744e+00
 1.70998763e+00
 1.70925800e+00
 1.70821451e+00
 1.70684472e+00
 1.70513965e+00
 1.70309276e+00
 1.70069726e+00
 1.69794528e+00
 1.69482997e+00
 1.69134878e+00
 1.68750624e+00
 1.68331563e+00
 1.67879966e+00
 1.67399039e+00
 1.66892873e+00
 1.66366344e+00
 1.65825002e+00
 1.65274944e+00
 1.64722665e+00
 1.64174923e+00
 1.63638624e+00
 1.63120754e+00
 1.62628382e+00
 1.62168753e+00
 1.61749401e+00
 1.61378115e+00
 1.61062572e+00
 1.60809708e+00
 1.60625147e+00
 1.60512885e+00
 1.60475221e+00
 1.70867230e+00
 1.70851571e+00
 1.70804408e+00
 1.70725142e+00
 1.70612997e+00
 1.70467662e+00
 1.70289373e+00
 1.70078211e+00
 1.69833596e+00
 1.69554490e+00
 1.69239945e+00
 1.68889561e+00
 1.68503758e+00
 1.68083897e+00
 1.67632315e+00
 1.67152292e+00
 1.66647987e+00
 1.66124322e+00
 1.65586881e+00
 1.65041766e+00
 1.64495447e+00
 1.63954593e+00
 1.63425928e+00
 1.62916123e+00
 1.62431751e+00
 1.61979371e+00
 1.61565769e+00
 1.61198262e+00
 1.60884653e+00
 1.60632467e+00
 1.60447887e+00
 1.60335313e+00
 1.60297470e+00
 1.70690699e+00
 1.70673960e+00
 1.70623026e+00
 1.70536725e+00
 1.70415383e+00
 1.70261089e+00
 1.70075754e+00
 1.69859608e+00
 1.69611438e+00
 1.69329612e+00
 1.69012871e+00
 1.68660742e+00
 1.68273687e+00
 1.67853161e+00
 1.67401599e+00
 1.66922381e+00
 1.66419750e+00
 1.65898690e+00
 1.65364826e+00
 1.64824300e+00
 1.64283598e+00
 1.63749360e+00
 1.63228218e+00
 1.62726653e+00
 1.62250866e+00
 1.61806752e+00
 1.61400094e+00
 1.61037097e+00
 1.60725112e+00
 1.60472626e+00
 1.60287578e+00
 1.60175158e+00
 1.60137526e+00
 1.70543346e+00
 1.70523229e+00
 1.70462649e+00
 1.70363222e+00
 1.70229903e+00
 1.70067605e+00
 1.69877900e+00
 1.69659366e+00
 1.69409530e+00
 1.69126202e+00
 1.68808026e+00
 1.68454617e+00
 1.68066575e+00
 1.67645501e+00
 1.67193949e+00
 1.66715409e+00
 1.66214226e+00
 1.65695438e+00
 1.65164717e+00
 1.64628260e+00
 1.64092606e+00
 1.63564409e+00
 1.63050286e+00
 1.62556671e+00
 1.62089595e+00
 1.61654554e+00
 1.61256456e+00
 1.60899906e+00
 1.60590227e+00
 1.60335019e+00
 1.60144229e+00
 1.60026857e+00
 1.59987431e+00
 1.70417990e+00
 1.70390447e+00
 1.70313151e+00
 1.70198289e+00
 1.70056626e+00
 1.69891946e+00
 1.69702371e+00
 1.69484242e+00
 1.69234324e+00
 1.68950405e+00
 1.68631351e+00
 1.68277019e+00
 1.67888204e+00
 1.67466680e+00
 1.67015118e+00
 1.66537113e+00
 1.66037127e+00
 1.65520227e+00
 1.64992133e+00
 1.64459101e+00
 1.63927746e+00
 1.63404756e+00
 1.62896771e+00
 1.62410292e+00
 1.61951360e+00
 1.61525429e+00
 1.61137104e+00
 1.60789952e+00
 1.60486844e+00
 1.60231768e+00
 1.60033137e+00
 1.59904653e+00
 1.59859919e+00
 1.70266775e+00
 1.70236407e+00
 1.70154490e+00
 1.70039420e+00
 1.69902141e+00
 1.69742711e+00
 1.69556967e+00
 1.69340915e+00
 1.69091731e+00
 1.68807701e+00
 1.68488106e+00
 1.68133113e+00
 1.67743697e+00
 1.67321814e+00
 1.66870224e+00
 1.66392606e+00
 1.65893556e+00
 1.65378135e+00
 1.64852105e+00
 1.64321771e+00
 1.63793843e+00
 1.63275038e+00
 1.62772016e+00
 1.62291420e+00
 1.61839367e+00
 1.61421514e+00
 1.61042703e+00
 1.60706623e+00
 1.60415497e+00
 1.60170828e+00
 1.59977181e+00
 1.59847916e+00
 1.59801817e+00
 1.70103813e+00
 1.70076534e+00
 1.70005283e+00
 1.69905287e+00
 1.69780846e+00
 1.69629758e+00
 1.69448658e+00
 1.69234863e+00
 1.68986521e+00
 1.68702533e+00
 1.68382595e+00
 1.68027148e+00
 1.67637289e+00
 1.67215141e+00
 1.66763515e+00
 1.66286149e+00
 1.65787772e+00
 1.65273406e+00
 1.64748854e+00
 1.64220453e+00
 1.63695005e+00
 1.63179249e+00
 1.62679837e+00
 1.62203585e+00
 1.61756657e+00
 1.61344972e+00
 1.60973780e+00
 1.60647481e+00
 1.60369229e+00
 1.60140904e+00
 1.59964650e+00
 1.59847472e+00
 1.59805020e+00
 1.69976154e+00
 1.69956061e+00
 1.69901993e+00
 1.69818286e+00
 1.69704769e+00
 1.69559950e+00
 1.69382102e+00
 1.69169840e+00
 1.68922072e+00
 1.68638133e+00
 1.68317992e+00
 1.67962275e+00
 1.67572139e+00
 1.67149828e+00
 1.66698175e+00
 1.66220944e+00
 1.65722976e+00
 1.65209239e+00
 1.64685576e+00
 1.64158331e+00
 1.63634381e+00
 1.63120476e+00
 1.62623239e+00
 1.62149640e+00
 1.61705836e+00
 1.61297953e+00
 1.60931524e+00
 1.60611556e+00
 1.60342214e+00
 1.60126638e+00
 1.59967365e+00
 1.59867147e+00
 1.59831680e+00
 1.69927800e+00
 1.69912448e+00
 1.69866228e+00
 1.69788679e+00
 1.69679056e+00
 1.69536414e+00
 1.69359683e+00
 1.69147944e+00
 1.68900372e+00
 1.68616449e+00
 1.68296239e+00
 1.67940434e+00
 1.67550203e+00
 1.67127837e+00
 1.66676173e+00
 1.66198984e+00
 1.65701153e+00
 1.65187625e+00
 1.64664258e+00
 1.64137397e+00
 1.63613947e+00
 1.63100664e+00
 1.62604151e+00
 1.62131444e+00
 1.61688685e+00
 1.61282079e+00
 1.60917252e+00
 1.60599428e+00
 1.60333140e+00
 1.60122048e+00
 1.59969092e+00
 1.59876434e+00
 1.59845400e+00
