 1.31491800e+00
 1.31466162e+00
 1.31389364e+00
 1.31261773e+00
 1.31084017e+00
 1.30857043e+00
 1.30582171e+00
 1.30261347e+00
 1.29896907e+00
 1.29491531e+00
 1.29048588e+00
 1.28571799e+00
 1.28066558e+00
 1.27538694e+00
 1.26994599e+00
 1.26440747e+00
 1.25884308e+00
 1.25332262e+00
 1.24790393e+00
 1.24264194e+00
 1.23758587e+00
 1.23277747e+00
 1.22825064e+00
 1.22404009e+00
 1.22017586e+00
 1.21669477e+00
 1.21362676e+00
 1.21099599e+00
 1.20882253e+00
 1.20711947e+00
 1.20589638e+00
 1.20515992e+00
 1.20491400e+00
 1.31442870e+00
 1.31421467e+00
 1.31351831e+00
 1.31230125e+00
 1.31056447e+00
 1.30832182e+00
 1.30559204e+00
 1.30239810e+00
 1.29876547e+00
 1.29472233e+00
 1.29030289e+00
 1.28554519e+00
 1.28050282e+00
 1.27523408e+00
 1.26980271e+00
 1.26427358e+00
 1.25871798e+00
 1.25320528e+00
 1.24779360e+00
 1.24253776e+00
 1.23748693e+00
 1.23268283e+00
 1.22815965e+00
 1.22395168e+00
 1.22008895e+00
 1.21660657e+00
 1.21353251e+00
 1.21088738e+00
 1.20868509e+00
 1.20693035e+00
 1.20562593e+00
 1.20478628e+00
 1.20447824e+00
 1.31310764e+00
 1.31295958e+00
 1.31242273e+00
 1.31136320e+00
 1.30974208e+00
 1.30757831e+00
 1.30490425e+00
 1.30175272e+00
 1.29815520e+00
 1.29414368e+00
 1.28975411e+00
 1.28502667e+00
 1.28001412e+00
 1.27477480e+00
 1.26937196e+00
 1.26387071e+00
 1.25834121e+00
 1.25285173e+00
 1.24746097e+00
 1.24222355e+00
 1.23718849e+00
 1.23239745e+00
 1.22788527e+00
 1.22368527e+00
 1.21982694e+00
 1.21634085e+00
 1.21324903e+00
 1.21056201e+00
 1.20827670e+00
 1.20637687e+00
 1.20485696e+00
 1.20379076e+00
 1.20338806e+00
 1.31132569e+00
 1.31121019e+00
 1.31078270e+00
 1.30988041e+00
 1.30840490e+00
 1.30635379e+00
 1.30376500e+00
 1.30068094e+00
 1.29714048e+00
 1.29318068e+00
 1.28884031e+00
 1.28416218e+00
 1.27919845e+00
 1.27400726e+00
 1.26865125e+00
 1.26319552e+00
 1.25770872e+00
 1.25225763e+00
 1.24690147e+00
 1.24169465e+00
 1.23668597e+00
 1.23191716e+00
 1.22742363e+00
 1.22323756e+00
 1.21938690e+00
 1.21589603e+00
 1.21277842e+00
 1.21003172e+00
 1.20763568e+00
 1.20556438e+00
 1.20384307e+00
 1.20263390e+00
 1.20218944e+00
 1.30947600e+00
 1.30934367e+00
 1.30889853e+00
 1.30802993e+00
 1.30663868e+00
 1.30468779e+00
 1.30219335e+00
 1.29919281e+00
 1.29572712e+00
 1.29183679e+00
 1.28756340e+00
 1.28295205e+00
 1.27805470e+00
 1.27292902e+00
 1.26763694e+00
 1.26224315e+00
 1.25681460e+00
 1.25141649e+00
 1.24610821e+00
 1.24094403e+00
 1.23597252e+00
 1.23123563e+00
 1.22676915e+00
 1.22260419e+00
 1.21876643e+00
 1.21527452e+00
 1.21213505e+00
 1.20934013e+00
 1.20687402e+00
 1.20474130e+00
 1.20301728e+00
 1.20186384e+00
 1.20145445e+00
 1.30766672e+00
 1.30747906e+00
 1.30691540e+00
 1.30595506e+00
 1.30454697e+00
 1.30264194e+00
 1.30022365e+00
 1.29730773e+00
 1.29392655e+00
 1.29011900e+00
 1.28592741e+00
 1.28139800e+00
 1.27658252e+00
 1.27153791e+00
 1.26632521e+00
 1.26100821e+00
 1.25565216e+00
 1.25032073e+00
 1.24507308e+00
 1.23996334e+00
 1.23504002e+00
 1.23034537e+00
 1.22591554e+00
 1.22178100e+00
 1.21796583e+00
 1.21448613e+00
 1.21134882e+00
 1.20855615e+00
 1.20612203e+00
 1.20409673e+00
 1.20257120e+00
 1.20163291e+00
 1.20131912e+00
 1.30547284e+00
 1.30526502e+00
 1.30464510e+00
 1.30361602e+00
 1.30216528e+00
 1.30026576e+00
 1.29789535e+00
 1.29505257e+00
 1.29175634e+00
 1.28803872e+00
 1.28393948e+00
 1.27950406e+00
 1.27478329e+00
 1.26983304e+00
 1.26471310e+00
 1.25948595e+00
 1.25421515e+00
 1.24896294e+00
 1.24378793e+00
 1.23874412e+00
 1.23388013e+00
 1.22923871e+00
 1.22485665e+00
 1.22076481e+00
 1.21698778e+00
 1.21354399e+00
 1.21044836e+00
 1.20772064e+00
 1.20539726e+00
 1.20353388e+00
 1.20218495e+00
 1.20137681e+00
 1.20110884e+00
 1.30281415e+00
 1.30260644e+00
 1.30198217e+00
 1.30093895e+00
 1.29947287e+00
 1.29757571e+00
 1.29523728e+00
 1.29245442e+00
 1.28923768e+00
 1.28561137e+00
 1.28161036e+00
 1.27727729e+00
 1.27266107e+00
 1.26781581e+00
 1.26279967e+00
 1.25767346e+00
 1.25249902e+00
 1.24733718e+00
 1.24224588e+00
 1.23727894e+00
 1.23248532e+00
 1.22790857e+00
 1.22358672e+00
 1.21955234e+00
 1.21583301e+00
 1.21245285e+00
 1.20943625e+00
 1.20681288e+00
 1.20461867e+00
 1.20288795e+00
 1.20164282e+00
 1.20089284e+00
 1.20064229e+00
 1.29981994e+00
 1.29960902e+00
 1.29897751e+00
 1.29792762e+00
 1.29646008e+00
 1.29457328e+00
 1.29226463e+00
 1.28953459e+00
 1.28639153e+00
 1.28285471e+00
 1.27895398e+00
 1.27472813e+00
 1.27022317e+00
 1.26549080e+00
 1.26058705e+00
 1.25557078e+00
 1.25050201e+00
 1.24544015e+00
 1.24044239e+00
 1.23556241e+00
 1.23084964e+00
 1.22634878e+00
 1.22209970e+00
 1.21813774e+00
 1.21449463e+00
 1.21120010e+00
 1.20828403e+00
 1.20577683e+00
 1.20370625e+00
 1.20209187e+00
 1.20094214e+00
 1.20025603e+00
 1.20002828e+00
 1.29645993e+00
 1.29625092e+00
 1.29562444e+00
 1.29458221e+00
 1.29312676e+00
 1.29126070e+00
 1.28898659e+00
 1.28630881e+00
 1.28323663e+00
 1.27978718e+00
 1.27598672e+00
 1.27187028e+00
 1.26748055e+00
 1.26286636e+00
 1.25808123e+00
 1.25318177e+00
 1.24822608e+00
 1.24327212e+00
 1.23837623e+00
 1.23359195e+00
 1.22896928e+00
 1.22455422e+00
 1.22038872e+00
 1.21651105e+00
 1.21295644e+00
 1.20975788e+00
 1.20694611e+00
 1.20454784e+00
 1.20258249e+00
 1.20105950e+00
 1.19997875e+00
 1.19933445e+00
 1.19912051e+00
 1.29276948e+00
 1.29256304e+00
 1.29194462e+00
 1.29091663e+00
 1.28948250e+00
 1.28764646e+00
 1.28541372e+00
 1.28279143e+00
 1.27979045e+00
 1.27642753e+00
 1.27272684e+00
 1.26872045e+00
 1.26444790e+00
 1.25995501e+00
 1.25529257e+00
 1.25051477e+00
 1.24567767e+00
 1.24083767e+00
 1.23605019e+00
 1.23136854e+00
 1.22684318e+00
 1.22252129e+00
 1.21844662e+00
 1.21465956e+00
 1.21119727e+00
 1.20809331e+00
 1.20537658e+00
 1.20306925e+00
 1.20118477e+00
 1.19972742e+00
 1.19869415e+00
 1.19807834e+00
 1.19787388e+00
 1.28876688e+00
 1.28856466e+00
 1.28795868e+00
 1.28695104e+00
 1.28554532e+00
 1.28374665e+00
 1.28156170e+00
 1.27899934e+00
 1.27607173e+00
 1.27279584e+00
 1.26919473e+00
 1.26529840e+00
 1.26114368e+00
 1.25677357e+00
 1.25223611e+00
 1.24758298e+00
 1.24286811e+00
 1.23814626e+00
 1.23347173e+00
 1.22889741e+00
 1.22447395e+00
 1.22024926e+00
 1.21626818e+00
 1.21257211e+00
 1.20919849e+00
 1.20617984e+00
 1.20354235e+00
 1.20130455e+00
 1.19947673e+00
 1.19806173e+00
 1.19705698e+00
 1.19645735e+00
 1.19625810e+00
 1.28448815e+00
 1.28429051e+00
 1.28369833e+00
 1.28271388e+00
 1.28134087e+00
 1.27958466e+00
 1.27745255e+00
 1.27495425e+00
 1.27210268e+00
 1.26891502e+00
 1.26541373e+00
 1.26162726e+00
 1.25759030e+00
 1.25334331e+00
 1.24893170e+00
 1.24440470e+00
 1.23981403e+00
 1.23521264e+00
 1.23065357e+00
 1.22618894e+00
 1.22186915e+00
 1.21774226e+00
 1.21385338e+00
 1.21024397e+00
 1.20695084e+00
 1.20400497e+00
 1.20143032e+00
 1.19924311e+00
 1.19745224e+00
 1.19606082e+00
 1.19506852e+00
 1.19447391e+00
 1.19427583e+00
 1.27996526e+00
 1.27977282e+00
 1.27919620e+00
 1.27823747e+00
 1.27690031e+00
 1.27519014e+00
 1.27311450e+00
 1.27068346e+00
 1.26791026e+00
 1.26481211e+00
 1.26141096e+00
 1.25773408e+00
 1.25381435e+00
 1.24969002e+00
 1.24540411e+00
 1.24100342e+00
 1.23653744e+00
 1.23205723e+00
 1.22761425e+00
 1.22325951e+00
 1.21904268e+00
 1.21501136e+00
 1.21121028e+00
 1.20768041e+00
 1.20445780e+00
 1.20157246e+00
 1.19904739e+00
 1.19689844e+00
 1.19513508e+00
 1.19376197e+00
 1.19278090e+00
 1.19219228e+00
 1.19199609e+00
 1.27523870e+00
 1.27505171e+00
 1.27449140e+00
 1.27355975e+00
 1.27226031e+00
 1.27059840e+00
 1.26858154e+00
 1.26621985e+00
 1.26352662e+00
 1.26051886e+00
 1.25721797e+00
 1.25365019e+00
 1.24984681e+00
 1.24584415e+00
 1.24168298e+00
 1.23740781e+00
 1.23306589e+00
 1.22870622e+00
 1.22437848e+00
 1.22013220e+00
 1.21601583e+00
 1.21207600e+00
 1.20835665e+00
 1.20489804e+00
 1.20173578e+00
 1.19889975e+00
 1.19641346e+00
 1.19429392e+00
 1.19255217e+00
 1.19119449e+00
 1.19022388e+00
 1.18964139e+00
 1.18944723e+00
 1.27035269e+00
 1.27017125e+00
 1.26962754e+00
 1.26872348e+00
 1.26746248e+00
 1.26584977e+00
 1.26389275e+00
 1.26160143e+00
 1.25898889e+00
 1.25607180e+00
 1.25287088e+00
 1.24941136e+00
 1.24572313e+00
 1.24184066e+00
 1.23780270e+00
 1.23365154e+00
 1.22943221e+00
 1.22519154e+00
 1.22097723e+00
 1.21683699e+00
 1.21281767e+00
 1.20896452e+00
 1.20532036e+00
 1.20192471e+00
 1.19881292e+00
 1.19601540e+00
 1.19355707e+00
 1.19145704e+00
 1.18972877e+00
 1.18838053e+00
 1.18741641e+00
 1.18683784e+00
 1.18664500e+00
 1.26535400e+00
 1.26517806e+00
 1.26465086e+00
 1.26377430e+00
 1.26255176e+00
 1.26098837e+00
 1.25909138e+00
 1.25687056e+00
 1.25433867e+00
 1.25151186e+00
 1.24841012e+00
 1.24505763e+00
 1.24148291e+00
 1.23771878e+00
 1.23380203e+00
 1.22977286e+00
 1.22567411e+00
 1.22155039e+00
 1.21744725e+00
 1.21341035e+00
 1.20948463e+00
 1.20571367e+00
 1.20213888e+00
 1.19879888e+00
 1.19572874e+00
 1.19295944e+00
 1.19051738e+00
 1.18842409e+00
 1.18669614e+00
 1.18534512e+00
 1.18437788e+00
 1.18379728e+00
 1.18360380e+00
 1.26029068e+00
 1.26012021e+00
 1.25960941e+00
 1.25876016e+00
 1.25757579e+00
 1.25606138e+00
 1.25422402e+00
 1.25207323e+00
 1.24962132e+00
 1.24688383e+00
 1.24387994e+00
 1.24063276e+00
 1.23716950e+00
 1.23352141e+00
 1.22972349e+00
 1.22581393e+00
 1.22183343e+00
 1.21782442e+00
 1.21383020e+00
 1.20989422e+00
 1.20605935e+00
 1.20236723e+00
 1.19885771e+00
 1.19556829e+00
 1.19253361e+00
 1.18978494e+00
 1.18734982e+00
 1.18525170e+00
 1.18350986e+00
 1.18213954e+00
 1.18115228e+00
 1.18055644e+00
 1.18035723e+00
 1.25521347e+00
 1.25504834e+00
 1.25455357e+00
 1.25373113e+00
 1.25258438e+00
 1.25111833e+00
 1.24933991e+00
 1.24725827e+00
 1.24488522e+00
 1.24223559e+00
 1.23932770e+00
 1.23618359e+00
 1.23282923e+00
 1.22929444e+00
 1.22561254e+00
 1.22181987e+00
 1.21795513e+00
 1.21405856e+00
 1.21017127e+00
 1.20633446e+00
 1.20258880e+00
 1.19897392e+00
 1.19552796e+00
 1.19228725e+00
 1.18928592e+00
 1.18655565e+00
 1.18412524e+00
 1.18202047e+00
 1.18026395e+00
 1.17887518e+00
 1.17787040e+00
 1.17726215e+00
 1.17705848e+00
 1.25017288e+00
 1.25001306e+00
 1.24953424e+00
 1.24873838e+00
 1.24762887e+00
 1.24621063e+00
 1.24449035e+00
 1.24247677e+00
 1.24018109e+00
 1.23761738e+00
 1.23480305e+00
 1.23175916e+00
 1.22851056e+00
 1.22508576e+00
 1.22151661e+00
 1.21783777e+00
 1.21408605e+00
 1.21029968e+00
 1.20651763e+00
 1.20277891e+00
 1.19912204e+00
 1.19558461e+00
 1.19220302e+00
 1.18901240e+00
 1.18604649e+00
 1.18333751e+00
 1.18091597e+00
 1.17881035e+00
 1.17704667e+00
 1.17564805e+00
 1.17463393e+00
 1.17401919e+00
 1.17381320e+00
 1.24522171e+00
 1.24506715e+00
 1.24460415e+00
 1.24383469e+00
 1.24276214e+00
 1.24139123e+00
 1.23972828e+00
 1.23778146e+00
 1.23556126e+00
 1.23308093e+00
 1.23035705e+00
 1.22740980e+00
 1.22426306e+00
 1.22094428e+00
 1.21748403e+00
 1.21391547e+00
 1.21027372e+00
 1.20659515e+00
 1.20291676e+00
 1.19927556e+00
 1.19570800e+00
 1.19224970e+00
 1.18893533e+00
 1.18579874e+00
 1.18287318e+00
 1.18019142e+00
 1.17778562e+00
 1.17568679e+00
 1.17392395e+00
 1.17252299e+00
 1.17150561e+00
 1.17088826e+00
 1.17068130e+00
 1.24041295e+00
 1.24026373e+00
 1.23981672e+00
 1.23907386e+00
 1.23803827e+00
 1.23671434e+00
 1.23510780e+00
 1.23322610e+00
 1.23107889e+00
 1.22867866e+00
 1.22604121e+00
 1.22318608e+00
 1.22013645e+00
 1.21691892e+00
 1.21356300e+00
 1.21010056e+00
 1.20656519e+00
 1.20299161e+00
 1.19941510e+00
 1.19587085e+00
 1.19239350e+00
 1.18901684e+00
 1.18577380e+00
 1.18269679e+00
 1.17981819e+00
 1.17717082e+00
 1.17478801e+00
 1.17270291e+00
 1.17094723e+00
 1.16954957e+00
 1.16853366e+00
 1.16791702e+00
 1.16771029e+00
 1.23580142e+00
 1.23565770e+00
 1.23522707e+00
 1.23451111e+00
 1.23351248e+00
 1.23223496e+00
 1.23068349e+00
 1.22886460e+00
 1.22678704e+00
 1.22446255e+00
 1.22190643e+00
 1.21913782e+00
 1.21617954e+00
 1.21305760e+00
 1.20980065e+00
 1.20643941e+00
 1.20300611e+00
 1.19953401e+00
 1.19605690e+00
 1.19260850e+00
 1.18922194e+00
 1.18592943e+00
 1.18276223e+00
 1.17975107e+00
 1.17692690e+00
 1.17432178e+00
 1.17196921e+00
 1.16990359e+00
 1.16815873e+00
 1.16676574e+00
 1.16575093e+00
 1.16513402e+00
 1.16492705e+00
 1.23144555e+00
 1.23130715e+00
 1.23089242e+00
 1.23020271e+00
 1.22924022e+00
 1.22800783e+00
 1.22650934e+00
 1.22474998e+00
 1.22273750e+00
 1.22048308e+00
 1.21800189e+00
 1.21531308e+00
 1.21243938e+00
 1.20940647e+00
 1.20624229e+00
 1.20297648e+00
 1.19964002e+00
 1.19626487e+00
 1.19288360e+00
 1.18952881e+00
 1.18623254e+00
 1.18302580e+00
 1.17993838e+00
 1.17699926e+00
 1.17423740e+00
 1.17168308e+00
 1.16936886e+00
 1.16732949e+00
 1.16560027e+00
 1.16421465e+00
 1.16320165e+00
 1.16258402e+00
 1.16237643e+00
 1.22739726e+00
 1.22726406e+00
 1.22686500e+00
 1.22620128e+00
 1.22527434e+00
 1.22408570e+00
 1.22263735e+00
 1.22093297e+00
 1.21897947e+00
 1.21678799e+00
 1.21437406e+00
 1.21175724e+00
 1.20896045e+00
 1.20600918e+00
 1.20293075e+00
 1.19975374e+00
 1.19650786e+00
 1.19322391e+00
 1.18993350e+00
 1.18666847e+00
 1.18346022e+00
 1.18033904e+00
 1.17733377e+00
 1.17447180e+00
 1.17177980e+00
 1.16928531e+00
 1.16701861e+00
 1.16501382e+00
 1.16330767e+00
 1.16193629e+00
 1.16093162e+00
 1.16031848e+00
 1.16011236e+00
 1.22370283e+00
 1.22357548e+00
 1.22319337e+00
 1.22255658e+00
 1.22166517e+00
 1.22051859e+00
 1.21911634e+00
 1.21746061e+00
 1.21555824e+00
 1.21342115e+00
 1.21106577e+00
 1.20851232e+00
 1.20578404e+00
 1.20290636e+00
 1.19990594e+00
 1.19681024e+00
 1.19364762e+00
 1.19044778e+00
 1.18724163e+00
 1.18406060e+00
 1.18093587e+00
 1.17789758e+00
 1.17497421e+00
 1.17219219e+00
 1.16957616e+00
 1.16715020e+00
 1.16494052e+00
 1.16297856e+00
 1.16130176e+00
 1.15994950e+00
 1.15895645e+00
 1.15834899e+00
 1.15814441e+00
 1.22041612e+00
 1.22029338e+00
 1.21992625e+00
 1.21931593e+00
 1.21846007e+00
 1.21735290e+00
 1.21599040e+00
 1.21437458e+00
 1.21251387e+00
 1.21042174e+00
 1.20811567e+00
 1.20561655e+00
 1.20294795e+00
 1.20013523e+00
 1.19720446e+00
 1.19418176e+00
 1.19109401e+00
 1.18796986e+00
 1.18483977e+00
 1.18173505e+00
 1.17868698e+00
 1.17572602e+00
 1.17288095e+00
 1.17017818e+00
 1.16764120e+00
 1.16529095e+00
 1.16314795e+00
 1.16123697e+00
 1.15959236e+00
 1.15825853e+00
 1.15727938e+00
 1.15668415e+00
 1.15648489e+00
 1.21754757e+00
 1.21743405e+00
 1.21709338e+00
 1.21652062e+00
 1.21570330e+00
 1.21462962e+00
 1.21329647e+00
 1.21170962e+00
 1.20988045e+00
 1.20782386e+00
 1.20555798e+00
 1.20310410e+00
 1.20048608e+00
 1.19772927e+00
 1.19485918e+00
 1.19190040e+00
 1.18887811e+00
 1.18582000e+00
 1.18275635e+00
 1.17971851e+00
 1.17673811e+00
 1.17384617e+00
 1.17107228e+00
 1.16844367e+00
 1.16598418e+00
 1.16371311e+00
 1.16164601e+00
 1.15979771e+00
 1.15818954e+00
 1.15685926e+00
 1.15586143e+00
 1.15524674e+00
 1.15504029e+00
 1.21515467e+00
 1.21505856e+00
 1.21475812e+00
 1.21422555e+00
 1.21343587e+00
 1.21237986e+00
 1.21106197e+00
 1.20949304e+00
 1.20768626e+00
 1.20565667e+00
 1.20342240e+00
 1.20100489e+00
 1.19842829e+00
 1.19571788e+00
 1.19289893e+00
 1.18999418e+00
 1.18702698e+00
 1.18402418e+00
 1.18101620e+00
 1.17803446e+00
 1.17511103e+00
 1.17227755e+00
 1.16956466e+00
 1.16700090e+00
 1.16461173e+00
 1.16241692e+00
 1.16043030e+00
 1.15866006e+00
 1.15711170e+00
 1.15579969e+00
 1.15476771e+00
 1.15409392e+00
 1.15385806e+00
 1.21337432e+00
 1.21328524e+00
 1.21299758e+00
 1.21247019e+00
 1.21167795e+00
 1.21061984e+00
 1.20930522e+00
 1.20774593e+00
 1.20595445e+00
 1.20394456e+00
 1.20173403e+00
 1.19934434e+00
 1.19679996e+00
 1.19412605e+00
 1.19134807e+00
 1.18848661e+00
 1.18556329e+00
 1.18260418e+00
 1.17964026e+00
 1.17670286e+00
 1.17382456e+00
 1.17103746e+00
 1.16837329e+00
 1.16586175e+00
 1.16353080e+00
 1.16140176e+00
 1.15948999e+00
 1.15780406e+00
 1.15634471e+00
 1.15511021e+00
 1.15411960e+00
 1.15344797e+00
 1.15320614e+00
 1.21220240e+00
 1.21210717e+00
 1.21179807e+00
 1.21124109e+00
 1.21042579e+00
 1.20935605e+00
 1.20803931e+00
 1.20648496e+00
 1.20470356e+00
 1.20270708e+00
 1.20051309e+00
 1.19814296e+00
 1.19562165e+00
 1.19297395e+00
 1.19022607e+00
 1.18739630e+00
 1.18450493e+00
 1.18157730e+00
 1.17864525e+00
 1.17573980e+00
 1.17289410e+00
 1.17014044e+00
 1.16751153e+00
 1.16503771e+00
 1.16274966e+00
 1.16067009e+00
 1.15881698e+00
 1.15720293e+00
 1.15583365e+00
 1.15470909e+00
 1.15383267e+00
 1.15323998e+00
 1.15302216e+00
 1.21155616e+00
 1.21144560e+00
 1.21110011e+00
 1.21050958e+00
 1.20967343e+00
 1.20859398e+00
 1.20727477e+00
 1.20572286e+00
 1.20394737e+00
 1.20195865e+00
 1.19977445e+00
 1.19741589e+00
 1.19490848e+00
 1.19227652e+00
 1.18954711e+00
 1.18673670e+00
 1.18386477e+00
 1.18095609e+00
 1.17804334e+00
 1.17515712e+00
 1.17233113e+00
 1.16959756e+00
 1.16698996e+00
 1.16453871e+00
 1.16227675e+00
 1.16022741e+00
 1.15841072e+00
 1.15684266e+00
 1.15553469e+00
 1.15449408e+00
 1.15372623e+00
 1.15324029e+00
 1.15306624e+00
 1.21135200e+00
 1.21123122e+00
 1.21086896e+00
 1.21026566e+00
 1.20942202e+00
 1.20833915e+00
 1.20701902e+00
 1.20546787e+00
 1.20369434e+00
 1.20170818e+00
 1.19952721e+00
 1.19717248e+00
 1.19466971e+00
 1.19204299e+00
 1.18931984e+00
 1.18651593e+00
 1.18365052e+00
 1.18074816e+00
 1.17784188e+00
 1.17496208e+00
 1.17214268e+00
 1.16941581e+00
 1.16681534e+00
 1.16437157e+00
 1.16211834e+00
 1.16007912e+00
 1.15827466e+00
 1.15672213e+00
 1.15543511e+00
 1.15442391e+00
 1.15369627e+00
 1.15325758e+00
 1.15311100e+00
