 1.72849800e+00
 1.72868383e+00
 1.72923673e+00
 1.73014270e+00
 1.73137933e+00
 1.73291637e+00
 1.73471664e+00
 1.73673443e+00
 1.73892239e+00
 1.74123348e+00
 1.74361771e+00
 1.74602470e+00
 1.74840171e+00
 1.75070285e+00
 1.75288429e+00
 1.75491049e+00
 1.75675264e+00
 1.75839860e+00
 1.75984583e+00
 1.76109357e+00
 1.76214531e+00
 1.76301327e+00
 1.76371914e+00
 1.76428766e+00
 1.76473913e+00
 1.76509198e+00
 1.76536363e+00
 1.76556805e+00
 1.76571707e+00
 1.76582151e+00
 1.76588994e+00
 1.76592854e+00
 1.76594100e+00
 1.72887360e+00
 1.72899965e+00
 1.72945334e+00
 1.73028130e+00
 1.73146838e+00
 1.73297758e+00
 1.73476328e+00
 1.73677441e+00
 1.73896015e+00
 1.74127125e+00
 1.74365665e+00
 1.74606521e+00
 1.74844414e+00
 1.75074710e+00
 1.75293035e+00
 1.75495816e+00
 1.75680195e+00
 1.75844912e+00
 1.75989669e+00
 1.76114384e+00
 1.76219408e+00
 1.76305947e+00
 1.76376115e+00
 1.76432309e+00
 1.76476506e+00
 1.76510460e+00
 1.76535750e+00
 1.76553503e+00
 1.76564443e+00
 1.76568958e+00
 1.76567390e+00
 1.76561172e+00
 1.76556513e+00
 1.72978419e+00
 1.72981934e+00
 1.73005552e+00
 1.73067684e+00
 1.73172481e+00
 1.73315373e+00
 1.73489711e+00
 1.73688865e+00
 1.73906778e+00
 1.74137896e+00
 1.74376784e+00
 1.74618118e+00
 1.74856580e+00
 1.75087427e+00
 1.75306287e+00
 1.75509552e+00
 1.75694402e+00
 1.75859465e+00
 1.76004317e+00
 1.76128847e+00
 1.76233411e+00
 1.76319162e+00
 1.76388054e+00
 1.76442269e+00
 1.76483619e+00
 1.76513600e+00
 1.76533320e+00
 1.76543146e+00
 1.76542526e+00
 1.76530179e+00
 1.76505994e+00
 1.76477151e+00
 1.76463169e+00
 1.73068371e+00
 1.73067918e+00
 1.73077899e+00
 1.73120782e+00
 1.73209149e+00
 1.73341312e+00
 1.73509617e+00
 1.73705876e+00
 1.73922805e+00
 1.74153979e+00
 1.74393462e+00
 1.74635611e+00
 1.74875012e+00
 1.75106779e+00
 1.75326520e+00
 1.75530579e+00
 1.75716166e+00
 1.75881751e+00
 1.76026730e+00
 1.76150937e+00
 1.76254708e+00
 1.76339101e+00
 1.76405826e+00
 1.76456755e+00
 1.76493429e+00
 1.76516959e+00
 1.76527823e+00
 1.76525476e+00
 1.76508206e+00
 1.76474272e+00
 1.76426898e+00
 1.76381859e+00
 1.76362971e+00
 1.73099087e+00
 1.73102083e+00
 1.73117604e+00
 1.73160398e+00
 1.73242912e+00
 1.73368192e+00
 1.73531473e+00
 1.73725050e+00
 1.73941123e+00
 1.74172588e+00
 1.74412984e+00
 1.74656328e+00
 1.74897043e+00
 1.75130099e+00
 1.75351050e+00
 1.75556195e+00
 1.75742727e+00
 1.75908949e+00
 1.76054051e+00
 1.76177774e+00
 1.76280401e+00
 1.76362845e+00
 1.76426526e+00
 1.76472968e+00
 1.76503405e+00
 1.76518587e+00
 1.76518594e+00
 1.76502744e+00
 1.76470241e+00
 1.76422728e+00
 1.76368690e+00
 1.76324556e+00
 1.76307416e+00
 1.73053901e+00
 1.73066154e+00
 1.73102494e+00
 1.73164449e+00
 1.73257213e+00
 1.73385277e+00
 1.73548238e+00
 1.73741251e+00
 1.73957496e+00
 1.74189885e+00
 1.74431696e+00
 1.74676690e+00
 1.74919126e+00
 1.75153841e+00
 1.75376319e+00
 1.75582807e+00
 1.75770443e+00
 1.75937359e+00
 1.76082546e+00
 1.76205618e+00
 1.76306759e+00
 1.76386706e+00
 1.76446596e+00
 1.76487652e+00
 1.76510891e+00
 1.76516994e+00
 1.76506375e+00
 1.76479736e+00
 1.76439592e+00
 1.76392471e+00
 1.76349045e+00
 1.76319673e+00
 1.76309562e+00
 1.72994062e+00
 1.73010632e+00
 1.73059249e+00
 1.73137839e+00
 1.73245723e+00
 1.73383842e+00
 1.73552265e+00
 1.73748277e+00
 1.73966702e+00
 1.74201190e+00
 1.74445186e+00
 1.74692404e+00
 1.74937017e+00
 1.75173770e+00
 1.75398080e+00
 1.75606135e+00
 1.75794993e+00
 1.75962630e+00
 1.76107848e+00
 1.76230120e+00
 1.76329501e+00
 1.76406556e+00
 1.76462202e+00
 1.76497497e+00
 1.76513483e+00
 1.76511245e+00
 1.76492302e+00
 1.76459483e+00
 1.76418052e+00
 1.76375793e+00
 1.76340801e+00
 1.76318461e+00
 1.76310879e+00
 1.72931687e+00
 1.72949733e+00
 1.73003400e+00
 1.73091213e+00
 1.73210981e+00
 1.73360565e+00
 1.73537940e+00
 1.73740269e+00
 1.73963257e+00
 1.74201390e+00
 1.74448580e+00
 1.74698721e+00
 1.74946019e+00
 1.75185197e+00
 1.75411629e+00
 1.75621448e+00
 1.75811628e+00
 1.75980005e+00
 1.76125222e+00
 1.76246611e+00
 1.76344103e+00
 1.76418132e+00
 1.76469514e+00
 1.76499335e+00
 1.76508953e+00
 1.76500213e+00
 1.76475921e+00
 1.76440397e+00
 1.76399545e+00
 1.76359907e+00
 1.76327227e+00
 1.76305765e+00
 1.76298278e+00
 1.72849558e+00
 1.72869584e+00
 1.72928800e+00
 1.73024919e+00
 1.73154839e+00
 1.73315156e+00
 1.73502403e+00
 1.73712883e+00
 1.73942286e+00
 1.74185526e+00
 1.74436958e+00
 1.74690757e+00
 1.74941265e+00
 1.75183247e+00
 1.75412072e+00
 1.75623834e+00
 1.75815433e+00
 1.75984596e+00
 1.76129836e+00
 1.76250375e+00
 1.76346055e+00
 1.76417258e+00
 1.76464834e+00
 1.76490082e+00
 1.76494851e+00
 1.76481791e+00
 1.76454653e+00
 1.76418379e+00
 1.76378708e+00
 1.76341354e+00
 1.76311197e+00
 1.76291770e+00
 1.76285085e+00
 1.72754656e+00
 1.72775890e+00
 1.72838769e+00
 1.72940927e+00
 1.73078806e+00
 1.73248174e+00
 1.73444565e+00
 1.73663433e+00
 1.73900042e+00
 1.74149303e+00
 1.74405777e+00
 1.74663857e+00
 1.74918035e+00
 1.75163155e+00
 1.75394609e+00
 1.75608473e+00
 1.75801598e+00
 1.75971634e+00
 1.76117010e+00
 1.76236880e+00
 1.76331058e+00
 1.76399963e+00
 1.76444591e+00
 1.76466557e+00
 1.76468213e+00
 1.76452817e+00
 1.76424616e+00
 1.76388668e+00
 1.76350364e+00
 1.76314793e+00
 1.76286213e+00
 1.76267772e+00
 1.76261407e+00
 1.72645974e+00
 1.72668111e+00
 1.72733659e+00
 1.72840145e+00
 1.72983823e+00
 1.73160103e+00
 1.73363981e+00
 1.73590310e+00
 1.73833871e+00
 1.74089322e+00
 1.74351179e+00
 1.74613897e+00
 1.74872050e+00
 1.75120543e+00
 1.75354799e+00
 1.75570896e+00
 1.75765661e+00
 1.75936705e+00
 1.76082420e+00
 1.76201947e+00
 1.76295137e+00
 1.76362519e+00
 1.76405302e+00
 1.76425426e+00
 1.76425634e+00
 1.76409539e+00
 1.76381548e+00
 1.76346606e+00
 1.76309772e+00
 1.76275743e+00
 1.76248478e+00
 1.76230921e+00
 1.76224869e+00
 1.72523891e+00
 1.72546529e+00
 1.72613588e+00
 1.72722622e+00
 1.72869894e+00
 1.73050768e+00
 1.73260056e+00
 1.73492282e+00
 1.73741829e+00
 1.74003009e+00
 1.74270114e+00
 1.74537495e+00
 1.74799705e+00
 1.75051660e+00
 1.75288798e+00
 1.75507210e+00
 1.75703721e+00
 1.75875940e+00
 1.76022266e+00
 1.76141880e+00
 1.76234723e+00
 1.76301483e+00
 1.76343600e+00
 1.76363289e+00
 1.76363549e+00
 1.76348136e+00
 1.76321418e+00
 1.76288126e+00
 1.76253015e+00
 1.76220508e+00
 1.76194381e+00
 1.76177508e+00
 1.76171680e+00
 1.72387577e+00
 1.72410220e+00
 1.72477410e+00
 1.72586995e+00
 1.72735590e+00
 1.72918804e+00
 1.73131489e+00
 1.73367979e+00
 1.73622320e+00
 1.73888445e+00
 1.74160327e+00
 1.74432108e+00
 1.74698228e+00
 1.74953561e+00
 1.75193544e+00
 1.75414277e+00
 1.75612606e+00
 1.75786166e+00
 1.75933399e+00
 1.76053565e+00
 1.76146731e+00
 1.76213767e+00
 1.76256333e+00
 1.76276863e+00
 1.76278510e+00
 1.76265048e+00
 1.76240703e+00
 1.76209937e+00
 1.76177199e+00
 1.76146659e+00
 1.76121949e+00
 1.76105907e+00
 1.76100350e+00
 1.72229835e+00
 1.72252224e+00
 1.72318837e+00
 1.72427978e+00
 1.72576763e+00
 1.72761147e+00
 1.72976081e+00
 1.73215773e+00
 1.73473977e+00
 1.73744284e+00
 1.74020349e+00
 1.74296077e+00
 1.74565767e+00
 1.74824227e+00
 1.75066882e+00
 1.75289848e+00
 1.75490004e+00
 1.75665029e+00
 1.75813434e+00
 1.75934577e+00
 1.76028667e+00
 1.76096754e+00
 1.76140704e+00
 1.76163136e+00
 1.76167314e+00
 1.76156996e+00
 1.76136244e+00
 1.76109234e+00
 1.76080073e+00
 1.76052621e+00
 1.76030274e+00
 1.76015714e+00
 1.76010663e+00
 1.72039114e+00
 1.72061580e+00
 1.72128472e+00
 1.72238220e+00
 1.72388111e+00
 1.72574240e+00
 1.72791603e+00
 1.73034323e+00
 1.73295972e+00
 1.73569908e+00
 1.73849568e+00
 1.74128684e+00
 1.74401450e+00
 1.74662631e+00
 1.74907649e+00
 1.75132651e+00
 1.75334554e+00
 1.75511095e+00
 1.75660857e+00
 1.75783297e+00
 1.75878756e+00
 1.75948450e+00
 1.75994431e+00
 1.76019491e+00
 1.76027016e+00
 1.76020787e+00
 1.76004759e+00
 1.75982844e+00
 1.75958746e+00
 1.75935841e+00
 1.75917063e+00
 1.75904757e+00
 1.75900473e+00
 1.71811795e+00
 1.71834766e+00
 1.71903099e+00
 1.72015052e+00
 1.72167692e+00
 1.72356915e+00
 1.72577561e+00
 1.72823633e+00
 1.73088602e+00
 1.73365732e+00
 1.73648379e+00
 1.73930221e+00
 1.74205430e+00
 1.74468778e+00
 1.74715718e+00
 1.74942440e+00
 1.75145913e+00
 1.75323926e+00
 1.75475124e+00
 1.75599040e+00
 1.75696116e+00
 1.75767695e+00
 1.75815974e+00
 1.75843903e+00
 1.75855010e+00
 1.75853172e+00
 1.75842347e+00
 1.75826309e+00
 1.75808433e+00
 1.75791552e+00
 1.75777896e+00
 1.75769061e+00
 1.75766009e+00
 1.71553129e+00
 1.71576848e+00
 1.71647303e+00
 1.71762413e+00
 1.71918797e+00
 1.72111922e+00
 1.72336307e+00
 1.72585774e+00
 1.72853728e+00
 1.73133438e+00
 1.73418297e+00
 1.73702038e+00
 1.73978895e+00
 1.74243709e+00
 1.74492001e+00
 1.74720022e+00
 1.74924794e+00
 1.75104145e+00
 1.75256756e+00
 1.75382195e+00
 1.75480944e+00
 1.75554404e+00
 1.75604852e+00
 1.75635332e+00
 1.75649484e+00
 1.75651288e+00
 1.75644770e+00
 1.75633675e+00
 1.75621177e+00
 1.75609668e+00
 1.75600702e+00
 1.75595103e+00
 1.75593209e+00
 1.71273795e+00
 1.71298250e+00
 1.71370758e+00
 1.71488846e+00
 1.71648648e+00
 1.71845184e+00
 1.72072653e+00
 1.72324703e+00
 1.72594691e+00
 1.72875932e+00
 1.73161915e+00
 1.73446495e+00
 1.73724027e+00
 1.73989467e+00
 1.74238432e+00
 1.74467245e+00
 1.74672975e+00
 1.74853470e+00
 1.75007407e+00
 1.75134329e+00
 1.75234684e+00
 1.75309838e+00
 1.75362037e+00
 1.75394316e+00
 1.75410317e+00
 1.75414038e+00
 1.75409515e+00
 1.75400484e+00
 1.75390062e+00
 1.75380519e+00
 1.75373221e+00
 1.75368761e+00
 1.75367276e+00
 1.70986602e+00
 1.71011376e+00
 1.71084795e+00
 1.71204242e+00
 1.71365622e+00
 1.71563699e+00
 1.71792446e+00
 1.72045365e+00
 1.72315769e+00
 1.72597014e+00
 1.72882702e+00
 1.73166831e+00
 1.73443909e+00
 1.73709027e+00
 1.73957913e+00
 1.74186965e+00
 1.74393283e+00
 1.74574712e+00
 1.74729878e+00
 1.74858240e+00
 1.74960126e+00
 1.75036761e+00
 1.75090247e+00
 1.75123475e+00
 1.75139967e+00
 1.75143621e+00
 1.75138409e+00
 1.75128048e+00
 1.75115733e+00
 1.75103955e+00
 1.75094472e+00
 1.75088390e+00
 1.75086300e+00
 1.70698308e+00
 1.70722993e+00
 1.70796157e+00
 1.70915196e+00
 1.71076019e+00
 1.71273353e+00
 1.71501112e+00
 1.71752747e+00
 1.72021569e+00
 1.72300998e+00
 1.72584758e+00
 1.72867007e+00
 1.73142413e+00
 1.73406216e+00
 1.73654251e+00
 1.73882986e+00
 1.74089540e+00
 1.74271724e+00
 1.74428076e+00
 1.74557913e+00
 1.74661368e+00
 1.74739431e+00
 1.74793949e+00
 1.74827569e+00
 1.74843606e+00
 1.74845820e+00
 1.74838133e+00
 1.74824354e+00
 1.74807945e+00
 1.74791884e+00
 1.74778588e+00
 1.74769861e+00
 1.74766825e+00
 1.70411805e+00
 1.70436106e+00
 1.70508149e+00
 1.70625425e+00
 1.70783954e+00
 1.70978562e+00
 1.71203234e+00
 1.71451484e+00
 1.71716707e+00
 1.71992458e+00
 1.72272628e+00
 1.72551559e+00
 1.72824097e+00
 1.73085624e+00
 1.73332083e+00
 1.73559996e+00
 1.73766489e+00
 1.73949319e+00
 1.74106910e+00
 1.74238393e+00
 1.74343653e+00
 1.74423372e+00
 1.74479060e+00
 1.74513044e+00
 1.74528399e+00
 1.74528770e+00
 1.74518136e+00
 1.74500531e+00
 1.74479813e+00
 1.74459490e+00
 1.74442570e+00
 1.74431406e+00
 1.74427509e+00
 1.70128789e+00
 1.70152525e+00
 1.70222919e+00
 1.70337574e+00
 1.70492637e+00
 1.70683059e+00
 1.70902954e+00
 1.71146003e+00
 1.71405812e+00
 1.71676173e+00
 1.71951227e+00
 1.72225537e+00
 1.72494135e+00
 1.72752547e+00
 1.72996809e+00
 1.73223489e+00
 1.73429707e+00
 1.73613159e+00
 1.73772142e+00
 1.73905590e+00
 1.74013110e+00
 1.74095033e+00
 1.74152468e+00
 1.74187358e+00
 1.74202493e+00
 1.74201433e+00
 1.74188298e+00
 1.74167470e+00
 1.74143270e+00
 1.74119680e+00
 1.74100119e+00
 1.74087245e+00
 1.74082758e+00
 1.69851237e+00
 1.69874388e+00
 1.69943014e+00
 1.70054698e+00
 1.70205599e+00
 1.70390762e+00
 1.70604501e+00
 1.70840802e+00
 1.71093638e+00
 1.71357167e+00
 1.71625842e+00
 1.71894477e+00
 1.72158289e+00
 1.72412934e+00
 1.72654530e+00
 1.72879683e+00
 1.73085504e+00
 1.73269627e+00
 1.73430234e+00
 1.73566070e+00
 1.73676474e+00
 1.73761414e+00
 1.73821559e+00
 1.73858385e+00
 1.73874300e+00
 1.73872700e+00
 1.73857864e+00
 1.73834597e+00
 1.73807751e+00
 1.73781771e+00
 1.73760386e+00
 1.73746399e+00
 1.73741542e+00
 1.69584252e+00
 1.69606745e+00
 1.69673348e+00
 1.69781538e+00
 1.69927423e+00
 1.70106159e+00
 1.70312385e+00
 1.70540557e+00
 1.70785150e+00
 1.71040756e+00
 1.71302159e+00
 1.71564404e+00
 1.71822874e+00
 1.72073335e+00
 1.72311977e+00
 1.72535435e+00
 1.72740814e+00
 1.72925702e+00
 1.73088184e+00
 1.73226856e+00
 1.73340827e+00
 1.73429742e+00
 1.73493823e+00
 1.73534000e+00
 1.73552117e+00
 1.73551184e+00
 1.73535473e+00
 1.73510237e+00
 1.73481027e+00
 1.73452904e+00
 1.73429913e+00
 1.73414939e+00
 1.73409747e+00
 1.69334460e+00
 1.69356063e+00
 1.69419949e+00
 1.69523531e+00
 1.69662998e+00
 1.69833816e+00
 1.70031140e+00
 1.70250038e+00
 1.70485528e+00
 1.70732596e+00
 1.70986285e+00
 1.71241821e+00
 1.71494713e+00
 1.71740823e+00
 1.71976403e+00
 1.72198117e+00
 1.72403070e+00
 1.72588818e+00
 1.72753386e+00
 1.72895266e+00
 1.73013411e+00
 1.73107221e+00
 1.73176541e+00
 1.73221731e+00
 1.73243887e+00
 1.73245239e+00
 1.73229601e+00
 1.73202454e+00
 1.73170249e+00
 1.73139150e+00
 1.73114010e+00
 1.73097947e+00
 1.73092461e+00
 1.69106976e+00
 1.69127259e+00
 1.69187313e+00
 1.69284814e+00
 1.69416270e+00
 1.69577700e+00
 1.69765042e+00
 1.69974065e+00
 1.70200218e+00
 1.70438715e+00
 1.70684742e+00
 1.70933642e+00
 1.71181032e+00
 1.71422860e+00
 1.71655437e+00
 1.71875457e+00
 1.72080032e+00
 1.72266708e+00
 1.72433475e+00
 1.72578776e+00
 1.72701486e+00
 1.72800879e+00
 1.72876562e+00
 1.72928439e+00
 1.72956811e+00
 1.72962746e+00
 1.72948820e+00
 1.72919955e+00
 1.72883400e+00
 1.72847030e+00
 1.72817058e+00
 1.72797446e+00
 1.72790609e+00
 1.68902338e+00
 1.68921398e+00
 1.68977505e+00
 1.69068036e+00
 1.69190104e+00
 1.69341125e+00
 1.69518226e+00
 1.69717681e+00
 1.69935030e+00
 1.70165508e+00
 1.70404369e+00
 1.70647054e+00
 1.70889283e+00
 1.71127098e+00
 1.71356869e+00
 1.71575324e+00
 1.71779585e+00
 1.71967201e+00
 1.72136158e+00
 1.72284883e+00
 1.72412244e+00
 1.72517509e+00
 1.72600232e+00
 1.72660102e+00
 1.72696853e+00
 1.72710364e+00
 1.72701252e+00
 1.72672286e+00
 1.72630197e+00
 1.72585697e+00
 1.72549520e+00
 1.72527447e+00
 1.72520230e+00
 1.68730019e+00
 1.68746625e+00
 1.68795594e+00
 1.68875697e+00
 1.68986504e+00
 1.69127184e+00
 1.69295180e+00
 1.69486412e+00
 1.69696155e+00
 1.69919609e+00
 1.70152128e+00
 1.70389273e+00
 1.70626887e+00
 1.70861113e+00
 1.71088385e+00
 1.71305457e+00
 1.71509470e+00
 1.71697983e+00
 1.71868991e+00
 1.72020930e+00
 1.72152703e+00
 1.72263658e+00
 1.72353464e+00
 1.72421875e+00
 1.72468490e+00
 1.72492532e+00
 1.72492844e+00
 1.72468718e+00
 1.72422442e+00
 1.72363113e+00
 1.72306879e+00
 1.72269099e+00
 1.72256317e+00
 1.68587031e+00
 1.68599080e+00
 1.68637163e+00
 1.68705411e+00
 1.68806583e+00
 1.68939793e+00
 1.69101289e+00
 1.69286285e+00
 1.69489934e+00
 1.69707580e+00
 1.69934780e+00
 1.70167234e+00
 1.70400919e+00
 1.70632097e+00
 1.70857254e+00
 1.71073162e+00
 1.71276986e+00
 1.71466297e+00
 1.71639113e+00
 1.71793875e+00
 1.71929538e+00
 1.72045569e+00
 1.72141859e+00
 1.72218407e+00
 1.72275095e+00
 1.72311264e+00
 1.72325268e+00
 1.72314135e+00
 1.72274525e+00
 1.72207178e+00
 1.72125014e+00
 1.72055553e+00
 1.72028184e+00
 1.68449447e+00
 1.68459216e+00
 1.68492403e+00
 1.68556436e+00
 1.68654650e+00
 1.68784879e+00
 1.68942668e+00
 1.69123339e+00
 1.69322395e+00
 1.69535508e+00
 1.69758513e+00
 1.69987231e+00
 1.70217775e+00
 1.70446521e+00
 1.70669998e+00
 1.70884985e+00
 1.71088673e+00
 1.71278640e+00
 1.71452936e+00
 1.71609997e+00
 1.71748828e+00
 1.71869002e+00
 1.71970673e+00
 1.72054127e+00
 1.72119725e+00
 1.72167428e+00
 1.72196364e+00
 1.72204007e+00
 1.72185708e+00
 1.72136570e+00
 1.72060664e+00
 1.71985321e+00
 1.71953209e+00
 1.68324062e+00
 1.68334551e+00
 1.68370667e+00
 1.68438646e+00
 1.68539099e+00
 1.68669167e+00
 1.68825053e+00
 1.69002885e+00
 1.69198727e+00
 1.69408583e+00
 1.69628576e+00
 1.69854578e+00
 1.70082833e+00
 1.70309815e+00
 1.70532080e+00
 1.70746400e+00
 1.70949999e+00
 1.71140447e+00
 1.71315842e+00
 1.71474589e+00
 1.71615744e+00
 1.71738942e+00
 1.71844588e+00
 1.71933178e+00
 1.72005555e+00
 1.72062327e+00
 1.72103803e+00
 1.72129252e+00
 1.72136481e+00
 1.72121933e+00
 1.72084225e+00
 1.72035589e+00
 1.72011386e+00
 1.68234064e+00
 1.68247477e+00
 1.68290370e+00
 1.68364066e+00
 1.68467324e+00
 1.68597841e+00
 1.68752768e+00
 1.68928955e+00
 1.69122884e+00
 1.69330769e+00
 1.69548953e+00
 1.69773306e+00
 1.70000170e+00
 1.70226083e+00
 1.70447619e+00
 1.70661533e+00
 1.70865084e+00
 1.71055825e+00
 1.71231894e+00
 1.71391668e+00
 1.71534239e+00
 1.71659260e+00
 1.71767328e+00
 1.71859044e+00
 1.71935589e+00
 1.71997988e+00
 1.72047439e+00
 1.72084660e+00
 1.72110037e+00
 1.72123391e+00
 1.72124621e+00
 1.72115830e+00
 1.72108153e+00
 1.68201200e+00
 1.68216679e+00
 1.68262822e+00
 1.68338761e+00
 1.68443068e+00
 1.68573772e+00
 1.68728392e+00
 1.68904033e+00
 1.69097324e+00
 1.69304548e+00
 1.69522130e+00
 1.69745930e+00
 1.69972328e+00
 1.70197882e+00
 1.70419175e+00
 1.70632954e+00
 1.70836489e+00
 1.71027328e+00
 1.71203626e+00
 1.71363743e+00
 1.71506789e+00
 1.71632418e+00
 1.71741298e+00
 1.71834058e+00
 1.71912003e+00
 1.71976291e+00
 1.72028434e+00
 1.72069659e+00
 1.72101283e+00
 1.72124501e+00
 1.72140319e+00
 1.72149495e+00
 1.72152500e+00
