 0.00000000e+00
 -3.77428631e-02
 -1.48937520e-01
 -3.24890336e-01
 -5.43911825e-01
 -7.66017514e-01
 -9.36344847e-01
 -9.99953290e-01
 -9.23867982e-01
 -7.13890317e-01
 -4.13864591e-01
 -8.71272965e-02
 2.08761924e-01
 4.38983224e-01
 5.93982233e-01
 6.79976840e-01
 7.07107000e-01
 6.54525893e-06
 -3.76763011e-02
 -1.48510740e-01
 -3.24127933e-01
 -5.42941140e-01
 -7.64914435e-01
 -9.35152443e-01
 -9.98740254e-01
 -9.22734676e-01
 -7.12921510e-01
 -4.13118287e-01
 -8.65995397e-02
 2.09136138e-01
 4.39390873e-01
 5.94685617e-01
 6.81153069e-01
 7.08434148e-01
 1.81464803e-04
 -3.66148340e-02
 -1.45611769e-01
 -3.19039071e-01
 -5.35518370e-01
 -7.55266324e-01
 -9.23821461e-01
 -9.86820653e-01
 -9.11681630e-01
 -7.04108176e-01
 -4.07461859e-01
 -8.43191702e-02
 2.08474757e-01
 4.36764094e-01
 5.91261090e-01
 6.77966850e-01
 7.05697967e-01
 2.51630105e-03
 -3.23363456e-02
 -1.36083234e-01
 -3.01920271e-01
 -5.09188652e-01
 -7.19571779e-01
 -8.80937454e-01
 -9.41317177e-01
 -8.69570290e-01
 -6.71134505e-01
 -3.87467510e-01
 -7.83849260e-02
 2.01776715e-01
 4.20436643e-01
 5.68874596e-01
 6.52673195e-01
 6.79554541e-01
 1.44924101e-02
 -1.78833426e-02
 -1.12946778e-01
 -2.62395517e-01
 -4.47324873e-01
 -6.34369858e-01
 -7.77749450e-01
 -8.31499473e-01
 -7.68013038e-01
 -5.92096534e-01
 -3.40506589e-01
 -6.62973539e-02
 1.82209358e-01
 3.75633012e-01
 5.05621173e-01
 5.77736008e-01
 6.00590519e-01
 2.10563447e-02
 -4.90972753e-03
 -7.95026463e-02
 -1.94714102e-01
 -3.36493049e-01
 -4.79860999e-01
 -5.89870383e-01
 -6.31284917e-01
 -5.82923624e-01
 -4.48432669e-01
 -2.55921344e-01
 -4.59716121e-02
 1.44428047e-01
 2.92557666e-01
 3.91193716e-01
 4.44028626e-01
 4.59941751e-01
 6.81282518e-03
 -3.99696913e-03
 -3.85873014e-02
 -9.75817952e-02
 -1.73644847e-01
 -2.51771001e-01
 -3.12094663e-01
 -3.35117871e-01
 -3.09191848e-01
 -2.36255572e-01
 -1.31593205e-01
 -1.72569066e-02
 8.68259592e-02
 1.69061542e-01
 2.27009869e-01
 2.62447796e-01
 2.74801015e-01
 2.92701048e-02
 2.81524197e-02
 2.66412635e-02
 2.67897211e-02
 2.82166012e-02
 2.97948427e-02
 3.07078958e-02
 3.03978295e-02
 2.85816552e-02
 2.53828999e-02
 2.13301786e-02
 1.71475192e-02
 1.34118589e-02
 1.01478145e-02
 6.63889693e-03
 2.69421964e-03
 6.85245632e-04
 2.83165103e-02
 4.32922006e-02
 8.65150696e-02
 1.53759801e-01
 2.36962641e-01
 3.21171078e-01
 3.85395972e-01
 4.08554253e-01
 3.78016833e-01
 2.96018899e-01
 1.79442178e-01
 5.26205596e-02
 -6.23481818e-02
 -1.52058875e-01
 -2.12357609e-01
 -2.45194829e-01
 -2.55241872e-01
 3.75736945e-02
 6.34362460e-02
 1.40305093e-01
 2.62770246e-01
 4.15430474e-01
 5.70105233e-01
 6.88277957e-01
 7.31418821e-01
 6.76393868e-01
 5.27227825e-01
 3.14749295e-01
 8.34757173e-02
 -1.26046573e-01
 -2.89304593e-01
 -3.99641128e-01
 -4.61666480e-01
 -4.81588312e-01
 3.98856075e-02
 7.45362404e-02
 1.76181537e-01
 3.36386845e-01
 5.35277679e-01
 7.36591876e-01
 8.90459360e-01
 9.46848835e-01
 8.75586330e-01
 6.81844602e-01
 4.05708243e-01
 1.05058238e-01
 -1.67301388e-01
 -3.79180847e-01
 -5.21191747e-01
 -5.99086301e-01
 -6.23325253e-01
 4.65164347e-02
 8.39963386e-02
 1.94690690e-01
 3.69891819e-01
 5.87472537e-01
 8.07613018e-01
 9.76020462e-01
 1.03799524e+00
 9.60062177e-01
 7.47845224e-01
 4.45355005e-01
 1.15835565e-01
 -1.82995131e-01
 -4.16071205e-01
 -5.73569767e-01
 -6.61788931e-01
 -6.89973890e-01
 5.17911109e-02
 8.90023905e-02
 1.98057650e-01
 3.69839125e-01
 5.82850422e-01
 7.98138520e-01
 9.63342927e-01
 1.02491806e+00
 9.48283303e-01
 7.39362184e-01
 4.41950893e-01
 1.17656115e-01
 -1.76823872e-01
 -4.06908023e-01
 -5.62509828e-01
 -6.49090079e-01
 -6.76368892e-01
 6.05416204e-02
 9.37239385e-02
 1.92398893e-01
 3.49588168e-01
 5.44502973e-01
 7.40328881e-01
 8.91828692e-01
 9.50614718e-01
 8.79548907e-01
 6.86489496e-01
 4.13084025e-01
 1.14141216e-01
 -1.57614736e-01
 -3.70165426e-01
 -5.14205232e-01
 -5.95231420e-01
 -6.21234891e-01
 6.34981170e-02
 9.32311378e-02
 1.81682328e-01
 3.23810649e-01
 4.97994996e-01
 6.69592991e-01
 8.04616316e-01
 8.62114381e-01
 7.96515431e-01
 6.22029903e-01
 3.77907210e-01
 1.08881658e-01
 -1.35548232e-01
 -3.27123389e-01
 -4.56304712e-01
 -5.28404802e-01
 -5.51359022e-01
 6.44876419e-02
 9.05930265e-02
 1.71053606e-01
 3.04535584e-01
 4.63151347e-01
 6.14891080e-01
 7.36938753e-01
 7.95919528e-01
 7.32968122e-01
 5.72395462e-01
 3.51345894e-01
 1.04522127e-01
 -1.18792710e-01
 -2.94876975e-01
 -4.12278138e-01
 -4.76627751e-01
 -4.97071003e-01
 6.47520000e-02
 8.90780989e-02
 1.66441374e-01
 2.97818256e-01
 4.50543670e-01
 5.94574431e-01
 7.11666613e-01
 7.71969051e-01
 7.09487252e-01
 5.54005062e-01
 3.41689883e-01
 1.02824020e-01
 -1.12572502e-01
 -2.83216829e-01
 -3.96385223e-01
 -4.57837510e-01
 -4.76910000e-01
