 1.64635800e+00
 1.64641463e+00
 1.64658176e+00
 1.64685120e+00
 1.64720987e+00
 1.64764017e+00
 1.64812025e+00
 1.64862057e+00
 1.64910961e+00
 1.64955130e+00
 1.64990556e+00
 1.65012741e+00
 1.65017960e+00
 1.65003388e+00
 1.64966932e+00
 1.64907111e+00
 1.64823610e+00
 1.64717726e+00
 1.64591764e+00
 1.64449456e+00
 1.64295083e+00
 1.64132519e+00
 1.63965099e+00
 1.63796599e+00
 1.63630840e+00
 1.63472275e+00
 1.63325051e+00
 1.63193036e+00
 1.63079840e+00
 1.62988475e+00
 1.62921386e+00
 1.62880391e+00
 1.62866600e+00
 1.64646850e+00
 1.64655461e+00
 1.64677221e+00
 1.64708400e+00
 1.64747264e+00
 1.64792292e+00
 1.64841610e+00
 1.64892527e+00
 1.64942013e+00
 1.64986543e+00
 1.65022160e+00
 1.65044453e+00
 1.65049719e+00
 1.65035135e+00
 1.64998610e+00
 1.64938685e+00
 1.64855062e+00
 1.64749010e+00
 1.64622833e+00
 1.64480210e+00
 1.64325363e+00
 1.64162137e+00
 1.63993889e+00
 1.63824352e+00
 1.63657316e+00
 1.63497079e+00
 1.63347567e+00
 1.63212238e+00
 1.63093966e+00
 1.62994702e+00
 1.62916056e+00
 1.62860917e+00
 1.62838743e+00
 1.64689282e+00
 1.64702570e+00
 1.64735692e+00
 1.64778271e+00
 1.64825666e+00
 1.64876522e+00
 1.64929720e+00
 1.64983274e+00
 1.65034507e+00
 1.65080129e+00
 1.65116342e+00
 1.65138968e+00
 1.65144381e+00
 1.65129765e+00
 1.65093037e+00
 1.65032802e+00
 1.64948802e+00
 1.64842238e+00
 1.64715397e+00
 1.64571809e+00
 1.64415533e+00
 1.64250338e+00
 1.64079617e+00
 1.63906997e+00
 1.63736149e+00
 1.63570937e+00
 1.63414643e+00
 1.63269555e+00
 1.63136521e+00
 1.63014890e+00
 1.62905338e+00
 1.62818742e+00
 1.62783545e+00
 1.64786368e+00
 1.64802165e+00
 1.64843524e+00
 1.64897880e+00
 1.64956238e+00
 1.65015499e+00
 1.65074692e+00
 1.65132450e+00
 1.65186540e+00
 1.65233988e+00
 1.65271250e+00
 1.65294459e+00
 1.65300124e+00
 1.65285461e+00
 1.65248411e+00
 1.65187662e+00
 1.65103005e+00
 1.64995559e+00
 1.64867554e+00
 1.64722307e+00
 1.64563643e+00
 1.64395219e+00
 1.64220439e+00
 1.64042787e+00
 1.63865711e+00
 1.63692478e+00
 1.63525473e+00
 1.63365557e+00
 1.63211632e+00
 1.63062062e+00
 1.62921877e+00
 1.62813870e+00
 1.62772295e+00
 1.64962119e+00
 1.64977134e+00
 1.65018278e+00
 1.65076252e+00
 1.65141643e+00
 1.65208635e+00
 1.65274502e+00
 1.65337416e+00
 1.65395218e+00
 1.65445147e+00
 1.65483913e+00
 1.65507965e+00
 1.65513991e+00
 1.65499271e+00
 1.65461787e+00
 1.65400320e+00
 1.65314698e+00
 1.65205962e+00
 1.65076235e+00
 1.64928596e+00
 1.64766601e+00
 1.64593776e+00
 1.64413495e+00
 1.64229100e+00
 1.64043774e+00
 1.63860271e+00
 1.63680371e+00
 1.63504568e+00
 1.63332778e+00
 1.63167813e+00
 1.63021721e+00
 1.62917598e+00
 1.62879472e+00
 1.65221097e+00
 1.65232701e+00
 1.65266721e+00
 1.65319689e+00
 1.65385130e+00
 1.65456054e+00
 1.65527233e+00
 1.65595156e+00
 1.65656973e+00
 1.65709781e+00
 1.65750406e+00
 1.65775525e+00
 1.65782003e+00
 1.65767207e+00
 1.65729181e+00
 1.65666781e+00
 1.65579863e+00
 1.65469390e+00
 1.65337349e+00
 1.65186576e+00
 1.65020375e+00
 1.64842138e+00
 1.64655194e+00
 1.64462798e+00
 1.64268013e+00
 1.64073505e+00
 1.63881453e+00
 1.63694119e+00
 1.63515829e+00
 1.63355961e+00
 1.63229146e+00
 1.63149087e+00
 1.63122103e+00
 1.65532052e+00
 1.65542400e+00
 1.65572951e+00
 1.65621800e+00
 1.65684913e+00
 1.65756506e+00
 1.65830635e+00
 1.65902368e+00
 1.65967781e+00
 1.66023444e+00
 1.66066048e+00
 1.66092342e+00
 1.66099307e+00
 1.66084388e+00
 1.66045691e+00
 1.65982129e+00
 1.65893569e+00
 1.65780897e+00
 1.65645958e+00
 1.65491368e+00
 1.65320224e+00
 1.65135815e+00
 1.64941471e+00
 1.64740508e+00
 1.64536180e+00
 1.64331724e+00
 1.64130749e+00
 1.63938282e+00
 1.63762169e+00
 1.63613097e+00
 1.63501482e+00
 1.63433489e+00
 1.63410806e+00
 1.65884948e+00
 1.65895234e+00
 1.65925317e+00
 1.65972984e+00
 1.66034747e+00
 1.66105935e+00
 1.66181159e+00
 1.66255123e+00
 1.66323149e+00
 1.66381179e+00
 1.66425567e+00
 1.66452959e+00
 1.66460341e+00
 1.66445195e+00
 1.66405663e+00
 1.66340692e+00
 1.66250143e+00
 1.66134831e+00
 1.65996469e+00
 1.65837505e+00
 1.65660897e+00
 1.65469901e+00
 1.65267948e+00
 1.65058622e+00
 1.64845719e+00
 1.64633500e+00
 1.64427192e+00
 1.64233590e+00
 1.64061016e+00
 1.63917947e+00
 1.63811177e+00
 1.63745251e+00
 1.63722943e+00
 1.66282323e+00
 1.66292240e+00
 1.66321357e+00
 1.66367750e+00
 1.66428226e+00
 1.66498525e+00
 1.66573676e+00
 1.66648471e+00
 1.66717924e+00
 1.66777513e+00
 1.66823202e+00
 1.66851403e+00
 1.66858998e+00
 1.66843437e+00
 1.66802861e+00
 1.66736218e+00
 1.66643351e+00
 1.66525014e+00
 1.66382819e+00
 1.66219109e+00
 1.66036785e+00
 1.65839164e+00
 1.65629904e+00
 1.65413030e+00
 1.65193067e+00
 1.64975301e+00
 1.64766044e+00
 1.64572630e+00
 1.64402789e+00
 1.64263605e+00
 1.64160646e+00
 1.64097609e+00
 1.64076411e+00
 1.66716338e+00
 1.66726025e+00
 1.66754427e+00
 1.66799640e+00
 1.66858670e+00
 1.66927606e+00
 1.67001839e+00
 1.67076368e+00
 1.67146153e+00
 1.67206397e+00
 1.67252731e+00
 1.67281288e+00
 1.67288768e+00
 1.67272522e+00
 1.67230644e+00
 1.67162059e+00
 1.67066580e+00
 1.66944917e+00
 1.66798625e+00
 1.66630006e+00
 1.66441990e+00
 1.66238043e+00
 1.66022142e+00
 1.65798819e+00
 1.65573286e+00
 1.65351556e+00
 1.65140427e+00
 1.64947146e+00
 1.64778768e+00
 1.64641454e+00
 1.64540014e+00
 1.64477813e+00
 1.64456856e+00
 1.67181645e+00
 1.67190911e+00
 1.67218140e+00
 1.67261647e+00
 1.67318713e+00
 1.67385727e+00
 1.67458368e+00
 1.67531830e+00
 1.67601090e+00
 1.67661196e+00
 1.67707512e+00
 1.67735905e+00
 1.67742863e+00
 1.67725598e+00
 1.67682127e+00
 1.67611330e+00
 1.67512995e+00
 1.67387806e+00
 1.67237304e+00
 1.67063813e+00
 1.66870358e+00
 1.66660615e+00
 1.66438898e+00
 1.66210206e+00
 1.65980258e+00
 1.65755471e+00
 1.65542755e+00
 1.65349109e+00
 1.65181097e+00
 1.65044398e+00
 1.64943528e+00
 1.64881723e+00
 1.64860909e+00
 1.67668614e+00
 1.67677415e+00
 1.67703325e+00
 1.67744876e+00
 1.67799673e+00
 1.67864447e+00
 1.67935152e+00
 1.68007135e+00
 1.68075379e+00
 1.68134807e+00
 1.68180577e+00
 1.68208323e+00
 1.68214339e+00
 1.68195696e+00
 1.68150324e+00
 1.68077061e+00
 1.67975676e+00
 1.67846855e+00
 1.67692165e+00
 1.67513996e+00
 1.67315511e+00
 1.67100605e+00
 1.66873902e+00
 1.66640751e+00
 1.66407190e+00
 1.66179809e+00
 1.65965487e+00
 1.65771000e+00
 1.65602626e+00
 1.65465795e+00
 1.65364873e+00
 1.65303035e+00
 1.65282207e+00
 1.68165996e+00
 1.68174344e+00
 1.68198997e+00
 1.68238761e+00
 1.68291565e+00
 1.68354428e+00
 1.68423486e+00
 1.68494148e+00
 1.68561357e+00
 1.68619917e+00
 1.68664823e+00
 1.68691548e+00
 1.68696239e+00
 1.68675862e+00
 1.68628284e+00
 1.68552319e+00
 1.68447737e+00
 1.68315253e+00
 1.68156492e+00
 1.67973942e+00
 1.67770912e+00
 1.67551498e+00
 1.67320563e+00
 1.67083688e+00
 1.66847079e+00
 1.66617379e+00
 1.66401391e+00
 1.66205737e+00
 1.66036526e+00
 1.65899078e+00
 1.65797712e+00
 1.65735600e+00
 1.65714679e+00
 1.68660384e+00
 1.68668552e+00
 1.68692723e+00
 1.68731838e+00
 1.68783978e+00
 1.68846247e+00
 1.68914784e+00
 1.68984936e+00
 1.69051559e+00
 1.69109373e+00
 1.69153295e+00
 1.69178725e+00
 1.69181752e+00
 1.69159299e+00
 1.69109216e+00
 1.69030324e+00
 1.68922428e+00
 1.68786298e+00
 1.68623641e+00
 1.68437054e+00
 1.68229986e+00
 1.68006695e+00
 1.67772204e+00
 1.67532229e+00
 1.67293043e+00
 1.67061282e+00
 1.66843672e+00
 1.66646734e+00
 1.66476493e+00
 1.66338221e+00
 1.66236231e+00
 1.66173723e+00
 1.66152665e+00
 1.69140482e+00
 1.69148985e+00
 1.69174109e+00
 1.69214635e+00
 1.69268388e+00
 1.69332173e+00
 1.69401868e+00
 1.69472655e+00
 1.69539329e+00
 1.69596618e+00
 1.69639482e+00
 1.69663364e+00
 1.69664387e+00
 1.69639507e+00
 1.69586609e+00
 1.69504564e+00
 1.69393241e+00
 1.69253497e+00
 1.69087136e+00
 1.68896869e+00
 1.68686264e+00
 1.68459695e+00
 1.68222282e+00
 1.67979795e+00
 1.67738513e+00
 1.67505030e+00
 1.67286003e+00
 1.67087887e+00
 1.66916666e+00
 1.66777602e+00
 1.66675024e+00
 1.66612154e+00
 1.66590974e+00
 1.69602927e+00
 1.69612334e+00
 1.69639934e+00
 1.69683894e+00
 1.69741281e+00
 1.69808245e+00
 1.69880250e+00
 1.69952320e+00
 1.70019281e+00
 1.70075984e+00
 1.70117535e+00
 1.70139503e+00
 1.70138113e+00
 1.70110406e+00
 1.70054348e+00
 1.69968896e+00
 1.69854019e+00
 1.69710678e+00
 1.69540793e+00
 1.69347185e+00
 1.69133523e+00
 1.68904258e+00
 1.68664549e+00
 1.68420165e+00
 1.68177341e+00
 1.67942602e+00
 1.67722534e+00
 1.67523535e+00
 1.67351560e+00
 1.67211872e+00
 1.67108819e+00
 1.67045648e+00
 1.67024365e+00
 1.70057485e+00
 1.70067738e+00
 1.70097614e+00
 1.70144620e+00
 1.70205063e+00
 1.70274490e+00
 1.70348036e+00
 1.70420640e+00
 1.70487189e+00
 1.70542661e+00
 1.70582295e+00
 1.70601780e+00
 1.70597448e+00
 1.70566438e+00
 1.70506819e+00
 1.70417661e+00
 1.70299057e+00
 1.70152097e+00
 1.69978828e+00
 1.69782185e+00
 1.69565922e+00
 1.69334534e+00
 1.69093179e+00
 1.68847572e+00
 1.68603867e+00
 1.68368486e+00
 1.68147922e+00
 1.67948508e+00
 1.67776163e+00
 1.67636149e+00
 1.67532833e+00
 1.67469488e+00
 1.67448145e+00
 1.70516445e+00
 1.70526612e+00
 1.70556230e+00
 1.70602804e+00
 1.70662621e+00
 1.70731187e+00
 1.70803570e+00
 1.70874643e+00
 1.70939246e+00
 1.70992336e+00
 1.71029155e+00
 1.71045418e+00
 1.71037507e+00
 1.71002642e+00
 1.70938999e+00
 1.70845777e+00
 1.70723213e+00
 1.70572551e+00
 1.70395981e+00
 1.70196559e+00
 1.69978115e+00
 1.69745170e+00
 1.69502845e+00
 1.69256766e+00
 1.69012958e+00
 1.68777702e+00
 1.68557362e+00
 1.68358176e+00
 1.68186011e+00
 1.68046110e+00
 1.67942851e+00
 1.67879529e+00
 1.67858191e+00
 1.70974813e+00
 1.70984027e+00
 1.71011035e+00
 1.71053945e+00
 1.71109686e+00
 1.71174211e+00
 1.71242777e+00
 1.71310244e+00
 1.71371335e+00
 1.71420858e+00
 1.71453931e+00
 1.71466198e+00
 1.71454038e+00
 1.71414725e+00
 1.71346542e+00
 1.71248836e+00
 1.71122012e+00
 1.70967491e+00
 1.70787626e+00
 1.70585607e+00
 1.70365348e+00
 1.70131389e+00
 1.69888792e+00
 1.69643059e+00
 1.69400040e+00
 1.69165822e+00
 1.68946593e+00
 1.68748448e+00
 1.68577165e+00
 1.68437944e+00
 1.68335155e+00
 1.68272103e+00
 1.68250852e+00
 1.71412739e+00
 1.71421079e+00
 1.71445590e+00
 1.71484728e+00
 1.71535918e+00
 1.71595609e+00
 1.71659416e+00
 1.71722343e+00
 1.71779074e+00
 1.71824275e+00
 1.71852911e+00
 1.71860529e+00
 1.71843489e+00
 1.71799130e+00
 1.71725863e+00
 1.71623202e+00
 1.71491749e+00
 1.71333125e+00
 1.71149876e+00
 1.70945350e+00
 1.70723563e+00
 1.70489077e+00
 1.70246892e+00
 1.70002359e+00
 1.69761109e+00
 1.69528975e+00
 1.69311896e+00
 1.69115764e+00
 1.68946215e+00
 1.68808372e+00
 1.68706573e+00
 1.68644117e+00
 1.68623064e+00
 1.71818450e+00
 1.71826153e+00
 1.71848800e+00
 1.71885011e+00
 1.71932496e+00
 1.71988045e+00
 1.72047560e+00
 1.72106181e+00
 1.72158560e+00
 1.72199245e+00
 1.72223082e+00
 1.72225566e+00
 1.72203094e+00
 1.72153115e+00
 1.72074207e+00
 1.71966084e+00
 1.71829570e+00
 1.71666517e+00
 1.71479692e+00
 1.71272632e+00
 1.71049485e+00
 1.70814861e+00
 1.70573706e+00
 1.70331211e+00
 1.70092751e+00
 1.69863844e+00
 1.69650094e+00
 1.69457096e+00
 1.69290262e+00
 1.69154578e+00
 1.69054321e+00
 1.68992780e+00
 1.68972030e+00
 1.72186788e+00
 1.72193958e+00
 1.72215110e+00
 1.72249119e+00
 1.72293979e+00
 1.72346674e+00
 1.72403148e+00
 1.72458452e+00
 1.72507083e+00
 1.72543451e+00
 1.72562353e+00
 1.72559338e+00
 1.72530939e+00
 1.72474796e+00
 1.72389699e+00
 1.72275594e+00
 1.72133549e+00
 1.71965669e+00
 1.71774973e+00
 1.71565221e+00
 1.71340733e+00
 1.71106205e+00
 1.70866561e+00
 1.70626845e+00
 1.70392164e+00
 1.70167667e+00
 1.69958537e+00
 1.69769957e+00
 1.69607006e+00
 1.69474451e+00
 1.69376456e+00
 1.69316274e+00
 1.69295977e+00
 1.72511569e+00
 1.72518590e+00
 1.72539357e+00
 1.72572866e+00
 1.72617151e+00
 1.72669089e+00
 1.72724377e+00
 1.72777750e+00
 1.72823446e+00
 1.72855777e+00
 1.72869623e+00
 1.72860748e+00
 1.72825952e+00
 1.72763138e+00
 1.72671347e+00
 1.72550769e+00
 1.72402721e+00
 1.72229577e+00
 1.72034628e+00
 1.71821897e+00
 1.71595920e+00
 1.71361525e+00
 1.71123658e+00
 1.70887259e+00
 1.70657193e+00
 1.70438226e+00
 1.70235046e+00
 1.70052298e+00
 1.69894583e+00
 1.69766322e+00
 1.69671473e+00
 1.69613197e+00
 1.69593535e+00
 1.72791151e+00
 1.72798642e+00
 1.72820692e+00
 1.72855997e+00
 1.72902231e+00
 1.72955806e+00
 1.73011843e+00
 1.73064541e+00
 1.73107854e+00
 1.73136153e+00
 1.73144633e+00
 1.73129463e+00
 1.73087817e+00
 1.73017900e+00
 1.72919003e+00
 1.72791543e+00
 1.72637074e+00
 1.72458235e+00
 1.72258608e+00
 1.72042511e+00
 1.71814736e+00
 1.71580294e+00
 1.71344202e+00
 1.71111350e+00
 1.70886424e+00
 1.70673866e+00
 1.70477858e+00
 1.70302391e+00
 1.70151380e+00
 1.70028690e+00
 1.69937956e+00
 1.69882191e+00
 1.69863375e+00
 1.73031345e+00
 1.73039552e+00
 1.73063765e+00
 1.73102500e+00
 1.73152767e+00
 1.73209949e+00
 1.73268086e+00
 1.73320630e+00
 1.73361392e+00
 1.73385136e+00
 1.73387667e+00
 1.73365708e+00
 1.73316836e+00
 1.73239529e+00
 1.73133277e+00
 1.72998676e+00
 1.72837486e+00
 1.72652594e+00
 1.72447880e+00
 1.72227981e+00
 1.71997987e+00
 1.71763130e+00
 1.71528536e+00
 1.71299083e+00
 1.71079356e+00
 1.70873601e+00
 1.70685634e+00
 1.70518793e+00
 1.70376101e+00
 1.70260535e+00
 1.70175080e+00
 1.70122459e+00
 1.70104670e+00
 1.73235201e+00
 1.73244960e+00
 1.73273302e+00
 1.73317657e+00
 1.73373911e+00
 1.73436020e+00
 1.73496525e+00
 1.73548202e+00
 1.73585266e+00
 1.73603395e+00
 1.73599240e+00
 1.73570079e+00
 1.73513797e+00
 1.73429042e+00
 1.73315417e+00
 1.73173633e+00
 1.73005602e+00
 1.72814441e+00
 1.72604323e+00
 1.72380217e+00
 1.72147544e+00
 1.71911795e+00
 1.71678220e+00
 1.71451674e+00
 1.71236656e+00
 1.71037363e+00
 1.70857548e+00
 1.70700186e+00
 1.70567373e+00
 1.70460832e+00
 1.70382559e+00
 1.70334640e+00
 1.70318509e+00
 1.73415419e+00
 1.73425901e+00
 1.73457217e+00
 1.73507635e+00
 1.73571333e+00
 1.73638726e+00
 1.73700160e+00
 1.73748710e+00
 1.73780094e+00
 1.73791350e+00
 1.73779920e+00
 1.73743429e+00
 1.73679862e+00
 1.73587895e+00
 1.73467161e+00
 1.73318411e+00
 1.73143658e+00
 1.72946219e+00
 1.72730548e+00
 1.72501950e+00
 1.72266198e+00
 1.72029076e+00
 1.71795966e+00
 1.71571644e+00
 1.71360415e+00
 1.71166422e+00
 1.70993664e+00
 1.70845453e+00
 1.70723511e+00
 1.70627738e+00
 1.70557649e+00
 1.70514194e+00
 1.70499374e+00
 1.73552887e+00
 1.73567548e+00
 1.73610599e+00
 1.73675986e+00
 1.73750895e+00
 1.73821788e+00
 1.73880101e+00
 1.73922012e+00
 1.73945628e+00
 1.73949139e+00
 1.73930337e+00
 1.73886825e+00
 1.73816464e+00
 1.73717839e+00
 1.73590555e+00
 1.73435338e+00
 1.73254250e+00
 1.73050785e+00
 1.72829654e+00
 1.72596482e+00
 1.72357407e+00
 1.72118529e+00
 1.71885395e+00
 1.71662638e+00
 1.71454155e+00
 1.71263791e+00
 1.71095729e+00
 1.70954245e+00
 1.70842471e+00
 1.70760475e+00
 1.70704845e+00
 1.70671857e+00
 1.70660695e+00
 1.73665019e+00
 1.73689980e+00
 1.73755377e+00
 1.73838970e+00
 1.73919354e+00
 1.73985339e+00
 1.74034308e+00
 1.74066372e+00
 1.74081107e+00
 1.74076894e+00
 1.74051275e+00
 1.74001519e+00
 1.73925205e+00
 1.73820760e+00
 1.73687760e+00
 1.73526847e+00
 1.73340089e+00
 1.73131142e+00
 1.72904940e+00
 1.72667386e+00
 1.72424980e+00
 1.72184145e+00
 1.71950646e+00
 1.71728963e+00
 1.71522379e+00
 1.71334100e+00
 1.71167969e+00
 1.71028743e+00
 1.70921579e+00
 1.70849794e+00
 1.70810954e+00
 1.70795474e+00
 1.70791992e+00
 1.73830199e+00
 1.73858355e+00
 1.73927432e+00
 1.74005879e+00
 1.74072643e+00
 1.74122987e+00
 1.74158325e+00
 1.74179619e+00
 1.74185960e+00
 1.74175014e+00
 1.74143713e+00
 1.74088859e+00
 1.74007704e+00
 1.73898506e+00
 1.73760852e+00
 1.73595255e+00
 1.73403758e+00
 1.73190167e+00
 1.72959597e+00
 1.72718167e+00
 1.72472717e+00
 1.72229954e+00
 1.71995921e+00
 1.71775014e+00
 1.71569778e+00
 1.71382614e+00
 1.71216530e+00
 1.71075645e+00
 1.70965296e+00
 1.70890924e+00
 1.70853653e+00
 1.70843610e+00
 1.70843219e+00
 1.74030269e+00
 1.74052582e+00
 1.74102068e+00
 1.74152573e+00
 1.74194043e+00
 1.74225755e+00
 1.74248171e+00
 1.74260442e+00
 1.74260220e+00
 1.74244208e+00
 1.74208723e+00
 1.74150140e+00
 1.74065435e+00
 1.73952718e+00
 1.73811643e+00
 1.73642565e+00
 1.73447493e+00
 1.73230364e+00
 1.72996430e+00
 1.72751944e+00
 1.72504042e+00
 1.72259640e+00
 1.72025069e+00
 1.71804744e+00
 1.71600481e+00
 1.71413979e+00
 1.71247332e+00
 1.71103519e+00
 1.70986487e+00
 1.70900780e+00
 1.70849659e+00
 1.70829741e+00
 1.70826526e+00
 1.74195322e+00
 1.74205686e+00
 1.74226333e+00
 1.74248578e+00
 1.74269736e+00
 1.74288238e+00
 1.74302117e+00
 1.74308674e+00
 1.74304396e+00
 1.74285293e+00
 1.74247277e+00
 1.74186436e+00
 1.74099572e+00
 1.73984690e+00
 1.73841531e+00
 1.73670310e+00
 1.73473013e+00
 1.73253669e+00
 1.73017612e+00
 1.72771166e+00
 1.72521671e+00
 1.72276166e+00
 1.72041196e+00
 1.71821260e+00
 1.71617615e+00
 1.71431524e+00
 1.71264435e+00
 1.71118458e+00
 1.70996220e+00
 1.70900569e+00
 1.70834006e+00
 1.70797515e+00
 1.70787339e+00
 1.74259100e+00
 1.74261772e+00
 1.74269450e+00
 1.74281126e+00
 1.74295110e+00
 1.74309070e+00
 1.74320047e+00
 1.74324681e+00
 1.74319044e+00
 1.74298909e+00
 1.74260048e+00
 1.74198452e+00
 1.74110865e+00
 1.73995252e+00
 1.73851393e+00
 1.73679450e+00
 1.73481397e+00
 1.73261298e+00
 1.73024516e+00
 1.72777395e+00
 1.72527348e+00
 1.72281452e+00
 1.72046335e+00
 1.71826540e+00
 1.71623110e+00
 1.71437166e+00
 1.71269929e+00
 1.71123209e+00
 1.70999157e+00
 1.70899948e+00
 1.70827524e+00
 1.70783415e+00
 1.70768600e+00
