 1.00000000e+00
 1.00411827e+00
 1.01497924e+00
 1.02877786e+00
 1.04134319e+00
 1.05110824e+00
 1.06153198e+00
 1.07315367e+00
 1.09053312e+00
 1.11007435e+00
 1.12469923e+00
 1.15124754e+00
 1.17260817e+00
 1.20240623e+00
 1.22954659e+00
 1.24997032e+00
 1.28267363e+00
 1.30831799e+00
 1.33487477e+00
 1.36140821e+00
 1.38533096e+00
 1.40863419e+00
 1.42770270e+00
 1.44932026e+00
 1.46371896e+00
 1.47205067e+00
 1.48549494e+00
 1.49820901e+00
 1.50462933e+00
 1.51260124e+00
 1.52294430e+00
 1.53193248e+00
 1.53548800e+00
 1.00000000e+00
 1.00368189e+00
 1.01388046e+00
 1.02733802e+00
 1.04007553e+00
 1.05042713e+00
 1.06118996e+00
 1.07320428e+00
 1.09051026e+00
 1.10983039e+00
 1.12521008e+00
 1.15116090e+00
 1.17300303e+00
 1.20240812e+00
 1.22944989e+00
 1.25053195e+00
 1.28262564e+00
 1.30852452e+00
 1.33505647e+00
 1.36151646e+00
 1.38551497e+00
 1.40870992e+00
 1.42804333e+00
 1.44929255e+00
 1.46383106e+00
 1.47285254e+00
 1.48615614e+00
 1.49865575e+00
 1.50586531e+00
 1.51425626e+00
 1.52437342e+00
 1.53260840e+00
 1.53565048e+00
 1.00000000e+00
 1.00295653e+00
 1.01153583e+00
 1.02387931e+00
 1.03681326e+00
 1.04847053e+00
 1.06020326e+00
 1.07322177e+00
 1.09039748e+00
 1.10931516e+00
 1.12643466e+00
 1.15109127e+00
 1.17400531e+00
 1.20247272e+00
 1.22929515e+00
 1.25197329e+00
 1.28262520e+00
 1.30909066e+00
 1.33558853e+00
 1.36186613e+00
 1.38603277e+00
 1.40900856e+00
 1.42893781e+00
 1.44935097e+00
 1.46430048e+00
 1.47499025e+00
 1.48806629e+00
 1.50026556e+00
 1.50919696e+00
 1.51842149e+00
 1.52771815e+00
 1.53425947e+00
 1.53648038e+00
 1.00000000e+00
 1.00236933e+00
 1.00936361e+00
 1.02014931e+00
 1.03281918e+00
 1.04563645e+00
 1.05867890e+00
 1.07294612e+00
 1.09013497e+00
 1.10890470e+00
 1.12778986e+00
 1.15135296e+00
 1.17525514e+00
 1.20272025e+00
 1.22935635e+00
 1.25378520e+00
 1.28294323e+00
 1.30991867e+00
 1.33643257e+00
 1.36250338e+00
 1.38682682e+00
 1.40965405e+00
 1.43015266e+00
 1.44979292e+00
 1.46537093e+00
 1.47792098e+00
 1.49104006e+00
 1.50329567e+00
 1.51375178e+00
 1.52349058e+00
 1.53174486e+00
 1.53699742e+00
 1.53874333e+00
 1.00000000e+00
 1.00197697e+00
 1.00785521e+00
 1.01727242e+00
 1.02927232e+00
 1.04263020e+00
 1.05682520e+00
 1.07225520e+00
 1.08973128e+00
 1.10874912e+00
 1.12892749e+00
 1.15202116e+00
 1.17650763e+00
 1.20323533e+00
 1.22981264e+00
 1.25558113e+00
 1.28371674e+00
 1.31095661e+00
 1.33753539e+00
 1.36344925e+00
 1.38787541e+00
 1.41069432e+00
 1.43157334e+00
 1.45083765e+00
 1.46714682e+00
 1.48123796e+00
 1.49477702e+00
 1.50740140e+00
 1.51872159e+00
 1.52863841e+00
 1.53640493e+00
 1.54124955e+00
 1.54287665e+00
 9.99999997e-01
 1.00174081e+00
 1.00693261e+00
 1.01540484e+00
 1.02669408e+00
 1.04007388e+00
 1.05496148e+00
 1.07127332e+00
 1.08924741e+00
 1.10876657e+00
 1.12980939e+00
 1.15293319e+00
 1.17769721e+00
 1.20402441e+00
 1.23066031e+00
 1.25724405e+00
 1.28488631e+00
 1.31219735e+00
 1.33884872e+00
 1.36468550e+00
 1.38918357e+00
 1.41209504e+00
 1.43322562e+00
 1.45251116e+00
 1.46953067e+00
 1.48473775e+00
 1.49885052e+00
 1.51185085e+00
 1.52349354e+00
 1.53344043e+00
 1.54117025e+00
 1.54612707e+00
 1.54784523e+00
 9.99999998e-01
 1.00160570e+00
 1.00640178e+00
 1.01429280e+00
 1.02503656e+00
 1.03821852e+00
 1.05338471e+00
 1.07025649e+00
 1.08876232e+00
 1.10884285e+00
 1.13051063e+00
 1.15389801e+00
 1.17883525e+00
 1.20502920e+00
 1.23178658e+00
 1.25881436e+00
 1.28630855e+00
 1.31362541e+00
 1.34033603e+00
 1.36616780e+00
 1.39074270e+00
 1.41379604e+00
 1.43515080e+00
 1.45468588e+00
 1.47231047e+00
 1.48826507e+00
 1.50283139e+00
 1.51599374e+00
 1.52753048e+00
 1.53711009e+00
 1.54435446e+00
 1.54890041e+00
 1.55045544e+00
 1.00000000e+00
 1.00153087e+00
 1.00610621e+00
 1.01366085e+00
 1.02404776e+00
 1.03701413e+00
 1.05223615e+00
 1.06941659e+00
 1.08835592e+00
 1.10893443e+00
 1.13109673e+00
 1.15481091e+00
 1.17992991e+00
 1.20616136e+00
 1.23306470e+00
 1.26034632e+00
 1.28785756e+00
 1.31519418e+00
 1.34196052e+00
 1.36783876e+00
 1.39251270e+00
 1.41573158e+00
 1.43732086e+00
 1.45717093e+00
 1.47525481e+00
 1.49165788e+00
 1.50643908e+00
 1.51950984e+00
 1.53064944e+00
 1.53956278e+00
 1.54597263e+00
 1.54975861e+00
 1.55099521e+00
 9.99999996e-01
 1.00149042e+00
 1.00594627e+00
 1.01331491e+00
 1.02349049e+00
 1.03629870e+00
 1.05150262e+00
 1.06884210e+00
 1.08808483e+00
 1.10905170e+00
 1.13161119e+00
 1.15564274e+00
 1.18097224e+00
 1.20733429e+00
 1.23439397e+00
 1.26185266e+00
 1.28944695e+00
 1.31683829e+00
 1.34367274e+00
 1.36963143e+00
 1.39442598e+00
 1.41782046e+00
 1.43964209e+00
 1.45977918e+00
 1.47817703e+00
 1.49480955e+00
 1.50961285e+00
 1.52245528e+00
 1.53318340e+00
 1.54169558e+00
 1.54794566e+00
 1.55183586e+00
 1.55317070e+00
 1.00000000e+00
 1.00146963e+00
 1.00586380e+00
 1.01313543e+00
 1.02319710e+00
 1.03591223e+00
 1.05109414e+00
 1.06852106e+00
 1.08796443e+00
 1.10921403e+00
 1.13208430e+00
 1.15639675e+00
 1.18194679e+00
 1.20847988e+00
 1.23570079e+00
 1.26331098e+00
 1.29101365e+00
 1.31848870e+00
 1.34540935e+00
 1.37146962e+00
 1.39639688e+00
 1.41996386e+00
 1.44199460e+00
 1.46235996e+00
 1.48096255e+00
 1.49770746e+00
 1.51247001e+00
 1.52508624e+00
 1.53537459e+00
 1.54318776e+00
 1.54849944e+00
 1.55148070e+00
 1.55242391e+00
 9.99999999e-01
 1.00145990e+00
 1.00582527e+00
 1.01305154e+00
 1.02305980e+00
 1.03573191e+00
 1.05090847e+00
 1.06839450e+00
 1.08797362e+00
 1.10942488e+00
 1.13253223e+00
 1.15708013e+00
 1.18283860e+00
 1.20955005e+00
 1.23693058e+00
 1.26468298e+00
 1.29250310e+00
 1.32007872e+00
 1.34709904e+00
 1.37327088e+00
 1.39833134e+00
 1.42205628e+00
 1.44426258e+00
 1.46480210e+00
 1.48354825e+00
 1.50038015e+00
 1.51517622e+00
 1.52782640e+00
 1.53825442e+00
 1.54642475e+00
 1.55231741e+00
 1.55589286e+00
 1.55709423e+00
 1.00000000e+00
 1.00145634e+00
 1.00581113e+00
 1.01302101e+00
 1.02301115e+00
 1.03567247e+00
 1.05086005e+00
 1.06839517e+00
 1.08807229e+00
 1.10966918e+00
 1.13295514e+00
 1.15769283e+00
 1.18363347e+00
 1.21051096e+00
 1.23804121e+00
 1.26592715e+00
 1.29386425e+00
 1.32154545e+00
 1.34866955e+00
 1.37495229e+00
 1.40013634e+00
 1.42399737e+00
 1.44634491e+00
 1.46701757e+00
 1.48587481e+00
 1.50279024e+00
 1.51765188e+00
 1.53037163e+00
 1.54089861e+00
 1.54921861e+00
 1.55531123e+00
 1.55908047e+00
 1.56036542e+00
 1.00000000e+00
 1.00145595e+00
 1.00580969e+00
 1.01301837e+00
 1.02300912e+00
 1.03567740e+00
 1.05088584e+00
 1.06846501e+00
 1.08821691e+00
 1.10992101e+00
 1.13334051e+00
 1.15822613e+00
 1.18431648e+00
 1.21133674e+00
 1.23899887e+00
 1.26700453e+00
 1.29504982e+00
 1.32283124e+00
 1.35005323e+00
 1.37643683e+00
 1.40172730e+00
 1.42569876e+00
 1.44815514e+00
 1.46892758e+00
 1.48787035e+00
 1.50485732e+00
 1.51977802e+00
 1.53252720e+00
 1.54298549e+00
 1.55101823e+00
 1.55654970e+00
 1.55968510e+00
 1.56068188e+00
 1.00000000e+00
 1.00145700e+00
 1.00581388e+00
 1.01302804e+00
 1.02302756e+00
 1.03571014e+00
 1.05094233e+00
 1.06855979e+00
 1.08836920e+00
 1.11015207e+00
 1.13366936e+00
 1.15866564e+00
 1.18487166e+00
 1.21200581e+00
 1.23977570e+00
 1.26788110e+00
 1.29601828e+00
 1.32388581e+00
 1.35119127e+00
 1.37765833e+00
 1.40303293e+00
 1.42708727e+00
 1.44962120e+00
 1.47046149e+00
 1.48946019e+00
 1.50649386e+00
 1.52146642e+00
 1.53432006e+00
 1.54505173e+00
 1.55370012e+00
 1.56024171e+00
 1.56444270e+00
 1.56591157e+00
 1.00000000e+00
 1.00145837e+00
 1.00581939e+00
 1.01304053e+00
 1.02305031e+00
 1.03574754e+00
 1.05100075e+00
 1.06864826e+00
 1.08849945e+00
 1.11033731e+00
 1.13392214e+00
 1.15899544e+00
 1.18528342e+00
 1.21249993e+00
 1.24034915e+00
 1.26852904e+00
 1.29673562e+00
 1.32466844e+00
 1.35203654e+00
 1.37856460e+00
 1.40399816e+00
 1.42810728e+00
 1.45068851e+00
 1.47156517e+00
 1.49058636e+00
 1.50762378e+00
 1.52256388e+00
 1.53529124e+00
 1.54566719e+00
 1.55354043e+00
 1.55885094e+00
 1.56177872e+00
 1.56268855e+00
 9.99999997e-01
 1.00145945e+00
 1.00582367e+00
 1.01305020e+00
 1.02306773e+00
 1.03577556e+00
 1.05104313e+00
 1.06871004e+00
 1.08858701e+00
 1.11045789e+00
 1.13408278e+00
 1.15920176e+00
 1.18553872e+00
 1.21280489e+00
 1.24070233e+00
 1.26892773e+00
 1.29717679e+00
 1.32514942e+00
 1.35255524e+00
 1.37911903e+00
 1.40458541e+00
 1.42872231e+00
 1.45132319e+00
 1.47220836e+00
 1.49122557e+00
 1.50825060e+00
 1.52318877e+00
 1.53598179e+00
 1.54662069e+00
 1.55513885e+00
 1.56152662e+00
 1.56559562e+00
 1.56701163e+00
 1.00000000e+00
 1.00145987e+00
 1.00582539e+00
 1.01305408e+00
 1.02307468e+00
 1.03578664e+00
 1.05105964e+00
 1.06873369e+00
 1.08861987e+00
 1.11050230e+00
 1.13414100e+00
 1.15927557e+00
 1.18562906e+00
 1.21291174e+00
 1.24082487e+00
 1.26906464e+00
 1.29732665e+00
 1.32531098e+00
 1.35272748e+00
 1.37930078e+00
 1.40477464e+00
 1.42891509e+00
 1.45151268e+00
 1.47238391e+00
 1.49137261e+00
 1.50835122e+00
 1.52322021e+00
 1.53589913e+00
 1.54630233e+00
 1.55432081e+00
 1.55987600e+00
 1.56304441e+00
 1.56405548e+00
 1.00000000e+00
 1.00145956e+00
 1.00582413e+00
 1.01305122e+00
 1.02306954e+00
 1.03577837e+00
 1.05104715e+00
 1.06871550e+00
 1.08859410e+00
 1.11046675e+00
 1.13409342e+00
 1.15921394e+00
 1.18555181e+00
 1.21281785e+00
 1.24071373e+00
 1.26893597e+00
 1.29718043e+00
 1.32514743e+00
 1.35254704e+00
 1.37910399e+00
 1.40456175e+00
 1.42868545e+00
 1.45126365e+00
 1.47210926e+00
 1.49105991e+00
 1.50797839e+00
 1.52275509e+00
 1.53531847e+00
 1.54565756e+00
 1.55382984e+00
 1.55988419e+00
 1.56371015e+00
 1.56503727e+00
 1.00000000e+00
 1.00145859e+00
 1.00582028e+00
 1.01304253e+00
 1.02305386e+00
 1.03575306e+00
 1.05100869e+00
 1.06865908e+00
 1.08851359e+00
 1.11035516e+00
 1.13394381e+00
 1.15902052e+00
 1.18531072e+00
 1.21252725e+00
 1.24037346e+00
 1.26854688e+00
 1.29674386e+00
 1.32466503e+00
 1.35202080e+00
 1.37853645e+00
 1.40395621e+00
 1.42804603e+00
 1.45059499e+00
 1.47141577e+00
 1.49034462e+00
 1.50724046e+00
 1.52198108e+00
 1.53445108e+00
 1.54452317e+00
 1.55206825e+00
 1.55706310e+00
 1.55974921e+00
 1.56056628e+00
 1.00000000e+00
 1.00145732e+00
 1.00581518e+00
 1.01303094e+00
 1.02303270e+00
 1.03571815e+00
 1.05095389e+00
 1.06857562e+00
 1.08839014e+00
 1.11017895e+00
 1.13370267e+00
 1.15870503e+00
 1.18491537e+00
 1.21205037e+00
 1.23981609e+00
 1.26791139e+00
 1.29603300e+00
 1.32388166e+00
 1.35116813e+00
 1.37761860e+00
 1.40297905e+00
 1.42701821e+00
 1.44952870e+00
 1.47032719e+00
 1.48925495e+00
 1.50618090e+00
 1.52101005e+00
 1.53370116e+00
 1.54428835e+00
 1.55286139e+00
 1.55942756e+00
 1.56371421e+00
 1.56523053e+00
 1.00000000e+00
 1.00145636e+00
 1.00581134e+00
 1.01302206e+00
 1.02301564e+00
 1.03568753e+00
 1.05090043e+00
 1.06848507e+00
 1.08824383e+00
 1.10995651e+00
 1.13338603e+00
 1.15828176e+00
 1.18437990e+00
 1.21140298e+00
 1.23906044e+00
 1.26705200e+00
 1.29507393e+00
 1.32282653e+00
 1.35002068e+00
 1.37638335e+00
 1.40166273e+00
 1.42563176e+00
 1.44808908e+00
 1.46885761e+00
 1.48778279e+00
 1.50473159e+00
 1.51958912e+00
 1.53224424e+00
 1.54256152e+00
 1.55037936e+00
 1.55561846e+00
 1.55846662e+00
 1.55933881e+00
 1.00000000e+00
 1.00145684e+00
 1.00581313e+00
 1.01302547e+00
 1.02301895e+00
 1.03568438e+00
 1.05087680e+00
 1.06841788e+00
 1.08810316e+00
 1.10971172e+00
 1.13301295e+00
 1.15776702e+00
 1.18372093e+00
 1.21060484e+00
 1.23813133e+00
 1.26599919e+00
 1.29390223e+00
 1.32153957e+00
 1.34862205e+00
 1.37487662e+00
 1.40005275e+00
 1.42392816e+00
 1.44630971e+00
 1.46702950e+00
 1.48593902e+00
 1.50290576e+00
 1.51781610e+00
 1.53058810e+00
 1.54119314e+00
 1.54966011e+00
 1.55599650e+00
 1.56003563e+00
 1.56144406e+00
 1.00000000e+00
 1.00146056e+00
 1.00582790e+00
 1.01305736e+00
 1.02306967e+00
 1.03574609e+00
 1.05092671e+00
 1.06841716e+00
 1.08800396e+00
 1.10947038e+00
 1.13260143e+00
 1.15717593e+00
 1.18295539e+00
 1.20967831e+00
 1.23705897e+00
 1.26479120e+00
 1.29256232e+00
 1.32007019e+00
 1.34702696e+00
 1.37315760e+00
 1.39820952e+00
 1.42196429e+00
 1.44423929e+00
 1.46488070e+00
 1.48375187e+00
 1.50072239e+00
 1.51566526e+00
 1.52846275e+00
 1.53900963e+00
 1.54720559e+00
 1.55297154e+00
 1.55632729e+00
 1.55741470e+00
 9.99999999e-01
 1.00147076e+00
 1.00586827e+00
 1.01314512e+00
 1.02321277e+00
 1.03593241e+00
 1.05111502e+00
 1.06853953e+00
 1.08798491e+00
 1.10925326e+00
 1.13216278e+00
 1.15651957e+00
 1.18209938e+00
 1.20864761e+00
 1.23587863e+00
 1.26347424e+00
 1.29110638e+00
 1.31847458e+00
 1.34529891e+00
 1.37129786e+00
 1.39620884e+00
 1.41981465e+00
 1.44194478e+00
 1.46246543e+00
 1.48126335e+00
 1.49822226e+00
 1.51320632e+00
 1.52606102e+00
 1.53663654e+00
 1.54483731e+00
 1.55066303e+00
 1.55416146e+00
 1.55533432e+00
 1.00000000e+00
 1.00149289e+00
 1.00595601e+00
 1.01333578e+00
 1.02352310e+00
 1.03633713e+00
 1.05153329e+00
 1.06885092e+00
 1.08807622e+00
 1.10906482e+00
 1.13169626e+00
 1.15580527e+00
 1.18116947e+00
 1.20753863e+00
 1.23463018e+00
 1.26210371e+00
 1.28959322e+00
 1.31681099e+00
 1.34350637e+00
 1.36937897e+00
 1.39413974e+00
 1.41757087e+00
 1.43951393e+00
 1.45985647e+00
 1.47852482e+00
 1.49544322e+00
 1.51050223e+00
 1.52355982e+00
 1.53446174e+00
 1.54305692e+00
 1.54920663e+00
 1.55284630e+00
 1.55403853e+00
 9.99999999e-01
 1.00153666e+00
 1.00612909e+00
 1.01370969e+00
 1.02412331e+00
 1.03710065e+00
 1.05229769e+00
 1.06941071e+00
 1.08828002e+00
 1.10888022e+00
 1.13118834e+00
 1.15504291e+00
 1.18018683e+00
 1.20637930e+00
 1.23335575e+00
 1.26074687e+00
 1.28808684e+00
 1.31513222e+00
 1.34171856e+00
 1.36748901e+00
 1.39209837e+00
 1.41533616e+00
 1.43705680e+00
 1.45715102e+00
 1.47560297e+00
 1.49240192e+00
 1.50747985e+00
 1.52071170e+00
 1.53192884e+00
 1.54098154e+00
 1.54776036e+00
 1.55206945e+00
 1.55357034e+00
 1.00000000e+00
 1.00161867e+00
 1.00645302e+00
 1.01440183e+00
 1.02520431e+00
 1.03841028e+00
 1.05352317e+00
 1.07023870e+00
 1.08854907e+00
 1.10863913e+00
 1.13062159e+00
 1.15425825e+00
 1.17918132e+00
 1.20520176e+00
 1.23209242e+00
 1.25948699e+00
 1.28665485e+00
 1.31347602e+00
 1.34000385e+00
 1.36571834e+00
 1.39017834e+00
 1.41321169e+00
 1.43470466e+00
 1.45447363e+00
 1.47260230e+00
 1.48916929e+00
 1.50413924e+00
 1.51742934e+00
 1.52880838e+00
 1.53787176e+00
 1.54426782e+00
 1.54794513e+00
 1.54912107e+00
 1.00000000e+00
 1.00176765e+00
 1.00703831e+00
 1.01562776e+00
 1.02703095e+00
 1.04045444e+00
 1.05525251e+00
 1.07127476e+00
 1.08878587e+00
 1.10825893e+00
 1.12999283e+00
 1.15350805e+00
 1.17818764e+00
 1.20405191e+00
 1.23085813e+00
 1.25842638e+00
 1.28536452e+00
 1.31185798e+00
 1.33843385e+00
 1.36415178e+00
 1.38846271e+00
 1.41127319e+00
 1.43260712e+00
 1.45196112e+00
 1.46966514e+00
 1.48590908e+00
 1.50060300e+00
 1.51379213e+00
 1.52547051e+00
 1.53517528e+00
 1.54222436e+00
 1.54633510e+00
 1.54765982e+00
 9.99999998e-01
 1.00202886e+00
 1.00805770e+00
 1.01769099e+00
 1.02987750e+00
 1.04328285e+00
 1.05735140e+00
 1.07237095e+00
 1.08888467e+00
 1.10767471e+00
 1.12932831e+00
 1.15288513e+00
 1.17722872e+00
 1.20300931e+00
 1.22963924e+00
 1.25767824e+00
 1.28427390e+00
 1.31027895e+00
 1.33709090e+00
 1.36285130e+00
 1.38702649e+00
 1.40954452e+00
 1.43092896e+00
 1.44972735e+00
 1.46694765e+00
 1.48286861e+00
 1.49713481e+00
 1.50983012e+00
 1.52161882e+00
 1.53254083e+00
 1.54145808e+00
 1.54718347e+00
 1.54913382e+00
 1.00000000e+00
 1.00246410e+00
 1.00972662e+00
 1.02087277e+00
 1.03379192e+00
 1.04659644e+00
 1.05946893e+00
 1.07335337e+00
 1.08880031e+00
 1.10689837e+00
 1.12868121e+00
 1.15249376e+00
 1.17630619e+00
 1.20219329e+00
 1.22841102e+00
 1.25732678e+00
 1.28341919e+00
 1.30876202e+00
 1.33606256e+00
 1.36183460e+00
 1.38594463e+00
 1.40799857e+00
 1.42982533e+00
 1.44783139e+00
 1.46460565e+00
 1.48030224e+00
 1.49415957e+00
 1.50581314e+00
 1.51676891e+00
 1.52842254e+00
 1.53928117e+00
 1.54684494e+00
 1.54951954e+00
 9.99999999e-01
 1.00311740e+00
 1.01213386e+00
 1.02500271e+00
 1.03819991e+00
 1.04969838e+00
 1.06118346e+00
 1.07410690e+00
 1.08858562e+00
 1.10606482e+00
 1.12811868e+00
 1.15237874e+00
 1.17544439e+00
 1.20170445e+00
 1.22722299e+00
 1.25734768e+00
 1.28281037e+00
 1.30741142e+00
 1.33540257e+00
 1.36108299e+00
 1.38526782e+00
 1.40663614e+00
 1.42934755e+00
 1.44630371e+00
 1.46280319e+00
 1.47837123e+00
 1.49207546e+00
 1.50244026e+00
 1.51150660e+00
 1.52294440e+00
 1.53535285e+00
 1.54471517e+00
 1.54808576e+00
 1.00000000e+00
 1.00392347e+00
 1.01473660e+00
 1.02883512e+00
 1.04180142e+00
 1.05183015e+00
 1.06223609e+00
 1.07458226e+00
 1.08836663e+00
 1.10540982e+00
 1.12772119e+00
 1.15244685e+00
 1.17477401e+00
 1.20151830e+00
 1.22629078e+00
 1.25755035e+00
 1.28244448e+00
 1.30643741e+00
 1.33507874e+00
 1.36059619e+00
 1.38495605e+00
 1.40561346e+00
 1.42931419e+00
 1.44524583e+00
 1.46168371e+00
 1.47715466e+00
 1.49096620e+00
 1.50033108e+00
 1.50730221e+00
 1.51790503e+00
 1.53112044e+00
 1.54202338e+00
 1.54614822e+00
 1.00000000e+00
 1.00440494e+00
 1.01595818e+00
 1.03043091e+00
 1.04320101e+00
 1.05257179e+00
 1.06258132e+00
 1.07474662e+00
 1.08827469e+00
 1.10516046e+00
 1.12757494e+00
 1.15250451e+00
 1.17451228e+00
 1.20148665e+00
 1.22592789e+00
 1.25766233e+00
 1.28232181e+00
 1.30607703e+00
 1.33499011e+00
 1.36042245e+00
 1.38487829e+00
 1.40522017e+00
 1.42936778e+00
 1.44485544e+00
 1.46130912e+00
 1.47673310e+00
 1.49064006e+00
 1.49964546e+00
 1.50569427e+00
 1.51585301e+00
 1.52927447e+00
 1.54077318e+00
 1.54528200e+00
