 1.99421500e+00
 1.99393964e+00
 1.99282062e+00
 1.99017200e+00
 1.98546901e+00
 1.97919225e+00
 1.97219039e+00
 1.95233759e+00
 1.93799603e+00
 1.91609675e+00
 1.90081576e+00
 1.85994177e+00
 1.83254300e+00
 1.79257189e+00
 1.74524757e+00
 1.70570869e+00
 1.65815237e+00
 1.60477519e+00
 1.56256251e+00
 1.50521557e+00
 1.46344815e+00
 1.40318234e+00
 1.35993322e+00
 1.31501646e+00
 1.27660849e+00
 1.23712353e+00
 1.20762090e+00
 1.17633553e+00
 1.15004788e+00
 1.12892175e+00
 1.11316044e+00
 1.10334247e+00
 1.10000000e+00
 1.99445929e+00
 1.99402673e+00
 1.99241803e+00
 1.98958686e+00
 1.98473317e+00
 1.97846343e+00
 1.97072284e+00
 1.95196532e+00
 1.93697539e+00
 1.91566954e+00
 1.89907425e+00
 1.85975358e+00
 1.83145122e+00
 1.79177551e+00
 1.74497147e+00
 1.70499984e+00
 1.65749850e+00
 1.60474408e+00
 1.56164094e+00
 1.50535315e+00
 1.46241099e+00
 1.40352096e+00
 1.35957056e+00
 1.31500566e+00
 1.27617641e+00
 1.23720712e+00
 1.20697688e+00
 1.17607116e+00
 1.14976414e+00
 1.12872156e+00
 1.11298052e+00
 1.10334634e+00
 1.10000000e+00
 1.99444272e+00
 1.99360094e+00
 1.99118384e+00
 1.98772891e+00
 1.98255120e+00
 1.97601910e+00
 1.96688683e+00
 1.95033438e+00
 1.93416555e+00
 1.91392491e+00
 1.89446595e+00
 1.85866172e+00
 1.82839496e+00
 1.78938277e+00
 1.74394446e+00
 1.70291160e+00
 1.65562581e+00
 1.60432983e+00
 1.55922353e+00
 1.50532525e+00
 1.45979705e+00
 1.40407244e+00
 1.35868451e+00
 1.31476563e+00
 1.27511402e+00
 1.23712559e+00
 1.20543046e+00
 1.17520049e+00
 1.14902695e+00
 1.12815060e+00
 1.11262572e+00
 1.10323115e+00
 1.10000000e+00
 1.99235817e+00
 1.99136288e+00
 1.98852736e+00
 1.98438213e+00
 1.97877474e+00
 1.97159722e+00
 1.96149500e+00
 1.94664509e+00
 1.92980931e+00
 1.91009447e+00
 1.88808646e+00
 1.85568488e+00
 1.82372921e+00
 1.78540661e+00
 1.74168598e+00
 1.69952634e+00
 1.65265523e+00
 1.60289561e+00
 1.55592644e+00
 1.50431814e+00
 1.45651069e+00
 1.40397453e+00
 1.35753326e+00
 1.31397877e+00
 1.27374992e+00
 1.23640270e+00
 1.20358613e+00
 1.17377962e+00
 1.14799912e+00
 1.12738650e+00
 1.11225127e+00
 1.10309525e+00
 1.10000000e+00
 1.98660879e+00
 1.98571010e+00
 1.98308679e+00
 1.97888280e+00
 1.97300140e+00
 1.96520370e+00
 1.95465009e+00
 1.94060108e+00
 1.92366155e+00
 1.90386263e+00
 1.88043216e+00
 1.85025929e+00
 1.81753249e+00
 1.77984320e+00
 1.73770516e+00
 1.69486326e+00
 1.64854361e+00
 1.59998932e+00
 1.55200116e+00
 1.50189005e+00
 1.45298594e+00
 1.40272919e+00
 1.35603232e+00
 1.31254512e+00
 1.27211601e+00
 1.23498143e+00
 1.20168442e+00
 1.17210827e+00
 1.14681852e+00
 1.12660815e+00
 1.11189171e+00
 1.10298785e+00
 1.10000000e+00
 1.97774069e+00
 1.97711606e+00
 1.97498080e+00
 1.97097099e+00
 1.96494078e+00
 1.95674851e+00
 1.94596893e+00
 1.93217240e+00
 1.91529174e+00
 1.89524910e+00
 1.87129861e+00
 1.84232538e+00
 1.80960303e+00
 1.77257420e+00
 1.73169625e+00
 1.68878428e+00
 1.64308983e+00
 1.59544341e+00
 1.54726035e+00
 1.49803836e+00
 1.44907064e+00
 1.40027218e+00
 1.35388743e+00
 1.31047381e+00
 1.27008645e+00
 1.23305491e+00
 1.19973166e+00
 1.17042517e+00
 1.14562473e+00
 1.12587912e+00
 1.11155957e+00
 1.10289894e+00
 1.10000000e+00
 1.96914448e+00
 1.96812108e+00
 1.96523710e+00
 1.96069583e+00
 1.95436575e+00
 1.94592189e+00
 1.93499214e+00
 1.92123091e+00
 1.90438936e+00
 1.88422407e+00
 1.86023256e+00
 1.83194646e+00
 1.79965161e+00
 1.76336204e+00
 1.72351130e+00
 1.68102650e+00
 1.63603982e+00
 1.58919692e+00
 1.54136751e+00
 1.49285227e+00
 1.44440388e+00
 1.39665892e+00
 1.35086460e+00
 1.30772816e+00
 1.26757265e+00
 1.23076867e+00
 1.19770239e+00
 1.16878997e+00
 1.14448445e+00
 1.12520496e+00
 1.11125428e+00
 1.10282104e+00
 1.10000000e+00
 1.95416494e+00
 1.95350331e+00
 1.95129963e+00
 1.94717390e+00
 1.94089786e+00
 1.93233484e+00
 1.92129604e+00
 1.90752064e+00
 1.89072430e+00
 1.87060733e+00
 1.84681411e+00
 1.81907269e+00
 1.78740225e+00
 1.75193229e+00
 1.71303773e+00
 1.67130327e+00
 1.62714995e+00
 1.58116461e+00
 1.53403309e+00
 1.48631091e+00
 1.43867684e+00
 1.39189133e+00
 1.34684897e+00
 1.30423660e+00
 1.26452811e+00
 1.22815722e+00
 1.19555584e+00
 1.16715872e+00
 1.14337845e+00
 1.12456260e+00
 1.11096488e+00
 1.10274810e+00
 1.10000000e+00
 1.93984897e+00
 1.93884590e+00
 1.93590400e+00
 1.93110243e+00
 1.92438973e+00
 1.91559412e+00
 1.90446976e+00
 1.89072496e+00
 1.87405016e+00
 1.85413833e+00
 1.83070122e+00
 1.80353561e+00
 1.77260462e+00
 1.73803501e+00
 1.70013835e+00
 1.65936818e+00
 1.61620705e+00
 1.57122183e+00
 1.52504280e+00
 1.47829953e+00
 1.43167677e+00
 1.38591901e+00
 1.34178631e+00
 1.29993592e+00
 1.26090780e+00
 1.22518549e+00
 1.19322532e+00
 1.16545426e+00
 1.14224914e+00
 1.12391465e+00
 1.11067415e+00
 1.10267514e+00
 1.10000000e+00
 1.91946703e+00
 1.91845992e+00
 1.91548021e+00
 1.91060955e+00
 1.90385937e+00
 1.89509830e+00
 1.88408198e+00
 1.87051682e+00
 1.85410125e+00
 1.83454872e+00
 1.81161157e+00
 1.78512160e+00
 1.75503631e+00
 1.72146285e+00
 1.68466374e+00
 1.64503018e+00
 1.60303723e+00
 1.55923583e+00
 1.51423597e+00
 1.46868272e+00
 1.42325959e+00
 1.37867830e+00
 1.33563868e+00
 1.29477816e+00
 1.25666006e+00
 1.22179150e+00
 1.19063418e+00
 1.16359973e+00
 1.14103734e+00
 1.12322435e+00
 1.11036529e+00
 1.10259768e+00
 1.10000000e+00
 1.89196319e+00
 1.89122528e+00
 1.88891935e+00
 1.88483008e+00
 1.87873741e+00
 1.87046413e+00
 1.85983599e+00
 1.84664425e+00
 1.83065043e+00
 1.81161352e+00
 1.78932317e+00
 1.76363712e+00
 1.73451788e+00
 1.70205777e+00
 1.66648580e+00
 1.62815419e+00
 1.58751414e+00
 1.54509713e+00
 1.50149687e+00
 1.45735140e+00
 1.41333036e+00
 1.37011613e+00
 1.32837435e+00
 1.28872596e+00
 1.25173593e+00
 1.21791408e+00
 1.18771507e+00
 1.16153329e+00
 1.13969658e+00
 1.12246342e+00
 1.11002530e+00
 1.10251246e+00
 1.10000000e+00
 1.86309116e+00
 1.86229738e+00
 1.85989510e+00
 1.85581084e+00
 1.84989816e+00
 1.84194697e+00
 1.83172530e+00
 1.81900566e+00
 1.80356542e+00
 1.78518997e+00
 1.76369379e+00
 1.73895256e+00
 1.71093469e+00
 1.67972361e+00
 1.64552603e+00
 1.60866571e+00
 1.56956793e+00
 1.52874137e+00
 1.48675958e+00
 1.44424252e+00
 1.40183832e+00
 1.36020232e+00
 1.31997355e+00
 1.28175461e+00
 1.24609960e+00
 1.21350804e+00
 1.18442030e+00
 1.15921299e+00
 1.13819607e+00
 1.12161326e+00
 1.10964570e+00
 1.10241731e+00
 1.10000000e+00
 1.82960880e+00
 1.82889180e+00
 1.82669522e+00
 1.82288099e+00
 1.81725266e+00
 1.80961637e+00
 1.79979485e+00
 1.78759953e+00
 1.77281898e+00
 1.75524015e+00
 1.73468277e+00
 1.71103098e+00
 1.68425792e+00
 1.65444233e+00
 1.62177575e+00
 1.58655960e+00
 1.54919424e+00
 1.51016329e+00
 1.47001573e+00
 1.42934685e+00
 1.38877845e+00
 1.34893800e+00
 1.31043811e+00
 1.27385904e+00
 1.23973603e+00
 1.20855067e+00
 1.18072477e+00
 1.15661654e+00
 1.13651945e+00
 1.12066404e+00
 1.10922199e+00
 1.10231112e+00
 1.10000000e+00
 1.79415722e+00
 1.79337736e+00
 1.79097830e+00
 1.78687564e+00
 1.78105453e+00
 1.77349122e+00
 1.76404588e+00
 1.75247023e+00
 1.73848558e+00
 1.72184620e+00
 1.70236890e+00
 1.67994685e+00
 1.65456061e+00
 1.62628806e+00
 1.59531004e+00
 1.56190920e+00
 1.52646200e+00
 1.48942541e+00
 1.45132030e+00
 1.41271277e+00
 1.37419440e+00
 1.33636223e+00
 1.29979975e+00
 1.26506058e+00
 1.23265563e+00
 1.20304369e+00
 1.17662526e+00
 1.15373922e+00
 1.13466266e+00
 1.11961316e+00
 1.10875296e+00
 1.10219357e+00
 1.10000000e+00
 1.75358017e+00
 1.75249293e+00
 1.74951960e+00
 1.74518758e+00
 1.73972129e+00
 1.73292118e+00
 1.72439689e+00
 1.71378181e+00
 1.70079696e+00
 1.68523878e+00
 1.66696486e+00
 1.64589577e+00
 1.62202594e+00
 1.59543509e+00
 1.56629540e+00
 1.53487219e+00
 1.50151815e+00
 1.46666219e+00
 1.43079428e+00
 1.39444779e+00
 1.35818062e+00
 1.32255612e+00
 1.28812528e+00
 1.25541111e+00
 1.22489609e+00
 1.19701296e+00
 1.17213866e+00
 1.15059165e+00
 1.13263202e+00
 1.11846406e+00
 1.10824012e+00
 1.10206505e+00
 1.10000000e+00
 1.69568314e+00
 1.69603237e+00
 1.69653998e+00
 1.69605449e+00
 1.69363303e+00
 1.68887186e+00
 1.68171570e+00
 1.67218271e+00
 1.66024197e+00
 1.64581479e+00
 1.62881580e+00
 1.60919129e+00
 1.58694568e+00
 1.56215808e+00
 1.53499088e+00
 1.50569155e+00
 1.47458825e+00
 1.44208025e+00
 1.40862422e+00
 1.37471791e+00
 1.34088239e+00
 1.30764418e+00
 1.27551842e+00
 1.24499415e+00
 1.21652234e+00
 1.19050705e+00
 1.16729992e+00
 1.14719771e+00
 1.13044272e+00
 1.11722524e+00
 1.10768725e+00
 1.10192649e+00
 1.10000000e+00
 1.66164632e+00
 1.66082160e+00
 1.65852623e+00
 1.65507568e+00
 1.65057480e+00
 1.64484909e+00
 1.63759774e+00
 1.62853023e+00
 1.61741185e+00
 1.60406468e+00
 1.58836491e+00
 1.57024662e+00
 1.54970916e+00
 1.52682461e+00
 1.50174262e+00
 1.47469113e+00
 1.44597239e+00
 1.41595438e+00
 1.38505841e+00
 1.35374417e+00
 1.32249325e+00
 1.29179252e+00
 1.26211850e+00
 1.23392353e+00
 1.20762460e+00
 1.18359512e+00
 1.16215984e+00
 1.14359273e+00
 1.12811741e+00
 1.11590950e+00
 1.10710006e+00
 1.10177934e+00
 1.10000000e+00
 1.61652348e+00
 1.61564822e+00
 1.61314903e+00
 1.60932703e+00
 1.60445302e+00
 1.59858054e+00
 1.59152986e+00
 1.58300877e+00
 1.57273352e+00
 1.56048461e+00
 1.54611632e+00
 1.52955304e+00
 1.51078753e+00
 1.48988261e+00
 1.46697325e+00
 1.44226631e+00
 1.41603676e+00
 1.38861982e+00
 1.36039980e+00
 1.33179638e+00
 1.30324958e+00
 1.27520447e+00
 1.24809673e+00
 1.22233994e+00
 1.19831527e+00
 1.17636397e+00
 1.15678269e+00
 1.13982163e+00
 1.12568500e+00
 1.11453317e+00
 1.10648583e+00
 1.10162541e+00
 1.10000000e+00
 1.55916999e+00
 1.55898008e+00
 1.55825477e+00
 1.55662906e+00
 1.55374623e+00
 1.54939691e+00
 1.54349023e+00
 1.53595814e+00
 1.52670779e+00
 1.51563183e+00
 1.50263705e+00
 1.48766740e+00
 1.47071827e+00
 1.45184505e+00
 1.43116761e+00
 1.40887090e+00
 1.38520164e+00
 1.36046130e+00
 1.33499604e+00
 1.30918424e+00
 1.28342292e+00
 1.25811384e+00
 1.23365036e+00
 1.21040591e+00
 1.18872464e+00
 1.16891454e+00
 1.15124336e+00
 1.13593686e+00
 1.12317930e+00
 1.11311538e+00
 1.10585311e+00
 1.10146684e+00
 1.10000000e+00
 1.50943419e+00
 1.50918627e+00
 1.50835742e+00
 1.50674362e+00
 1.50411236e+00
 1.50026056e+00
 1.49503685e+00
 1.48833483e+00
 1.48007056e+00
 1.47016724e+00
 1.45855787e+00
 1.44519949e+00
 1.43008863e+00
 1.41327270e+00
 1.39485607e+00
 1.37500139e+00
 1.35392678e+00
 1.33189961e+00
 1.30922734e+00
 1.28624648e+00
 1.26331035e+00
 1.24077663e+00
 1.21899561e+00
 1.19829988e+00
 1.17899590e+00
 1.16135794e+00
 1.14562440e+00
 1.13199628e+00
 1.12063762e+00
 1.11167724e+00
 1.10521129e+00
 1.10130600e+00
 1.10000000e+00
 1.46328887e+00
 1.46276118e+00
 1.46126574e+00
 1.45895688e+00
 1.45588542e+00
 1.45196152e+00
 1.44702790e+00
 1.44093175e+00
 1.43354832e+00
 1.42477735e+00
 1.41454102e+00
 1.40279062e+00
 1.38951634e+00
 1.37475536e+00
 1.35859624e+00
 1.34117955e+00
 1.32269519e+00
 1.30337665e+00
 1.28349293e+00
 1.26333878e+00
 1.24322386e+00
 1.22346178e+00
 1.20435975e+00
 1.18620949e+00
 1.16927978e+00
 1.15381119e+00
 1.14001279e+00
 1.12806086e+00
 1.11809927e+00
 1.11024098e+00
 1.10457032e+00
 1.10114536e+00
 1.10000000e+00
 1.41347862e+00
 1.41319632e+00
 1.41226422e+00
 1.41051844e+00
 1.40785647e+00
 1.40426420e+00
 1.39974981e+00
 1.39428029e+00
 1.38777314e+00
 1.38012672e+00
 1.37125216e+00
 1.36109215e+00
 1.34962973e+00
 1.33689248e+00
 1.32295426e+00
 1.30793472e+00
 1.29199650e+00
 1.27534018e+00
 1.25819721e+00
 1.24082136e+00
 1.22347942e+00
 1.20644171e+00
 1.18997304e+00
 1.17432491e+00
 1.15972907e+00
 1.14639293e+00
 1.13449673e+00
 1.12419246e+00
 1.11560415e+00
 1.10882918e+00
 1.10394027e+00
 1.10098747e+00
 1.10000000e+00
 1.36790113e+00
 1.36747282e+00
 1.36619092e+00
 1.36408577e+00
 1.36124670e+00
 1.35777759e+00
 1.35370281e+00
 1.34894484e+00
 1.34337694e+00
 1.33687708e+00
 1.32935303e+00
 1.32074942e+00
 1.31104915e+00
 1.30027431e+00
 1.28848656e+00
 1.27578644e+00
 1.26231093e+00
 1.24822915e+00
 1.23373644e+00
 1.21904712e+00
 1.20438660e+00
 1.18998329e+00
 1.17606107e+00
 1.16283251e+00
 1.15049353e+00
 1.13921947e+00
 1.12916271e+00
 1.12045173e+00
 1.11319137e+00
 1.10746398e+00
 1.10333101e+00
 1.10083478e+00
 1.10000000e+00
 1.32394719e+00
 1.32318222e+00
 1.32116405e+00
 1.31850278e+00
 1.31566237e+00
 1.31270022e+00
 1.30941447e+00
 1.30558037e+00
 1.30104144e+00
 1.29569967e+00
 1.28949280e+00
 1.28238540e+00
 1.27436893e+00
 1.26546419e+00
 1.25572311e+00
 1.24522901e+00
 1.23409497e+00
 1.22246057e+00
 1.21048700e+00
 1.19835120e+00
 1.18623929e+00
 1.17433993e+00
 1.16283804e+00
 1.15190922e+00
 1.14171534e+00
 1.13240125e+00
 1.12409283e+00
 1.11689624e+00
 1.11089808e+00
 1.10616638e+00
 1.10275192e+00
 1.10068966e+00
 1.10000000e+00
 1.27133434e+00
 1.27135592e+00
 1.27143783e+00
 1.27143598e+00
 1.27098279e+00
 1.26978779e+00
 1.26777992e+00
 1.26499923e+00
 1.26148580e+00
 1.25725031e+00
 1.25228508e+00
 1.24658101e+00
 1.24014010e+00
 1.23298305e+00
 1.22515330e+00
 1.21671846e+00
 1.20776960e+00
 1.19841887e+00
 1.18879576e+00
 1.17904240e+00
 1.16930830e+00
 1.15974507e+00
 1.15050128e+00
 1.14171808e+00
 1.13352552e+00
 1.12604003e+00
 1.11936277e+00
 1.11357906e+00
 1.10875850e+00
 1.10495576e+00
 1.10221164e+00
 1.10055426e+00
 1.10000000e+00
 1.22460057e+00
 1.22577634e+00
 1.22833811e+00
 1.23056201e+00
 1.23154382e+00
 1.23127416e+00
 1.23002677e+00
 1.22802037e+00
 1.22536914e+00
 1.22211817e+00
 1.21827977e+00
 1.21385682e+00
 1.20885641e+00
 1.20329753e+00
 1.19721538e+00
 1.19066308e+00
 1.18371159e+00
 1.17644807e+00
 1.16897307e+00
 1.16139697e+00
 1.15383588e+00
 1.14640753e+00
 1.13922733e+00
 1.13240489e+00
 1.12604124e+00
 1.12022682e+00
 1.11504020e+00
 1.11054765e+00
 1.10680324e+00
 1.10384943e+00
 1.10171792e+00
 1.10043052e+00
 1.10000000e+00
 1.20485788e+00
 1.20395454e+00
 1.20201874e+00
 1.20025881e+00
 1.19901149e+00
 1.19795527e+00
 1.19673729e+00
 1.19517448e+00
 1.19319976e+00
 1.19079250e+00
 1.18794667e+00
 1.18466232e+00
 1.18094589e+00
 1.17681283e+00
 1.17229010e+00
 1.16741762e+00
 1.16224830e+00
 1.15684701e+00
 1.15128851e+00
 1.14565487e+00
 1.14003241e+00
 1.13450868e+00
 1.12916947e+00
 1.12409629e+00
 1.11936428e+00
 1.11504067e+00
 1.11118390e+00
 1.10784324e+00
 1.10505889e+00
 1.10286244e+00
 1.10127744e+00
 1.10032014e+00
 1.10000000e+00
 1.17527439e+00
 1.17480489e+00
 1.17350381e+00
 1.17182193e+00
 1.17029396e+00
 1.16906528e+00
 1.16796103e+00
 1.16676964e+00
 1.16535918e+00
 1.16366849e+00
 1.16167499e+00
 1.15937360e+00
 1.15676819e+00
 1.15386994e+00
 1.15069813e+00
 1.14728093e+00
 1.14365556e+00
 1.13986752e+00
 1.13596924e+00
 1.13201828e+00
 1.12807518e+00
 1.12420132e+00
 1.12045687e+00
 1.11689899e+00
 1.11358038e+00
 1.11054819e+00
 1.10784339e+00
 1.10550055e+00
 1.10354786e+00
 1.10200746e+00
 1.10089588e+00
 1.10022452e+00
 1.10000000e+00
 1.14704102e+00
 1.14694041e+00
 1.14665803e+00
 1.14615623e+00
 1.14544572e+00
 1.14466525e+00
 1.14389277e+00
 1.14308363e+00
 1.14215881e+00
 1.14106527e+00
 1.13977976e+00
 1.13829600e+00
 1.13661585e+00
 1.13474659e+00
 1.13270077e+00
 1.13049664e+00
 1.12815822e+00
 1.12571488e+00
 1.12320045e+00
 1.12065204e+00
 1.11810871e+00
 1.11561003e+00
 1.11319483e+00
 1.11089998e+00
 1.10875945e+00
 1.10680366e+00
 1.10505905e+00
 1.10354790e+00
 1.10228839e+00
 1.10129483e+00
 1.10057785e+00
 1.10014482e+00
 1.10000000e+00
 1.12510689e+00
 1.12533015e+00
 1.12572272e+00
 1.12587184e+00
 1.12567878e+00
 1.12529231e+00
 1.12485167e+00
 1.12438358e+00
 1.12385547e+00
 1.12323552e+00
 1.12250814e+00
 1.12166874e+00
 1.12071818e+00
 1.11966054e+00
 1.11850297e+00
 1.11725581e+00
 1.11593266e+00
 1.11455015e+00
 1.11312742e+00
 1.11168546e+00
 1.11024638e+00
 1.10883256e+00
 1.10746598e+00
 1.10616749e+00
 1.10495632e+00
 1.10384969e+00
 1.10286254e+00
 1.10200749e+00
 1.10129483e+00
 1.10073264e+00
 1.10032696e+00
 1.10008194e+00
 1.10000000e+00
 1.11051442e+00
 1.11074814e+00
 1.11120010e+00
 1.11145530e+00
 1.11144240e+00
 1.11128860e+00
 1.11109329e+00
 1.11088291e+00
 1.11064638e+00
 1.11036948e+00
 1.11004486e+00
 1.10967028e+00
 1.10924608e+00
 1.10877409e+00
 1.10825749e+00
 1.10770090e+00
 1.10711041e+00
 1.10649343e+00
 1.10585849e+00
 1.10521497e+00
 1.10457274e+00
 1.10394178e+00
 1.10333191e+00
 1.10275242e+00
 1.10221190e+00
 1.10171803e+00
 1.10127749e+00
 1.10089590e+00
 1.10057786e+00
 1.10032697e+00
 1.10014591e+00
 1.10003657e+00
 1.10000000e+00
 1.10250977e+00
 1.10266585e+00
 1.10281803e+00
 1.10287497e+00
 1.10286894e+00
 1.10282947e+00
 1.10278032e+00
 1.10272742e+00
 1.10266810e+00
 1.10259868e+00
 1.10251733e+00
 1.10242346e+00
 1.10231715e+00
 1.10219886e+00
 1.10206940e+00
 1.10192991e+00
 1.10178193e+00
 1.10162731e+00
 1.10146819e+00
 1.10130692e+00
 1.10114597e+00
 1.10098785e+00
 1.10083501e+00
 1.10068978e+00
 1.10055432e+00
 1.10043055e+00
 1.10032015e+00
 1.10022452e+00
 1.10014482e+00
 1.10008194e+00
 1.10003658e+00
 1.10000914e+00
 1.10000000e+00
 1.10000000e+00
 1.10000000e+00
 1.10000000e+00
 1.10000000e+00
 1.10000000e+00
 1.10000000e+00
 1.10000000e+00
 1.10000000e+00
 1.10000000e+00
 1.10000000e+00
 1.10000000e+00
 1.10000000e+00
 1.10000000e+00
 1.10000000e+00
 1.10000000e+00
 1.10000000e+00
 1.10000000e+00
 1.10000000e+00
 1.10000000e+00
 1.10000000e+00
 1.10000000e+00
 1.10000000e+00
 1.10000000e+00
 1.10000000e+00
 1.10000000e+00
 1.10000000e+00
 1.10000000e+00
 1.10000000e+00
 1.10000000e+00
 1.10000000e+00
 1.10000000e+00
 1.10000000e+00
 1.10000000e+00
