 1.29793300e+00
 1.29792376e+00
 1.29789652e+00
 1.29785226e+00
 1.29779188e+00
 1.29771527e+00
 1.29762014e+00
 1.29750250e+00
 1.29735370e+00
 1.29716602e+00
 1.29692611e+00
 1.29661863e+00
 1.29622835e+00
 1.29574179e+00
 1.29514556e+00
 1.29443077e+00
 1.29360306e+00
 1.29266554e+00
 1.29164183e+00
 1.29056342e+00
 1.28946001e+00
 1.28835459e+00
 1.28727232e+00
 1.28623254e+00
 1.28525656e+00
 1.28436082e+00
 1.28356180e+00
 1.28286920e+00
 1.28229040e+00
 1.28183295e+00
 1.28150249e+00
 1.28130280e+00
 1.28123600e+00
 1.29762976e+00
 1.29759490e+00
 1.29752589e+00
 1.29744987e+00
 1.29737016e+00
 1.29728301e+00
 1.29718227e+00
 1.29706130e+00
 1.29691044e+00
 1.29672108e+00
 1.29647985e+00
 1.29617142e+00
 1.29578063e+00
 1.29529402e+00
 1.29469838e+00
 1.29398525e+00
 1.29315970e+00
 1.29222558e+00
 1.29120598e+00
 1.29013187e+00
 1.28903266e+00
 1.28793164e+00
 1.28685382e+00
 1.28581911e+00
 1.28484900e+00
 1.28396098e+00
 1.28317272e+00
 1.28249697e+00
 1.28194619e+00
 1.28153507e+00
 1.28127507e+00
 1.28116354e+00
 1.28114956e+00
 1.29662897e+00
 1.29655627e+00
 1.29639742e+00
 1.29623826e+00
 1.29610479e+00
 1.29598759e+00
 1.29587062e+00
 1.29574006e+00
 1.29558318e+00
 1.29538905e+00
 1.29514404e+00
 1.29483295e+00
 1.29444078e+00
 1.29395413e+00
 1.29336042e+00
 1.29265214e+00
 1.29183315e+00
 1.29090902e+00
 1.28990144e+00
 1.28883999e+00
 1.28775322e+00
 1.28666520e+00
 1.28560064e+00
 1.28458090e+00
 1.28362823e+00
 1.28276298e+00
 1.28200652e+00
 1.28138020e+00
 1.28091056e+00
 1.28062997e+00
 1.28055723e+00
 1.28063999e+00
 1.28070689e+00
 1.29470526e+00
 1.29461885e+00
 1.29440991e+00
 1.29417897e+00
 1.29398545e+00
 1.29382972e+00
 1.29369007e+00
 1.29354557e+00
 1.29337951e+00
 1.29317826e+00
 1.29292766e+00
 1.29261270e+00
 1.29221869e+00
 1.29173243e+00
 1.29114231e+00
 1.29044190e+00
 1.28963394e+00
 1.28872574e+00
 1.28773731e+00
 1.28669613e+00
 1.28562961e+00
 1.28456254e+00
 1.28351962e+00
 1.28252396e+00
 1.28159939e+00
 1.28077012e+00
 1.28006313e+00
 1.27951037e+00
 1.27915249e+00
 1.27903000e+00
 1.27913603e+00
 1.27934427e+00
 1.27944791e+00
 1.29163662e+00
 1.29157024e+00
 1.29139852e+00
 1.29118357e+00
 1.29097938e+00
 1.29080374e+00
 1.29064626e+00
 1.29048816e+00
 1.29031193e+00
 1.29010256e+00
 1.28984561e+00
 1.28952642e+00
 1.28913079e+00
 1.28864597e+00
 1.28806146e+00
 1.28737184e+00
 1.28657927e+00
 1.28569214e+00
 1.28472883e+00
 1.28371442e+00
 1.28267508e+00
 1.28163592e+00
 1.28062195e+00
 1.27965790e+00
 1.27876954e+00
 1.27798450e+00
 1.27733407e+00
 1.27685419e+00
 1.27658120e+00
 1.27652952e+00
 1.27665029e+00
 1.27681825e+00
 1.27689439e+00
 1.28741434e+00
 1.28739320e+00
 1.28732445e+00
 1.28720750e+00
 1.28706023e+00
 1.28690408e+00
 1.28674666e+00
 1.28658194e+00
 1.28639796e+00
 1.28618147e+00
 1.28591884e+00
 1.28559619e+00
 1.28520004e+00
 1.28471840e+00
 1.28414190e+00
 1.28346601e+00
 1.28269277e+00
 1.28183098e+00
 1.28089748e+00
 1.27991505e+00
 1.27890847e+00
 1.27790275e+00
 1.27692316e+00
 1.27599547e+00
 1.27514662e+00
 1.27440521e+00
 1.27380098e+00
 1.27336052e+00
 1.27309452e+00
 1.27297827e+00
 1.27294943e+00
 1.27294590e+00
 1.27294454e+00
 1.28241093e+00
 1.28240826e+00
 1.28239247e+00
 1.28234754e+00
 1.28226481e+00
 1.28214892e+00
 1.28200874e+00
 1.28184751e+00
 1.28166110e+00
 1.28144059e+00
 1.28117456e+00
 1.28085047e+00
 1.28045594e+00
 1.27997992e+00
 1.27941417e+00
 1.27875496e+00
 1.27800448e+00
 1.27717140e+00
 1.27627116e+00
 1.27532445e+00
 1.27435457e+00
 1.27338589e+00
 1.27244349e+00
 1.27155306e+00
 1.27074083e+00
 1.27003262e+00
 1.26945056e+00
 1.26900595e+00
 1.26868994e+00
 1.26847270e+00
 1.26832190e+00
 1.26822579e+00
 1.26819175e+00
 1.27676530e+00
 1.27676360e+00
 1.27675492e+00
 1.27672963e+00
 1.27667644e+00
 1.27658907e+00
 1.27646811e+00
 1.27631617e+00
 1.27613272e+00
 1.27591254e+00
 1.27564672e+00
 1.27532446e+00
 1.27493461e+00
 1.27446729e+00
 1.27391532e+00
 1.27327572e+00
 1.27255086e+00
 1.27174903e+00
 1.27088437e+00
 1.26997567e+00
 1.26904461e+00
 1.26811441e+00
 1.26720912e+00
 1.26635297e+00
 1.26556947e+00
 1.26487918e+00
 1.26429586e+00
 1.26382222e+00
 1.26344949e+00
 1.26316494e+00
 1.26296160e+00
 1.26283918e+00
 1.26279838e+00
 1.27045878e+00
 1.27045570e+00
 1.27044374e+00
 1.27041620e+00
 1.27036545e+00
 1.27028571e+00
 1.27017434e+00
 1.27003069e+00
 1.26985332e+00
 1.26963782e+00
 1.26937669e+00
 1.26906043e+00
 1.26867914e+00
 1.26822408e+00
 1.26768910e+00
 1.26707191e+00
 1.26637503e+00
 1.26560628e+00
 1.26477852e+00
 1.26390880e+00
 1.26301705e+00
 1.26212479e+00
 1.26125419e+00
 1.26042700e+00
 1.25966300e+00
 1.25897778e+00
 1.25838043e+00
 1.25787289e+00
 1.25745284e+00
 1.25711865e+00
 1.25687259e+00
 1.25672049e+00
 1.25666882e+00
 1.26352510e+00
 1.26351584e+00
 1.26348826e+00
 1.26344232e+00
 1.26337700e+00
 1.26329022e+00
 1.26317935e+00
 1.26304129e+00
 1.26287192e+00
 1.26266535e+00
 1.26241381e+00
 1.26210835e+00
 1.26173998e+00
 1.26130102e+00
 1.26078627e+00
 1.26019408e+00
 1.25952711e+00
 1.25879263e+00
 1.25800233e+00
 1.25717159e+00
 1.25631841e+00
 1.25546226e+00
 1.25462297e+00
 1.25381942e+00
 1.25306810e+00
 1.25238165e+00
 1.25176826e+00
 1.25123275e+00
 1.25077923e+00
 1.25041347e+00
 1.25014341e+00
 1.24997733e+00
 1.24992126e+00
 1.25592424e+00
 1.25591070e+00
 1.25587170e+00
 1.25581127e+00
 1.25573364e+00
 1.25564089e+00
 1.25553176e+00
 1.25540191e+00
 1.25524478e+00
 1.25505237e+00
 1.25481587e+00
 1.25452631e+00
 1.25417538e+00
 1.25375634e+00
 1.25326491e+00
 1.25270005e+00
 1.25206452e+00
 1.25136508e+00
 1.25061229e+00
 1.24981992e+00
 1.24900402e+00
 1.24818190e+00
 1.24737100e+00
 1.24658772e+00
 1.24584639e+00
 1.24515869e+00
 1.24453395e+00
 1.24398042e+00
 1.24350686e+00
 1.24312314e+00
 1.24283952e+00
 1.24266514e+00
 1.24260627e+00
 1.24763619e+00
 1.24762279e+00
 1.24758485e+00
 1.24752787e+00
 1.24745745e+00
 1.24737637e+00
 1.24728320e+00
 1.24717251e+00
 1.24703623e+00
 1.24686506e+00
 1.24664958e+00
 1.24638099e+00
 1.24605175e+00
 1.24565610e+00
 1.24519070e+00
 1.24465512e+00
 1.24405222e+00
 1.24338829e+00
 1.24267284e+00
 1.24191811e+00
 1.24113833e+00
 1.24034876e+00
 1.23956479e+00
 1.23880107e+00
 1.23807086e+00
 1.23738604e+00
 1.23675756e+00
 1.23619634e+00
 1.23571385e+00
 1.23532197e+00
 1.23503212e+00
 1.23485389e+00
 1.23479373e+00
 1.23868617e+00
 1.23868023e+00
 1.23866324e+00
 1.23863701e+00
 1.23860273e+00
 1.23855942e+00
 1.23850308e+00
 1.23842693e+00
 1.23832236e+00
 1.23818011e+00
 1.23799127e+00
 1.23774797e+00
 1.23744380e+00
 1.23707423e+00
 1.23663692e+00
 1.23613206e+00
 1.23556265e+00
 1.23493453e+00
 1.23425626e+00
 1.23353872e+00
 1.23279446e+00
 1.23203705e+00
 1.23128031e+00
 1.23053777e+00
 1.22982235e+00
 1.22914654e+00
 1.22852270e+00
 1.22796352e+00
 1.22748200e+00
 1.22709096e+00
 1.22680205e+00
 1.22662465e+00
 1.22656481e+00
 1.22922037e+00
 1.22922631e+00
 1.22924241e+00
 1.22926396e+00
 1.22928440e+00
 1.22929613e+00
 1.22929089e+00
 1.22925994e+00
 1.22919446e+00
 1.22908603e+00
 1.22892711e+00
 1.22871141e+00
 1.22843412e+00
 1.22809208e+00
 1.22768400e+00
 1.22721072e+00
 1.22667531e+00
 1.22608324e+00
 1.22544219e+00
 1.22476181e+00
 1.22405327e+00
 1.22332875e+00
 1.22260094e+00
 1.22188271e+00
 1.22118696e+00
 1.22052673e+00
 1.21991535e+00
 1.21936645e+00
 1.21889368e+00
 1.21851003e+00
 1.21822691e+00
 1.21805326e+00
 1.21799472e+00
 1.21947779e+00
 1.21949303e+00
 1.21953572e+00
 1.21959751e+00
 1.21966648e+00
 1.21972924e+00
 1.21977276e+00
 1.21978548e+00
 1.21975778e+00
 1.21968193e+00
 1.21955185e+00
 1.21936298e+00
 1.21911213e+00
 1.21879748e+00
 1.21841872e+00
 1.21797717e+00
 1.21747598e+00
 1.21692016e+00
 1.21631659e+00
 1.21567384e+00
 1.21500190e+00
 1.21431185e+00
 1.21361555e+00
 1.21292542e+00
 1.21225439e+00
 1.21161582e+00
 1.21102351e+00
 1.21049142e+00
 1.21003323e+00
 1.20966165e+00
 1.20938764e+00
 1.20921965e+00
 1.20916305e+00
 1.20964366e+00
 1.20966454e+00
 1.20972362e+00
 1.20981070e+00
 1.20991074e+00
 1.21000676e+00
 1.21008273e+00
 1.21012534e+00
 1.21012450e+00
 1.21007294e+00
 1.20996567e+00
 1.20979940e+00
 1.20957217e+00
 1.20928317e+00
 1.20893275e+00
 1.20852252e+00
 1.20805546e+00
 1.20753609e+00
 1.20697050e+00
 1.20636625e+00
 1.20573229e+00
 1.20507877e+00
 1.20441686e+00
 1.20375861e+00
 1.20311687e+00
 1.20250509e+00
 1.20193713e+00
 1.20142688e+00
 1.20098770e+00
 1.20063181e+00
 1.20036958e+00
 1.20020892e+00
 1.20015481e+00
 1.19987286e+00
 1.19989590e+00
 1.19996032e+00
 1.20005377e+00
 1.20016003e+00
 1.20026232e+00
 1.20034526e+00
 1.20039595e+00
 1.20040452e+00
 1.20036399e+00
 1.20026983e+00
 1.20011935e+00
 1.19991116e+00
 1.19964490e+00
 1.19932111e+00
 1.19894132e+00
 1.19850817e+00
 1.19802552e+00
 1.19749858e+00
 1.19693396e+00
 1.19633961e+00
 1.19572481e+00
 1.19510007e+00
 1.19447704e+00
 1.19386833e+00
 1.19328727e+00
 1.19274757e+00
 1.19226279e+00
 1.19184579e+00
 1.19150817e+00
 1.19125960e+00
 1.19110741e+00
 1.19105616e+00
 1.19031793e+00
 1.19033304e+00
 1.19037660e+00
 1.19044277e+00
 1.19052138e+00
 1.19059920e+00
 1.19066236e+00
 1.19069861e+00
 1.19069830e+00
 1.19065456e+00
 1.19056290e+00
 1.19042063e+00
 1.19022633e+00
 1.18997948e+00
 1.18968037e+00
 1.18933008e+00
 1.18893061e+00
 1.18848502e+00
 1.18799759e+00
 1.18747388e+00
 1.18692084e+00
 1.18634686e+00
 1.18576172e+00
 1.18517655e+00
 1.18460362e+00
 1.18405598e+00
 1.18354702e+00
 1.18308989e+00
 1.18269693e+00
 1.18237904e+00
 1.18214524e+00
 1.18200222e+00
 1.18195409e+00
 1.18091627e+00
 1.18092630e+00
 1.18095439e+00
 1.18099515e+00
 1.18104087e+00
 1.18108265e+00
 1.18111123e+00
 1.18111787e+00
 1.18109503e+00
 1.18103678e+00
 1.18093886e+00
 1.18079838e+00
 1.18061353e+00
 1.18038326e+00
 1.18010721e+00
 1.17978570e+00
 1.17941989e+00
 1.17901189e+00
 1.17856492e+00
 1.17808348e+00
 1.17757343e+00
 1.17704215e+00
 1.17649859e+00
 1.17595320e+00
 1.17541778e+00
 1.17490502e+00
 1.17442794e+00
 1.17399926e+00
 1.17363075e+00
 1.17333273e+00
 1.17311362e+00
 1.17297962e+00
 1.17293453e+00
 1.17175439e+00
 1.17175694e+00
 1.17176343e+00
 1.17177094e+00
 1.17177565e+00
 1.17177335e+00
 1.17175935e+00
 1.17172856e+00
 1.17167586e+00
 1.17159667e+00
 1.17148722e+00
 1.17134458e+00
 1.17116646e+00
 1.17095110e+00
 1.17069724e+00
 1.17040429e+00
 1.17007240e+00
 1.16970267e+00
 1.16929723e+00
 1.16885943e+00
 1.16839396e+00
 1.16790706e+00
 1.16740663e+00
 1.16690231e+00
 1.16640527e+00
 1.16592780e+00
 1.16548259e+00
 1.16508203e+00
 1.16473748e+00
 1.16445877e+00
 1.16425382e+00
 1.16412847e+00
 1.16408628e+00
 1.16287577e+00
 1.16286823e+00
 1.16284697e+00
 1.16281504e+00
 1.16277497e+00
 1.16272730e+00
 1.16267053e+00
 1.16260190e+00
 1.16251829e+00
 1.16241670e+00
 1.16229433e+00
 1.16214848e+00
 1.16197647e+00
 1.16177575e+00
 1.16154416e+00
 1.16128007e+00
 1.16098266e+00
 1.16065199e+00
 1.16028914e+00
 1.15989629e+00
 1.15947689e+00
 1.15903587e+00
 1.15857989e+00
 1.15811748e+00
 1.15765902e+00
 1.15721635e+00
 1.15680202e+00
 1.15642833e+00
 1.15610652e+00
 1.15584614e+00
 1.15565472e+00
 1.15553769e+00
 1.15549832e+00
 1.15424021e+00
 1.15422902e+00
 1.15419661e+00
 1.15414585e+00
 1.15407996e+00
 1.15400136e+00
 1.15391143e+00
 1.15381082e+00
 1.15369981e+00
 1.15357813e+00
 1.15344462e+00
 1.15329708e+00
 1.15313249e+00
 1.15294753e+00
 1.15273907e+00
 1.15250457e+00
 1.15224230e+00
 1.15195142e+00
 1.15163204e+00
 1.15128527e+00
 1.15091328e+00
 1.15051958e+00
 1.15010929e+00
 1.14968951e+00
 1.14926948e+00
 1.14886048e+00
 1.14847500e+00
 1.14812569e+00
 1.14782412e+00
 1.14757996e+00
 1.14740059e+00
 1.14729106e+00
 1.14725424e+00
 1.14595814e+00
 1.14594684e+00
 1.14591274e+00
 1.14585563e+00
 1.14577624e+00
 1.14567675e+00
 1.14556091e+00
 1.14543357e+00
 1.14529951e+00
 1.14516184e+00
 1.14502110e+00
 1.14487536e+00
 1.14472100e+00
 1.14455383e+00
 1.14436986e+00
 1.14416577e+00
 1.14393914e+00
 1.14368844e+00
 1.14341303e+00
 1.14311307e+00
 1.14278956e+00
 1.14244452e+00
 1.14208131e+00
 1.14170512e+00
 1.14132356e+00
 1.14094686e+00
 1.14058748e+00
 1.14025876e+00
 1.13997322e+00
 1.13974123e+00
 1.13957047e+00
 1.13946608e+00
 1.13943097e+00
 1.13818978e+00
 1.13817658e+00
 1.13813641e+00
 1.13806791e+00
 1.13797040e+00
 1.13784641e+00
 1.13770289e+00
 1.13754970e+00
 1.13739606e+00
 1.13724755e+00
 1.13710511e+00
 1.13696600e+00
 1.13682553e+00
 1.13667857e+00
 1.13652042e+00
 1.13634728e+00
 1.13615632e+00
 1.13594560e+00
 1.13571397e+00
 1.13546088e+00
 1.13518638e+00
 1.13489109e+00
 1.13457651e+00
 1.13424554e+00
 1.13390335e+00
 1.13355826e+00
 1.13322213e+00
 1.13290936e+00
 1.13263454e+00
 1.13241001e+00
 1.13224452e+00
 1.13214336e+00
 1.13210934e+00
 1.13104410e+00
 1.13102731e+00
 1.13097484e+00
 1.13088327e+00
 1.13075308e+00
 1.13059176e+00
 1.13041327e+00
 1.13023365e+00
 1.13006511e+00
 1.12991281e+00
 1.12977564e+00
 1.12964873e+00
 1.12952593e+00
 1.12940131e+00
 1.12926981e+00
 1.12912751e+00
 1.12897148e+00
 1.12879968e+00
 1.12861071e+00
 1.12840362e+00
 1.12817776e+00
 1.12793267e+00
 1.12766818e+00
 1.12738475e+00
 1.12708437e+00
 1.12677207e+00
 1.12645758e+00
 1.12615570e+00
 1.12588408e+00
 1.12565906e+00
 1.12549254e+00
 1.12539112e+00
 1.12535718e+00
 1.12462684e+00
 1.12459765e+00
 1.12451157e+00
 1.12437222e+00
 1.12418722e+00
 1.12397331e+00
 1.12375480e+00
 1.12355313e+00
 1.12337899e+00
 1.12323272e+00
 1.12310869e+00
 1.12299932e+00
 1.12289723e+00
 1.12279619e+00
 1.12269127e+00
 1.12257878e+00
 1.12245602e+00
 1.12232108e+00
 1.12217256e+00
 1.12200940e+00
 1.12183057e+00
 1.12163498e+00
 1.12142125e+00
 1.12118778e+00
 1.12093326e+00
 1.12065810e+00
 1.12036720e+00
 1.12007310e+00
 1.11979629e+00
 1.11955954e+00
 1.11938024e+00
 1.11926863e+00
 1.11923067e+00
 1.11891690e+00
 1.11887905e+00
 1.11876194e+00
 1.11856467e+00
 1.11830780e+00
 1.11803344e+00
 1.11778185e+00
 1.11757320e+00
 1.11740859e+00
 1.11727971e+00
 1.11717604e+00
 1.11708810e+00
 1.11700828e+00
 1.11693075e+00
 1.11685120e+00
 1.11676649e+00
 1.11667437e+00
 1.11657323e+00
 1.11646186e+00
 1.11633926e+00
 1.11620439e+00
 1.11605592e+00
 1.11589195e+00
 1.11570972e+00
 1.11550544e+00
 1.11527492e+00
 1.11501578e+00
 1.11473275e+00
 1.11444443e+00
 1.11418392e+00
 1.11398520e+00
 1.11386585e+00
 1.11382676e+00
 1.11408821e+00
 1.11401772e+00
 1.11380837e+00
 1.11348994e+00
 1.11313301e+00
 1.11280896e+00
 1.11255205e+00
 1.11236201e+00
 1.11222402e+00
 1.11212204e+00
 1.11204324e+00
 1.11197822e+00
 1.11192034e+00
 1.11186483e+00
 1.11180832e+00
 1.11174843e+00
 1.11168344e+00
 1.11161214e+00
 1.11153361e+00
 1.11144704e+00
 1.11135156e+00
 1.11124596e+00
 1.11112843e+00
 1.11099606e+00
 1.11084424e+00
 1.11066613e+00
 1.11045289e+00
 1.11019686e+00
 1.10990094e+00
 1.10959263e+00
 1.10932540e+00
 1.10915135e+00
 1.10909272e+00
 1.11006807e+00
 1.10992215e+00
 1.10954641e+00
 1.10908426e+00
 1.10866766e+00
 1.10835370e+00
 1.10813702e+00
 1.10799113e+00
 1.10789146e+00
 1.10782063e+00
 1.10776727e+00
 1.10772401e+00
 1.10768594e+00
 1.10764970e+00
 1.10761298e+00
 1.10757416e+00
 1.10753210e+00
 1.10748598e+00
 1.10743516e+00
 1.10737910e+00
 1.10731717e+00
 1.10724849e+00
 1.10717168e+00
 1.10708442e+00
 1.10698278e+00
 1.10686017e+00
 1.10670591e+00
 1.10650440e+00
 1.10623879e+00
 1.10590722e+00
 1.10555195e+00
 1.10526818e+00
 1.10515879e+00
 1.10635112e+00
 1.10617954e+00
 1.10576820e+00
 1.10532642e+00
 1.10498565e+00
 1.10476006e+00
 1.10461770e+00
 1.10452711e+00
 1.10446731e+00
 1.10442570e+00
 1.10439477e+00
 1.10436990e+00
 1.10434815e+00
 1.10432752e+00
 1.10430667e+00
 1.10428465e+00
 1.10426082e+00
 1.10423468e+00
 1.10420589e+00
 1.10417410e+00
 1.10413896e+00
 1.10409994e+00
 1.10405619e+00
 1.10400627e+00
 1.10394764e+00
 1.10387580e+00
 1.10378275e+00
 1.10365465e+00
 1.10347020e+00
 1.10320773e+00
 1.10287824e+00
 1.10257603e+00
 1.10245069e+00
 1.10309798e+00
 1.10296419e+00
 1.10268094e+00
 1.10242127e+00
 1.10224196e+00
 1.10213076e+00
 1.10206329e+00
 1.10202135e+00
 1.10199404e+00
 1.10197520e+00
 1.10196127e+00
 1.10195009e+00
 1.10194037e+00
 1.10193113e+00
 1.10192181e+00
 1.10191198e+00
 1.10190134e+00
 1.10188967e+00
 1.10187681e+00
 1.10186262e+00
 1.10184692e+00
 1.10182947e+00
 1.10180990e+00
 1.10178752e+00
 1.10176116e+00
 1.10172866e+00
 1.10168605e+00
 1.10162607e+00
 1.10153624e+00
 1.10139972e+00
 1.10120812e+00
 1.10100219e+00
 1.10090546e+00
 1.10082165e+00
 1.10076895e+00
 1.10068072e+00
 1.10060984e+00
 1.10056290e+00
 1.10053439e+00
 1.10051723e+00
 1.10050663e+00
 1.10049975e+00
 1.10049502e+00
 1.10049151e+00
 1.10048869e+00
 1.10048627e+00
 1.10048395e+00
 1.10048161e+00
 1.10047915e+00
 1.10047649e+00
 1.10047356e+00
 1.10047034e+00
 1.10046678e+00
 1.10046284e+00
 1.10045847e+00
 1.10045356e+00
 1.10044795e+00
 1.10044133e+00
 1.10043315e+00
 1.10042241e+00
 1.10040720e+00
 1.10038422e+00
 1.10034859e+00
 1.10029642e+00
 1.10023253e+00
 1.10019461e+00
 1.10000000e+00
 1.10000000e+00
 1.10000000e+00
 1.10000000e+00
 1.09999997e+00
 1.10000000e+00
 1.10000001e+00
 1.10000000e+00
 1.10000001e+00
 1.10000001e+00
 1.10000000e+00
 1.09999998e+00
 1.10000001e+00
 1.10000000e+00
 1.09999999e+00
 1.10000000e+00
 1.10000001e+00
 1.10000001e+00
 1.10000000e+00
 1.10000000e+00
 1.10000000e+00
 1.10000000e+00
 1.10000000e+00
 1.10000000e+00
 1.10000000e+00
 1.10000000e+00
 1.10000000e+00
 1.10000000e+00
 1.10000000e+00
 1.10000000e+00
 1.10000000e+00
 1.10000000e+00
 1.10000000e+00
