 3.05655500e+00
 3.06021104e+00
 3.07279170e+00
 3.09875313e+00
 3.14394141e+00
 3.21060425e+00
 3.28852953e+00
 3.35979538e+00
 3.41201446e+00
 3.44246928e+00
 3.45230500e+00
 3.05717953e+00
 3.06086191e+00
 3.07339046e+00
 3.09909302e+00
 3.14371736e+00
 3.20927434e+00
 3.28600326e+00
 3.35644384e+00
 3.40826599e+00
 3.43853088e+00
 3.44836150e+00
 3.05905673e+00
 3.06277106e+00
 3.07520636e+00
 3.10029549e+00
 3.14331268e+00
 3.20583082e+00
 3.27905127e+00
 3.34679048e+00
 3.39704504e+00
 3.42651627e+00
 3.43611227e+00
 3.06146986e+00
 3.06525066e+00
 3.07772544e+00
 3.10220884e+00
 3.14305127e+00
 3.20123640e+00
 3.26891180e+00
 3.33172602e+00
 3.37861628e+00
 3.40616364e+00
 3.41509907e+00
 3.06204829e+00
 3.06608501e+00
 3.07898767e+00
 3.10326348e+00
 3.14208431e+00
 3.19550025e+00
 3.25627956e+00
 3.31214588e+00
 3.35373085e+00
 3.37816551e+00
 3.38611228e+00
 3.05851439e+00
 3.06280005e+00
 3.07634998e+00
 3.10096980e+00
 3.13843009e+00
 3.18747385e+00
 3.24105877e+00
 3.28890151e+00
 3.32378798e+00
 3.34394289e+00
 3.35041151e+00
 3.04926452e+00
 3.05400953e+00
 3.06866248e+00
 3.09422461e+00
 3.13108099e+00
 3.17655938e+00
 3.22352930e+00
 3.26344880e+00
 3.29135201e+00
 3.30700142e+00
 3.31197968e+00
 3.03688661e+00
 3.04215507e+00
 3.05808356e+00
 3.08484906e+00
 3.12155112e+00
 3.16420604e+00
 3.20555097e+00
 3.23850327e+00
 3.26000213e+00
 3.27107443e+00
 3.27431700e+00
 3.02588888e+00
 3.03155401e+00
 3.04843809e+00
 3.07619793e+00
 3.11280592e+00
 3.15321630e+00
 3.19013200e+00
 3.21763813e+00
 3.23426516e+00
 3.24229566e+00
 3.24449144e+00
 3.01941992e+00
 3.02488236e+00
 3.04223692e+00
 3.07062749e+00
 3.10707606e+00
 3.14592514e+00
 3.17991961e+00
 3.20391783e+00
 3.21733870e+00
 3.22374608e+00
 3.22653710e+00
 3.01635300e+00
 3.02235121e+00
 3.04017431e+00
 3.06877652e+00
 3.10514121e+00
 3.14341132e+00
 3.17637974e+00
 3.19915337e+00
 3.21142185e+00
 3.21631408e+00
 3.21743000e+00
