 1.85523000e-01
 1.86097828e-01
 1.88274781e-01
 1.93149804e-01
 2.01710947e-01
 2.13692909e-01
 2.26534252e-01
 2.38011545e-01
 2.56351311e-01
 2.76669171e-01
 2.97556380e-01
 3.29405416e-01
 3.75445259e-01
 4.06364144e-01
 4.47276203e-01
 4.94406973e-01
 5.39998242e-01
 5.79845088e-01
 6.28846761e-01
 6.83325009e-01
 7.29670526e-01
 7.89928592e-01
 8.28405604e-01
 8.80848019e-01
 9.26390127e-01
 9.58777556e-01
 9.91149628e-01
 1.02489022e+00
 1.05340559e+00
 1.07485722e+00
 1.08926921e+00
 1.09739475e+00
 1.10000000e+00
 1.85633638e-01
 1.86029713e-01
 1.87931201e-01
 1.92593442e-01
 2.00889901e-01
 2.12591045e-01
 2.25321323e-01
 2.37295898e-01
 2.55454731e-01
 2.75824656e-01
 2.97161332e-01
 3.29074630e-01
 3.74005401e-01
 4.05825902e-01
 4.46665663e-01
 4.93593800e-01
 5.39151201e-01
 5.79629315e-01
 6.28656334e-01
 6.82723026e-01
 7.29877596e-01
 7.88908162e-01
 8.28806824e-01
 8.80449038e-01
 9.25785630e-01
 9.58908943e-01
 9.91580011e-01
 1.02495001e+00
 1.05324287e+00
 1.07458105e+00
 1.08905017e+00
 1.09728363e+00
 1.10000000e+00
 1.84882429e-01
 1.85129026e-01
 1.86615047e-01
 1.90781510e-01
 1.98451353e-01
 2.09449730e-01
 2.21966808e-01
 2.35034910e-01
 2.52880790e-01
 2.73409679e-01
 2.95902292e-01
 3.27874168e-01
 3.70149057e-01
 4.04087973e-01
 4.44854336e-01
 4.91244031e-01
 5.36780466e-01
 5.78894862e-01
 6.28004354e-01
 6.81162691e-01
 7.30127123e-01
 7.86406597e-01
 8.29544105e-01
 8.79425953e-01
 9.24241670e-01
 9.59180817e-01
 9.92584892e-01
 1.02514100e+00
 1.05284788e+00
 1.07396501e+00
 1.08858989e+00
 1.09713848e+00
 1.10000000e+00
 1.80872876e-01
 1.81287650e-01
 1.83011154e-01
 1.87121176e-01
 1.94352423e-01
 2.04660552e-01
 2.17044938e-01
 2.31134886e-01
 2.48888475e-01
 2.69714152e-01
 2.93602828e-01
 3.25443380e-01
 3.64864039e-01
 4.00984857e-01
 4.41890686e-01
 4.87616438e-01
 5.33291714e-01
 5.77459715e-01
 6.26754502e-01
 6.79107363e-01
 7.29762154e-01
 7.83489030e-01
 8.29777116e-01
 8.78092638e-01
 9.22350638e-01
 9.59333535e-01
 9.93596550e-01
 1.02541826e+00
 1.05245013e+00
 1.07339409e+00
 1.08820840e+00
 1.09704295e+00
 1.10000000e+00
 1.72344163e-01
 1.73298347e-01
 1.76225386e-01
 1.81274089e-01
 1.88691836e-01
 1.98682156e-01
 2.11060409e-01
 2.25825580e-01
 2.43779502e-01
 2.65054141e-01
 2.90136990e-01
 3.21686675e-01
 3.58980309e-01
 3.96614418e-01
 4.37876343e-01
 4.83085063e-01
 5.29120734e-01
 5.75219899e-01
 6.24870822e-01
 6.76837300e-01
 7.28520829e-01
 7.80793763e-01
 8.29126020e-01
 8.76634325e-01
 9.20591747e-01
 9.59190697e-01
 9.94223489e-01
 1.02565570e+00
 1.05221372e+00
 1.07306064e+00
 1.08800296e+00
 1.09699267e+00
 1.10000000e+00
 1.62898631e-01
 1.64437713e-01
 1.68502225e-01
 1.74354846e-01
 1.82029027e-01
 1.91961931e-01
 2.04418972e-01
 2.19596848e-01
 2.37904851e-01
 2.59702049e-01
 2.85602246e-01
 3.16869570e-01
 3.52931593e-01
 3.91363425e-01
 4.33045913e-01
 4.78051202e-01
 5.24615646e-01
 5.72267145e-01
 6.22447967e-01
 6.74415854e-01
 7.26607509e-01
 7.78390576e-01
 8.27775114e-01
 8.75119305e-01
 9.19112353e-01
 9.58757901e-01
 9.94390488e-01
 1.02575033e+00
 1.05210922e+00
 1.07291862e+00
 1.08791913e+00
 1.09697222e+00
 1.10000000e+00
 1.61503544e-01
 1.61944061e-01
 1.63842755e-01
 1.68133333e-01
 1.75189709e-01
 1.84994761e-01
 1.97549939e-01
 2.13009546e-01
 2.31681379e-01
 2.53955547e-01
 2.80355632e-01
 3.11461214e-01
 3.46945538e-01
 3.85737594e-01
 4.27790832e-01
 4.72890434e-01
 5.20053091e-01
 5.68870574e-01
 6.19673633e-01
 6.71880971e-01
 7.24375292e-01
 7.76173780e-01
 8.26098271e-01
 8.73609682e-01
 9.17854478e-01
 9.58143756e-01
 9.94215828e-01
 1.02567933e+00
 1.05202723e+00
 1.07284966e+00
 1.08788282e+00
 1.09696318e+00
 1.10000000e+00
 1.49913022e-01
 1.51136810e-01
 1.54671679e-01
 1.60327668e-01
 1.68114238e-01
 1.78225415e-01
 1.90950006e-01
 2.06617682e-01
 2.25581410e-01
 2.48217160e-01
 2.74922090e-01
 3.05991001e-01
 3.41268165e-01
 3.80237721e-01
 4.22590194e-01
 4.67958370e-01
 5.15702613e-01
 5.65387426e-01
 6.16804166e-01
 6.69360010e-01
 7.22127619e-01
 7.74129006e-01
 8.24404890e-01
 8.72193703e-01
 9.16755442e-01
 9.57467291e-01
 9.93861192e-01
 1.02548592e+00
 1.05190955e+00
 1.07278177e+00
 1.08785190e+00
 1.09695550e+00
 1.10000000e+00
 1.43621960e-01
 1.44985386e-01
 1.48818066e-01
 1.54684172e-01
 1.62487252e-01
 1.72523936e-01
 1.85220657e-01
 2.00968828e-01
 2.20115626e-01
 2.42989484e-01
 2.69888743e-01
 3.00995835e-01
 3.36242316e-01
 3.75334015e-01
 4.17928461e-01
 4.63612777e-01
 5.11863508e-01
 5.62194455e-01
 6.14145389e-01
 6.67066955e-01
 7.20109935e-01
 7.72355186e-01
 8.22910316e-01
 8.70974639e-01
 9.15825154e-01
 9.56833688e-01
 9.93464539e-01
 1.02524447e+00
 1.05176583e+00
 1.07270324e+00
 1.08781725e+00
 1.09694684e+00
 1.10000000e+00
 1.47072971e-01
 1.47431063e-01
 1.48969034e-01
 1.52604120e-01
 1.58982146e-01
 1.68348914e-01
 1.80818748e-01
 1.96557584e-01
 2.15802354e-01
 2.38817929e-01
 2.65840290e-01
 2.97006138e-01
 3.32285027e-01
 3.71474815e-01
 4.14256965e-01
 4.60218551e-01
 5.08863640e-01
 5.59659336e-01
 6.12025141e-01
 6.65262101e-01
 7.18549027e-01
 7.71009374e-01
 8.21781542e-01
 8.70063941e-01
 9.15130876e-01
 9.56340615e-01
 9.93134587e-01
 1.02503304e+00
 1.05163727e+00
 1.07263268e+00
 1.08778613e+00
 1.09693907e+00
 1.10000000e+00
 1.38854266e-01
 1.39942639e-01
 1.43106784e-01
 1.48255456e-01
 1.55555340e-01
 1.65351076e-01
 1.77999085e-01
 1.93827375e-01
 2.13146810e-01
 2.36239466e-01
 2.63327041e-01
 2.94531372e-01
 3.29838581e-01
 3.69087854e-01
 4.11987793e-01
 4.58136337e-01
 5.07039192e-01
 5.58129423e-01
 6.10766007e-01
 6.64216962e-01
 7.17668501e-01
 7.70267216e-01
 8.21169442e-01
 8.69578415e-01
 9.14765574e-01
 9.56081405e-01
 9.92959912e-01
 1.02492046e+00
 1.05156873e+00
 1.07259507e+00
 1.08776954e+00
 1.09693492e+00
 1.10000000e+00
 1.36049560e-01
 1.37210242e-01
 1.40690445e-01
 1.46432526e-01
 1.54361339e-01
 1.64576816e-01
 1.77412917e-01
 1.93303035e-01
 2.12645278e-01
 2.35753024e-01
 2.62846160e-01
 2.94040082e-01
 3.29327977e-01
 3.68569351e-01
 4.11492311e-01
 4.57705056e-01
 5.06710752e-01
 5.57921365e-01
 6.10664690e-01
 6.64189419e-01
 7.17682605e-01
 7.70302635e-01
 8.21217058e-01
 8.69634486e-01
 9.14826715e-01
 9.56142338e-01
 9.93014325e-01
 1.02496347e+00
 1.05159845e+00
 1.07261246e+00
 1.08777740e+00
 1.09693690e+00
 1.10000000e+00
 1.42147563e-01
 1.43162794e-01
 1.46109616e-01
 1.50924288e-01
 1.57848917e-01
 1.67321362e-01
 1.79751972e-01
 1.95464472e-01
 2.14731436e-01
 2.37790057e-01
 2.64824930e-01
 2.95939466e-01
 3.31129656e-01
 3.70266894e-01
 4.13092680e-01
 4.59223491e-01
 5.08161707e-01
 5.59308560e-01
 6.11976840e-01
 6.65405762e-01
 7.18782932e-01
 7.71273986e-01
 8.22054720e-01
 8.70339666e-01
 9.15403996e-01
 9.56598459e-01
 9.93358305e-01
 1.02520716e+00
 1.05175660e+00
 1.07270223e+00
 1.08781752e+00
 1.09694695e+00
 1.10000000e+00
 1.53268257e-01
 1.53404659e-01
 1.54402091e-01
 1.57438543e-01
 1.63355440e-01
 1.72446550e-01
 1.84784078e-01
 2.00476735e-01
 2.19709922e-01
 2.42693869e-01
 2.69607798e-01
 3.00558083e-01
 3.35548427e-01
 3.74460854e-01
 4.17047548e-01
 4.62932436e-01
 5.11619946e-01
 5.62508155e-01
 6.14904842e-01
 6.68047015e-01
 7.21125198e-01
 7.73311845e-01
 8.23790720e-01
 8.71783525e-01
 9.16571303e-01
 9.57509756e-01
 9.94038607e-01
 1.02568556e+00
 1.05206568e+00
 1.07287726e+00
 1.08789565e+00
 1.09696654e+00
 1.10000000e+00
 1.45109175e-01
 1.47093444e-01
 1.52411823e-01
 1.59874383e-01
 1.68869283e-01
 1.79609371e-01
 1.92674896e-01
 2.08620798e-01
 2.27871247e-01
 2.50740225e-01
 2.77450969e-01
 3.08131424e-01
 3.42799006e-01
 3.81346727e-01
 4.23536172e-01
 4.68998546e-01
 5.17242820e-01
 5.67669341e-01
 6.19587682e-01
 6.72238382e-01
 7.24818304e-01
 7.76508477e-01
 8.26502054e-01
 8.74029751e-01
 9.18380727e-01
 9.58917849e-01
 9.95087107e-01
 1.02642157e+00
 1.05254066e+00
 1.07314609e+00
 1.08801564e+00
 1.09699661e+00
 1.10000000e+00
 1.70079507e-01
 1.70364380e-01
 1.71802273e-01
 1.75513810e-01
 1.82185771e-01
 1.91915335e-01
 2.04639284e-01
 2.20431199e-01
 2.39506837e-01
 2.62124632e-01
 2.88505137e-01
 3.18784720e-01
 3.52989369e-01
 3.91019682e-01
 4.32644329e-01
 4.77501234e-01
 5.25105671e-01
 5.74864164e-01
 6.26093148e-01
 6.78041526e-01
 7.29916297e-01
 7.80909878e-01
 8.30227151e-01
 8.77110085e-01
 9.20858127e-01
 9.60843278e-01
 9.96519442e-01
 1.02742635e+00
 1.05318886e+00
 1.07351288e+00
 1.08817933e+00
 1.09703763e+00
 1.10000000e+00
 1.76780917e-01
 1.78397790e-01
 1.82828366e-01
 1.89319713e-01
 1.97559692e-01
 2.07788780e-01
 2.20454897e-01
 2.35973028e-01
 2.54686613e-01
 2.76881583e-01
 3.02778931e-01
 3.32512246e-01
 3.66106357e-01
 4.03463027e-01
 4.44354421e-01
 4.88424049e-01
 5.35194610e-01
 5.84081812e-01
 6.34413062e-01
 6.85449958e-01
 7.36413528e-01
 7.86510847e-01
 8.34961289e-01
 8.81020481e-01
 9.24000283e-01
 9.63283651e-01
 9.98333933e-01
 1.02869879e+00
 1.05400957e+00
 1.07397725e+00
 1.08838657e+00
 1.09708957e+00
 1.10000000e+00
 2.05782622e-01
 2.06317714e-01
 2.08273067e-01
 2.12322102e-01
 2.18899510e-01
 2.28141247e-01
 2.40139925e-01
 2.55085229e-01
 2.73234957e-01
 2.94844101e-01
 3.20114498e-01
 3.49164435e-01
 3.82008384e-01
 4.18543323e-01
 4.58541712e-01
 5.01651682e-01
 5.47404322e-01
 5.95227118e-01
 6.44462158e-01
 6.94387850e-01
 7.44243164e-01
 7.93253243e-01
 8.40654819e-01
 8.85719567e-01
 9.27773739e-01
 9.66212886e-01
 1.00051115e+00
 1.03022527e+00
 1.05499399e+00
 1.07453422e+00
 1.08863513e+00
 1.09715186e+00
 1.10000000e+00
 2.26523766e-01
 2.27662373e-01
 2.30888296e-01
 2.35902586e-01
 2.42696810e-01
 2.51581330e-01
 2.62973404e-01
 2.77252713e-01
 2.94730266e-01
 3.15651625e-01
 3.40193836e-01
 3.68453282e-01
 4.00430094e-01
 4.36014349e-01
 4.74977819e-01
 5.16973237e-01
 5.61541247e-01
 6.08123655e-01
 6.56080920e-01
 7.04712426e-01
 7.53279029e-01
 8.01027314e-01
 8.47214114e-01
 8.91129346e-01
 9.32115377e-01
 9.69581698e-01
 1.00301432e+00
 1.03197991e+00
 1.05612544e+00
 1.07517433e+00
 1.08892078e+00
 1.09722344e+00
 1.10000000e+00
 2.58222364e-01
 2.58752768e-01
 2.60539322e-01
 2.64006775e-01
 2.69558804e-01
 2.77515248e-01
 2.88162582e-01
 3.01772123e-01
 3.18585864e-01
 3.38804125e-01
 3.62574559e-01
 3.89975851e-01
 4.20998680e-01
 4.55529496e-01
 4.93341024e-01
 5.34091393e-01
 5.77331922e-01
 6.22521253e-01
 6.69042228e-01
 7.16219756e-01
 7.63340603e-01
 8.09675920e-01
 8.54505052e-01
 8.97138012e-01
 9.36934644e-01
 9.73319321e-01
 1.00579058e+00
 1.03392556e+00
 1.05737989e+00
 1.07588400e+00
 1.08923746e+00
 1.09730281e+00
 1.10000000e+00
 2.85788509e-01
 2.86353565e-01
 2.88152995e-01
 2.91485957e-01
 2.96769374e-01
 3.04404434e-01
 3.14698874e-01
 3.27886947e-01
 3.44172938e-01
 3.63741388e-01
 3.86738475e-01
 4.13245539e-01
 4.43256062e-01
 4.76659284e-01
 5.13231449e-01
 5.52636266e-01
 5.94435658e-01
 6.38107260e-01
 6.83061203e-01
 7.28653461e-01
 7.74200772e-01
 8.19001333e-01
 8.62358775e-01
 9.03604655e-01
 9.42117282e-01
 9.77336383e-01
 1.00877315e+00
 1.03601524e+00
 1.05872699e+00
 1.07664601e+00
 1.08957750e+00
 1.09738802e+00
 1.10000000e+00
 3.09529326e-01
 3.10352345e-01
 3.12852395e-01
 3.17117232e-01
 3.23275554e-01
 3.31495586e-01
 3.41999394e-01
 3.55054767e-01
 3.70939542e-01
 3.89901337e-01
 4.12126291e-01
 4.37717491e-01
 4.66679998e-01
 4.98910103e-01
 5.34188648e-01
 5.72182417e-01
 6.12460434e-01
 6.54520481e-01
 6.97807188e-01
 7.41715500e-01
 7.85595889e-01
 8.28774335e-01
 8.70579462e-01
 9.10365598e-01
 9.47530350e-01
 9.81528798e-01
 1.01188424e+00
 1.03819422e+00
 1.06013141e+00
 1.07744038e+00
 1.08993196e+00
 1.09747685e+00
 1.10000000e+00
 3.34663848e-01
 3.35750672e-01
 3.38951655e-01
 3.44090802e-01
 3.50980677e-01
 3.59601566e-01
 3.70153881e-01
 3.82967397e-01
 3.98388376e-01
 4.16710285e-01
 4.38143560e-01
 4.62803225e-01
 4.90701673e-01
 5.21742017e-01
 5.55709647e-01
 5.92267676e-01
 6.30981016e-01
 6.71366529e-01
 7.12916422e-01
 7.55078094e-01
 7.97237749e-01
 8.38745368e-01
 8.78953765e-01
 9.17241966e-01
 9.53028199e-01
 9.85782458e-01
 1.01503866e+00
 1.04040270e+00
 1.06155455e+00
 1.07824527e+00
 1.09029111e+00
 1.09756685e+00
 1.10000000e+00
 3.65456692e-01
 3.66615046e-01
 3.69828030e-01
 3.74661255e-01
 3.80978170e-01
 3.88955919e-01
 3.98897322e-01
 4.11119851e-01
 4.25916747e-01
 4.43535148e-01
 4.64156947e-01
 4.87883184e-01
 5.14722923e-01
 5.44585460e-01
 5.77265897e-01
 6.12412832e-01
 6.49558493e-01
 6.88233251e-01
 7.28003551e-01
 7.68395875e-01
 8.08827438e-01
 8.48657509e-01
 8.87261356e-01
 9.24047914e-01
 9.58458976e-01
 9.89978522e-01
 1.01814815e+00
 1.04257913e+00
 1.06295695e+00
 1.07903843e+00
 1.09064501e+00
 1.09765554e+00
 1.10000000e+00
 4.04371984e-01
 4.04397597e-01
 4.05009659e-01
 4.07185579e-01
 4.11511074e-01
 4.18152368e-01
 4.27168921e-01
 4.38663040e-01
 4.52783124e-01
 4.69688264e-01
 4.89511069e-01
 5.12327326e-01
 5.38137291e-01
 5.66857130e-01
 5.98317011e-01
 6.32141571e-01
 6.67760074e-01
 7.04705365e-01
 7.42669866e-01
 7.81317986e-01
 8.20071479e-01
 8.58260550e-01
 8.95285429e-01
 9.30598793e-01
 9.63671258e-01
 9.93998976e-01
 1.02112642e+00
 1.04466457e+00
 1.06430149e+00
 1.07979912e+00
 1.09098451e+00
 1.09774060e+00
 1.10000000e+00
 4.28047652e-01
 4.28892428e-01
 4.31107336e-01
 4.34351790e-01
 4.38877544e-01
 4.45210438e-01
 4.53743908e-01
 4.64701599e-01
 4.78237670e-01
 4.94488386e-01
 5.13564007e-01
 5.35521056e-01
 5.60356559e-01
 5.87975851e-01
 6.18317827e-01
 6.51001358e-01
 6.85174919e-01
 7.20379741e-01
 7.56505791e-01
 7.93501855e-01
 8.30700244e-01
 8.67324030e-01
 9.02821172e-01
 9.36719095e-01
 9.68520856e-01
 9.97731818e-01
 1.02389463e+00
 1.04660819e+00
 1.06555789e+00
 1.08051100e+00
 1.09130242e+00
 1.09782025e+00
 1.10000000e+00
 4.55720159e-01
 4.55829437e-01
 4.56678879e-01
 4.59076383e-01
 4.63351421e-01
 4.69588349e-01
 4.77931802e-01
 4.88555973e-01
 5.01629618e-01
 5.17310734e-01
 5.35719759e-01
 5.56884182e-01
 5.80841766e-01
 6.07383197e-01
 6.36713690e-01
 6.68590487e-01
 7.01412092e-01
 7.34890062e-01
 7.69083904e-01
 8.04635330e-01
 8.40483909e-01
 8.75646157e-01
 9.09679236e-01
 9.42252149e-01
 9.72878522e-01
 1.00107445e+00
 1.02638655e+00
 1.04837347e+00
 1.06670850e+00
 1.08116528e+00
 1.09159525e+00
 1.09789328e+00
 1.10000000e+00
 4.72728310e-01
 4.73670040e-01
 4.76154297e-01
 4.79759844e-01
 4.84589709e-01
 4.90996311e-01
 4.99309677e-01
 5.09715673e-01
 5.22410197e-01
 5.37597147e-01
 5.55452115e-01
 5.75874157e-01
 5.99130362e-01
 6.24581294e-01
 6.52920345e-01
 6.84601644e-01
 7.16053986e-01
 7.47959074e-01
 7.79938133e-01
 8.14481330e-01
 8.49227428e-01
 8.83061554e-01
 9.15678823e-01
 9.47078133e-01
 9.76636949e-01
 1.00393525e+00
 1.02855134e+00
 1.04994299e+00
 1.06775319e+00
 1.08176108e+00
 1.09186288e+00
 1.09795872e+00
 1.10000000e+00
 4.91389971e-01
 4.92118821e-01
 4.94312160e-01
 4.97841230e-01
 5.02721263e-01
 5.09177240e-01
 5.17518265e-01
 5.27746254e-01
 5.40108161e-01
 5.54847430e-01
 5.72325333e-01
 5.91984776e-01
 6.14834853e-01
 6.39196006e-01
 6.66308350e-01
 6.98869226e-01
 7.28562848e-01
 7.59474277e-01
 7.88546481e-01
 8.22947956e-01
 8.56716867e-01
 8.89463351e-01
 9.20623826e-01
 9.51149648e-01
 9.79704852e-01
 1.00624532e+00
 1.03034681e+00
 1.05132019e+00
 1.06870884e+00
 1.08229269e+00
 1.09210147e+00
 1.09801165e+00
 1.10000000e+00
 5.07585247e-01
 5.08095661e-01
 5.09771423e-01
 5.12762735e-01
 5.17348409e-01
 5.23740122e-01
 5.32214183e-01
 5.42249419e-01
 5.54327690e-01
 5.68622717e-01
 5.85993444e-01
 6.04778307e-01
 6.27594087e-01
 6.51020372e-01
 6.76285116e-01
 7.11311819e-01
 7.38265730e-01
 7.69470203e-01
 7.94420190e-01
 8.30104773e-01
 8.62648643e-01
 8.94828506e-01
 9.24286689e-01
 9.54524755e-01
 9.81977540e-01
 1.00800555e+00
 1.03170751e+00
 1.05253361e+00
 1.06959022e+00
 1.08272075e+00
 1.09228619e+00
 1.09803797e+00
 1.10000000e+00
 5.18969083e-01
 5.19336739e-01
 5.20823332e-01
 5.23586912e-01
 5.27959725e-01
 5.34301807e-01
 5.43087717e-01
 5.52866242e-01
 5.64754191e-01
 5.78587862e-01
 5.96147542e-01
 6.13965331e-01
 6.37030804e-01
 6.59919022e-01
 6.82600481e-01
 7.21604529e-01
 7.44656371e-01
 7.77809777e-01
 7.97456239e-01
 8.35965979e-01
 8.66709332e-01
 8.99133853e-01
 9.26510424e-01
 9.57287150e-01
 9.83354084e-01
 1.00931931e+00
 1.03252788e+00
 1.05362539e+00
 1.07035115e+00
 1.08298513e+00
 1.09236552e+00
 1.09801245e+00
 1.10000000e+00
 5.25397352e-01
 5.25834027e-01
 5.27398997e-01
 5.30121409e-01
 5.34340955e-01
 5.40646436e-01
 5.49827882e-01
 5.59323490e-01
 5.71139095e-01
 5.84572886e-01
 6.02454134e-01
 6.19452407e-01
 6.42811915e-01
 6.65596374e-01
 6.85710276e-01
 7.28762800e-01
 7.47909321e-01
 7.83708935e-01
 7.98371080e-01
 8.40091578e-01
 8.68877909e-01
 9.02109524e-01
 9.27467218e-01
 9.59284475e-01
 9.83915890e-01
 1.01024467e+00
 1.03281011e+00
 1.05452271e+00
 1.07085484e+00
 1.08310868e+00
 1.09230072e+00
 1.09796835e+00
 1.10000000e+00
 5.27439000e-01
 5.27973412e-01
 5.29579374e-01
 5.32319053e-01
 5.36468780e-01
 5.42753375e-01
 5.52124069e-01
 5.61485872e-01
 5.73293262e-01
 5.86561193e-01
 6.04601099e-01
 6.21271452e-01
 6.44753812e-01
 6.67574614e-01
 6.86573716e-01
 7.31383673e-01
 7.48831487e-01
 7.85896590e-01
 7.98449781e-01
 8.41624270e-01
 8.69516906e-01
 9.03206171e-01
 9.27680737e-01
 9.60047434e-01
 9.84023277e-01
 1.01060595e+00
 1.03283184e+00
 1.05490058e+00
 1.07101803e+00
 1.08315330e+00
 1.09221648e+00
 1.09799693e+00
 1.10000000e+00
