 1.36334300e+00
 1.36580301e+00
 1.39439248e+00
 1.46003378e+00
 1.51464135e+00
 1.59270340e+00
 1.63145594e+00
 1.70891100e+00
 1.73723918e+00
 1.76295386e+00
 1.77784800e+00
 1.35303200e+00
 1.36520461e+00
 1.39908438e+00
 1.45877046e+00
 1.51686793e+00
 1.58997444e+00
 1.63778049e+00
 1.70831846e+00
 1.74464674e+00
 1.77336475e+00
 1.78772644e+00
 1.35589575e+00
 1.37091512e+00
 1.40783718e+00
 1.45920746e+00
 1.51891375e+00
 1.58628095e+00
 1.64769055e+00
 1.71209289e+00
 1.75875705e+00
 1.78973686e+00
 1.80194378e+00
 1.39341214e+00
 1.39907482e+00
 1.42070767e+00
 1.46089424e+00
 1.51575722e+00
 1.58103883e+00
 1.65084864e+00
 1.71918614e+00
 1.77287005e+00
 1.80362194e+00
 1.81234260e+00
 1.39829927e+00
 1.40387227e+00
 1.42216698e+00
 1.45426131e+00
 1.50112855e+00
 1.56385170e+00
 1.63985330e+00
 1.71958607e+00
 1.78768120e+00
 1.83257998e+00
 1.84860405e+00
 1.39054647e+00
 1.39769100e+00
 1.41201791e+00
 1.43130208e+00
 1.46478287e+00
 1.52108503e+00
 1.60202494e+00
 1.69865454e+00
 1.78893525e+00
 1.84922256e+00
 1.86931699e+00
 1.42478693e+00
 1.41419033e+00
 1.39535852e+00
 1.38540601e+00
 1.39790111e+00
 1.44184433e+00
 1.52192869e+00
 1.63727166e+00
 1.76472539e+00
 1.85932499e+00
 1.89287474e+00
 1.38671992e+00
 1.37690412e+00
 1.34197888e+00
 1.30775958e+00
 1.30253403e+00
 1.33027196e+00
 1.39505427e+00
 1.51101414e+00
 1.68302485e+00
 1.84993930e+00
 1.91518379e+00
 1.40060608e+00
 1.34436657e+00
 1.25570367e+00
 1.21051422e+00
 1.20127881e+00
 1.21437127e+00
 1.24993207e+00
 1.32462646e+00
 1.47659233e+00
 1.71425450e+00
 1.85343255e+00
 1.22730618e+00
 1.18883333e+00
 1.14607928e+00
 1.12992353e+00
 1.12672502e+00
 1.13019332e+00
 1.13971508e+00
 1.16108251e+00
 1.20975278e+00
 1.30945759e+00
 1.39161099e+00
 1.10000000e+00
 1.10000000e+00
 1.10000000e+00
 1.10000000e+00
 1.10000000e+00
 1.10000000e+00
 1.10000000e+00
 1.10000000e+00
 1.10000000e+00
 1.10000000e+00
 1.10000000e+00
