 1.42121100e+00
 1.42154321e+00
 1.42253404e+00
 1.42416651e+00
 1.42641304e+00
 1.42923643e+00
 1.43259114e+00
 1.43642426e+00
 1.44068036e+00
 1.44529932e+00
 1.45021506e+00
 1.45536660e+00
 1.46068817e+00
 1.46612307e+00
 1.47161657e+00
 1.47711655e+00
 1.48257017e+00
 1.48792909e+00
 1.49315191e+00
 1.49819114e+00
 1.50300174e+00
 1.50755380e+00
 1.51182627e+00
 1.51579211e+00
 1.51943199e+00
 1.52271781e+00
 1.52562507e+00
 1.52812991e+00
 1.53021031e+00
 1.53184755e+00
 1.53302721e+00
 1.53373905e+00
 1.53397700e+00
 1.42163358e+00
 1.42193484e+00
 1.42287406e+00
 1.42446548e+00
 1.42668547e+00
 1.42949358e+00
 1.43284019e+00
 1.43666973e+00
 1.44092487e+00
 1.44554446e+00
 1.45046230e+00
 1.45561657e+00
 1.46094171e+00
 1.46638047e+00
 1.47187783e+00
 1.47738136e+00
 1.48283821e+00
 1.48819990e+00
 1.49342443e+00
 1.49846449e+00
 1.50327529e+00
 1.50782644e+00
 1.51209581e+00
 1.51605616e+00
 1.51968654e+00
 1.52295793e+00
 1.52584330e+00
 1.52831462e+00
 1.53034278e+00
 1.53189870e+00
 1.53295990e+00
 1.53352757e+00
 1.53368033e+00
 1.42278952e+00
 1.42304334e+00
 1.42386880e+00
 1.42535112e+00
 1.42749635e+00
 1.43026025e+00
 1.43358313e+00
 1.43740196e+00
 1.44165419e+00
 1.44627570e+00
 1.45119956e+00
 1.45636195e+00
 1.46169754e+00
 1.46714760e+00
 1.47265632e+00
 1.47817034e+00
 1.48363667e+00
 1.48900643e+00
 1.49423605e+00
 1.49927855e+00
 1.50408978e+00
 1.50863788e+00
 1.51289786e+00
 1.51684149e+00
 1.52044351e+00
 1.52367181e+00
 1.52649222e+00
 1.52886492e+00
 1.53074113e+00
 1.53206651e+00
 1.53281049e+00
 1.53305653e+00
 1.53307629e+00
 1.42439527e+00
 1.42462749e+00
 1.42537947e+00
 1.42675794e+00
 1.42881320e+00
 1.43151689e+00
 1.43480518e+00
 1.43860764e+00
 1.44285537e+00
 1.44748018e+00
 1.45241354e+00
 1.45758915e+00
 1.46294134e+00
 1.46840949e+00
 1.47393638e+00
 1.47946731e+00
 1.48494886e+00
 1.49033137e+00
 1.49556924e+00
 1.50061569e+00
 1.50542708e+00
 1.50996929e+00
 1.51421342e+00
 1.51812886e+00
 1.52168463e+00
 1.52484339e+00
 1.52756140e+00
 1.52978442e+00
 1.53144526e+00
 1.53248115e+00
 1.53290780e+00
 1.53293149e+00
 1.53288457e+00
 1.42614566e+00
 1.42639388e+00
 1.42716952e+00
 1.42854057e+00
 1.43055792e+00
 1.43321898e+00
 1.43647606e+00
 1.44026207e+00
 1.44450577e+00
 1.44913595e+00
 1.45408206e+00
 1.45927550e+00
 1.46464957e+00
 1.47014159e+00
 1.47569250e+00
 1.48124594e+00
 1.48674767e+00
 1.49214679e+00
 1.49739569e+00
 1.50244737e+00
 1.50725815e+00
 1.51179114e+00
 1.51601319e+00
 1.51989008e+00
 1.52338519e+00
 1.52645581e+00
 1.52905183e+00
 1.53111552e+00
 1.53259125e+00
 1.53346320e+00
 1.53382073e+00
 1.53387630e+00
 1.53386145e+00
 1.42794236e+00
 1.42823603e+00
 1.42911269e+00
 1.43057357e+00
 1.43263384e+00
 1.43530001e+00
 1.43854837e+00
 1.44232764e+00
 1.44657223e+00
 1.45121152e+00
 1.45617405e+00
 1.46138954e+00
 1.46678991e+00
 1.47231049e+00
 1.47789014e+00
 1.48347068e+00
 1.48899656e+00
 1.49441538e+00
 1.49967761e+00
 1.50473557e+00
 1.50954480e+00
 1.51406557e+00
 1.51826072e+00
 1.52209238e+00
 1.52552013e+00
 1.52849969e+00
 1.53098481e+00
 1.53293617e+00
 1.53434419e+00
 1.53526150e+00
 1.53580610e+00
 1.53609838e+00
 1.53619359e+00
 1.43007866e+00
 1.43039228e+00
 1.43132571e+00
 1.43286273e+00
 1.43498996e+00
 1.43769751e+00
 1.44096583e+00
 1.44475592e+00
 1.44901150e+00
 1.45366627e+00
 1.45864987e+00
 1.46389152e+00
 1.46932198e+00
 1.47487480e+00
 1.48048682e+00
 1.48609794e+00
 1.49165101e+00
 1.49709191e+00
 1.50236937e+00
 1.50743460e+00
 1.51224187e+00
 1.51674895e+00
 1.52091561e+00
 1.52470181e+00
 1.52806695e+00
 1.53097164e+00
 1.53338414e+00
 1.53529401e+00
 1.53672889e+00
 1.53775676e+00
 1.53845504e+00
 1.53886917e+00
 1.53900783e+00
 1.43258697e+00
 1.43290603e+00
 1.43385935e+00
 1.43543480e+00
 1.43761277e+00
 1.44036931e+00
 1.44367581e+00
 1.44749405e+00
 1.45177325e+00
 1.45645195e+00
 1.46146239e+00
 1.46673446e+00
 1.47219836e+00
 1.47778630e+00
 1.48343334e+00
 1.48907753e+00
 1.49465999e+00
 1.50012487e+00
 1.50541926e+00
 1.51049309e+00
 1.51529931e+00
 1.51979392e+00
 1.52393526e+00
 1.52768357e+00
 1.53100207e+00
 1.53386102e+00
 1.53624537e+00
 1.53816356e+00
 1.53964959e+00
 1.54075050e+00
 1.54150766e+00
 1.54194952e+00
 1.54209446e+00
 1.43533966e+00
 1.43566717e+00
 1.43664414e+00
 1.43825512e+00
 1.44047712e+00
 1.44328117e+00
 1.44663272e+00
 1.45049037e+00
 1.45480416e+00
 1.45951543e+00
 1.46455888e+00
 1.46986564e+00
 1.47536599e+00
 1.48099131e+00
 1.48667523e+00
 1.49235418e+00
 1.49796762e+00
 1.50345809e+00
 1.50877122e+00
 1.51385576e+00
 1.51866372e+00
 1.52315039e+00
 1.52727451e+00
 1.53099895e+00
 1.53429312e+00
 1.53713727e+00
 1.53952763e+00
 1.54147878e+00
 1.54301936e+00
 1.54418229e+00
 1.54499566e+00
 1.54547804e+00
 1.54563812e+00
 1.43832537e+00
 1.43865818e+00
 1.43965147e+00
 1.44128997e+00
 1.44354912e+00
 1.44639663e+00
 1.44979378e+00
 1.45369573e+00
 1.45805106e+00
 1.46280159e+00
 1.46788336e+00
 1.47322860e+00
 1.47876792e+00
 1.48443227e+00
 1.49015429e+00
 1.49586909e+00
 1.50151469e+00
 1.50703226e+00
 1.51236628e+00
 1.51746468e+00
 1.52227909e+00
 1.52676526e+00
 1.53088374e+00
 1.53460135e+00
 1.53789371e+00
 1.54074823e+00
 1.54316614e+00
 1.54516116e+00
 1.54675454e+00
 1.54796862e+00
 1.54882216e+00
 1.54932868e+00
 1.54949655e+00
 1.44148815e+00
 1.44182599e+00
 1.44283411e+00
 1.44449666e+00
 1.44678821e+00
 1.44967486e+00
 1.45311540e+00
 1.45706222e+00
 1.46146186e+00
 1.46625534e+00
 1.47137888e+00
 1.47676518e+00
 1.48234513e+00
 1.48804949e+00
 1.49381021e+00
 1.49956144e+00
 1.50524009e+00
 1.51078630e+00
 1.51614375e+00
 1.52126000e+00
 1.52608699e+00
 1.53058169e+00
 1.53470724e+00
 1.53843443e+00
 1.54174363e+00
 1.54462619e+00
 1.54708426e+00
 1.54912836e+00
 1.55077336e+00
 1.55203464e+00
 1.55292554e+00
 1.55345603e+00
 1.55363219e+00
 1.44478312e+00
 1.44512516e+00
 1.44614591e+00
 1.44782940e+00
 1.45014962e+00
 1.45307152e+00
 1.45655217e+00
 1.46054196e+00
 1.46498555e+00
 1.46982268e+00
 1.47498904e+00
 1.48041727e+00
 1.48603830e+00
 1.49178273e+00
 1.49758208e+00
 1.50336983e+00
 1.50908213e+00
 1.51465845e+00
 1.52004205e+00
 1.52518055e+00
 1.53002664e+00
 1.53453892e+00
 1.53868309e+00
 1.54243318e+00
 1.54577257e+00
 1.54869421e+00
 1.55119937e+00
 1.55329519e+00
 1.55499172e+00
 1.55629924e+00
 1.55722661e+00
 1.55778038e+00
 1.55796453e+00
 1.44816081e+00
 1.44850673e+00
 1.44953898e+00
 1.45124132e+00
 1.45358721e+00
 1.45654077e+00
 1.46005783e+00
 1.46408726e+00
 1.46857219e+00
 1.47345115e+00
 1.47865905e+00
 1.48412815e+00
 1.48978922e+00
 1.49557269e+00
 1.50140980e+00
 1.50723357e+00
 1.51297972e+00
 1.51858734e+00
 1.52399960e+00
 1.52916448e+00
 1.53403557e+00
 1.53857309e+00
 1.54274481e+00
 1.54652698e+00
 1.54990459e+00
 1.55287083e+00
 1.55542547e+00
 1.55757265e+00
 1.55931849e+00
 1.56066929e+00
 1.56163035e+00
 1.56220550e+00
 1.56239697e+00
 1.45157528e+00
 1.45192472e+00
 1.45296746e+00
 1.45468689e+00
 1.45705586e+00
 1.46003757e+00
 1.46358683e+00
 1.46765141e+00
 1.47217337e+00
 1.47709030e+00
 1.48233637e+00
 1.48784344e+00
 1.49354198e+00
 1.49936226e+00
 1.50523529e+00
 1.51109386e+00
 1.51687346e+00
 1.52251303e+00
 1.52795586e+00
 1.53315036e+00
 1.53805100e+00
 1.54261920e+00
 1.54682420e+00
 1.55064345e+00
 1.55406255e+00
 1.55707423e+00
 1.55967673e+00
 1.56187171e+00
 1.56366233e+00
 1.56505183e+00
 1.56604276e+00
 1.56663675e+00
 1.56683466e+00
 1.45498637e+00
 1.45533911e+00
 1.45639144e+00
 1.45812596e+00
 1.46051463e+00
 1.46351990e+00
 1.46709590e+00
 1.47118974e+00
 1.47574285e+00
 1.48069215e+00
 1.48597132e+00
 1.49151178e+00
 1.49724380e+00
 1.50309744e+00
 1.50900359e+00
 1.51489491e+00
 1.52070679e+00
 1.52637820e+00
 1.53185257e+00
 1.53707872e+00
 1.54201170e+00
 1.54661370e+00
 1.55085463e+00
 1.55471237e+00
 1.55817238e+00
 1.56122660e+00
 1.56387187e+00
 1.56610803e+00
 1.56793621e+00
 1.56935762e+00
 1.57037293e+00
 1.57098224e+00
 1.57118537e+00
 1.45836851e+00
 1.45872316e+00
 1.45978118e+00
 1.46152520e+00
 1.46392702e+00
 1.46694879e+00
 1.47054423e+00
 1.47465998e+00
 1.47923698e+00
 1.48421172e+00
 1.48951750e+00
 1.49508550e+00
 1.50084577e+00
 1.50672827e+00
 1.51266379e+00
 1.51858495e+00
 1.52442712e+00
 1.53012933e+00
 1.53563519e+00
 1.54089370e+00
 1.54586022e+00
 1.55049710e+00
 1.55477429e+00
 1.55866937e+00
 1.56216712e+00
 1.56525847e+00
 1.56793902e+00
 1.57020736e+00
 1.57206351e+00
 1.57350775e+00
 1.57454001e+00
 1.57515978e+00
 1.57536646e+00
 1.46168135e+00
 1.46203673e+00
 1.46309714e+00
 1.46484555e+00
 1.46725416e+00
 1.47028524e+00
 1.47389241e+00
 1.47802210e+00
 1.48261498e+00
 1.48760737e+00
 1.49293240e+00
 1.49852115e+00
 1.50430359e+00
 1.51020961e+00
 1.51616996e+00
 1.52211725e+00
 1.52798690e+00
 1.53371803e+00
 1.53925431e+00
 1.54454481e+00
 1.54954478e+00
 1.55421631e+00
 1.55852876e+00
 1.56245885e+00
 1.56599023e+00
 1.56911260e+00
 1.57182042e+00
 1.57411141e+00
 1.57598520e+00
 1.57744215e+00
 1.57848268e+00
 1.57910698e+00
 1.57931508e+00
 1.46487758e+00
 1.46523331e+00
 1.46629478e+00
 1.46804505e+00
 1.47045637e+00
 1.47349113e+00
 1.47710312e+00
 1.48123895e+00
 1.48583954e+00
 1.49084141e+00
 1.49617789e+00
 1.50178016e+00
 1.50757821e+00
 1.51350190e+00
 1.51948197e+00
 1.52545107e+00
 1.53134469e+00
 1.53710206e+00
 1.54266691e+00
 1.54798819e+00
 1.55302082e+00
 1.55772619e+00
 1.56207267e+00
 1.56603563e+00
 1.56959728e+00
 1.57274590e+00
 1.57547489e+00
 1.57778147e+00
 1.57966542e+00
 1.58112797e+00
 1.58217089e+00
 1.58279585e+00
 1.58300404e+00
 1.46792453e+00
 1.46828024e+00
 1.46934151e+00
 1.47109107e+00
 1.47350096e+00
 1.47653368e+00
 1.48014345e+00
 1.48427753e+00
 1.48887757e+00
 1.49388077e+00
 1.49922094e+00
 1.50482952e+00
 1.51063658e+00
 1.51657195e+00
 1.52256635e+00
 1.52855249e+00
 1.53446604e+00
 1.54024637e+00
 1.54583730e+00
 1.55118766e+00
 1.55625183e+00
 1.56099033e+00
 1.56537017e+00
 1.56936514e+00
 1.57295569e+00
 1.57612862e+00
 1.57887627e+00
 1.58119559e+00
 1.58308687e+00
 1.58455254e+00
 1.58559597e+00
 1.58622044e+00
 1.58642831e+00
 1.47080496e+00
 1.47115947e+00
 1.47221715e+00
 1.47396082e+00
 1.47636277e+00
 1.47938599e+00
 1.48298546e+00
 1.48710948e+00
 1.49170079e+00
 1.49669754e+00
 1.50203420e+00
 1.50764246e+00
 1.51345239e+00
 1.51939368e+00
 1.52539701e+00
 1.53139521e+00
 1.53732421e+00
 1.54312372e+00
 1.54873779e+00
 1.55411517e+00
 1.55920974e+00
 1.56398104e+00
 1.56839461e+00
 1.57242243e+00
 1.57604306e+00
 1.57924159e+00
 1.58200925e+00
 1.58434265e+00
 1.58624262e+00
 1.58771278e+00
 1.58875800e+00
 1.58938294e+00
 1.58959086e+00
 1.47349712e+00
 1.47384909e+00
 1.47489939e+00
 1.47663140e+00
 1.47901825e+00
 1.48202396e+00
 1.48560485e+00
 1.48971073e+00
 1.49428581e+00
 1.49926942e+00
 1.50459659e+00
 1.51019909e+00
 1.51600668e+00
 1.52194875e+00
 1.52795586e+00
 1.53396103e+00
 1.53990070e+00
 1.54571519e+00
 1.55134902e+00
 1.55675107e+00
 1.56187487e+00
 1.56667900e+00
 1.57112758e+00
 1.57519073e+00
 1.57884494e+00
 1.58207335e+00
 1.58486569e+00
 1.58721783e+00
 1.58913073e+00
 1.59060889e+00
 1.59165844e+00
 1.59228532e+00
 1.59249378e+00
 1.47597426e+00
 1.47632288e+00
 1.47736321e+00
 1.47907910e+00
 1.48144467e+00
 1.48442566e+00
 1.48798053e+00
 1.49206140e+00
 1.49661445e+00
 1.50158020e+00
 1.50689395e+00
 1.51248703e+00
 1.51828845e+00
 1.52422700e+00
 1.53023310e+00
 1.53624017e+00
 1.54218546e+00
 1.54801029e+00
 1.55366006e+00
 1.55908408e+00
 1.56423573e+00
 1.56907282e+00
 1.57355815e+00
 1.57766007e+00
 1.58135298e+00
 1.58461779e+00
 1.58744219e+00
 1.58982059e+00
 1.59175336e+00
 1.59324526e+00
 1.59430336e+00
 1.59493477e+00
 1.59514462e+00
 1.47822152e+00
 1.47856535e+00
 1.47959172e+00
 1.48128564e+00
 1.48362315e+00
 1.48657253e+00
 1.49009523e+00
 1.49414634e+00
 1.49867429e+00
 1.50362043e+00
 1.50891961e+00
 1.51450183e+00
 1.52029482e+00
 1.52622652e+00
 1.53222729e+00
 1.53823122e+00
 1.54417682e+00
 1.55000697e+00
 1.55566840e+00
 1.56111125e+00
 1.56628895e+00
 1.57115871e+00
 1.57568224e+00
 1.57982637e+00
 1.58356358e+00
 1.58687244e+00
 1.58973809e+00
 1.59215261e+00
 1.59411477e+00
 1.59562872e+00
 1.59670176e+00
 1.59734164e+00
 1.59755422e+00
 1.48021718e+00
 1.48055522e+00
 1.48156481e+00
 1.48323249e+00
 1.48553673e+00
 1.48844927e+00
 1.49193596e+00
 1.49595586e+00
 1.50045955e+00
 1.50538822e+00
 1.51067484e+00
 1.51624711e+00
 1.52203089e+00
 1.52795328e+00
 1.53394478e+00
 1.53994058e+00
 1.54588101e+00
 1.55171111e+00
 1.55737955e+00
 1.56283764e+00
 1.56803902e+00
 1.57294039e+00
 1.57750252e+00
 1.58169111e+00
 1.58547720e+00
 1.58883731e+00
 1.59175380e+00
 1.59421547e+00
 1.59621808e+00
 1.59776389e+00
 1.59885958e+00
 1.59951301e+00
 1.59973010e+00
 1.48194822e+00
 1.48228009e+00
 1.48327098e+00
 1.48490818e+00
 1.48717367e+00
 1.49004514e+00
 1.49349495e+00
 1.49748683e+00
 1.50197223e+00
 1.50688986e+00
 1.51216894e+00
 1.51773393e+00
 1.52350879e+00
 1.52942003e+00
 1.53539871e+00
 1.54138157e+00
 1.54731132e+00
 1.55313585e+00
 1.55880643e+00
 1.56427592e+00
 1.56949815e+00
 1.57442910e+00
 1.57902865e+00
 1.58326173e+00
 1.58709865e+00
 1.59051476e+00
 1.59349017e+00
 1.59600988e+00
 1.59806491e+00
 1.59965330e+00
 1.60077923e+00
 1.60145011e+00
 1.60167279e+00
 1.48342537e+00
 1.48374685e+00
 1.48470948e+00
 1.48630643e+00
 1.48852580e+00
 1.49135347e+00
 1.49477052e+00
 1.49874430e+00
 1.50322321e+00
 1.50813991e+00
 1.51341824e+00
 1.51897943e+00
 1.52474607e+00
 1.53064472e+00
 1.53660748e+00
 1.54257300e+00
 1.54848684e+00
 1.55430044e+00
 1.55996841e+00
 1.56544552e+00
 1.57068556e+00
 1.57564328e+00
 1.58027740e+00
 1.58455231e+00
 1.58843821e+00
 1.59191053e+00
 1.59494875e+00
 1.59753516e+00
 1.59965507e+00
 1.60129962e+00
 1.60246828e+00
 1.60316614e+00
 1.60339816e+00
 1.48460633e+00
 1.48492266e+00
 1.48586462e+00
 1.48741980e+00
 1.48958643e+00
 1.49237171e+00
 1.49576940e+00
 1.49974373e+00
 1.50423271e+00
 1.50915991e+00
 1.51444408e+00
 1.52000445e+00
 1.52576341e+00
 1.53164835e+00
 1.53759282e+00
 1.54353745e+00
 1.54943091e+00
 1.55522884e+00
 1.56088995e+00
 1.56637137e+00
 1.57162638e+00
 1.57660761e+00
 1.58127220e+00
 1.58558392e+00
 1.58951314e+00
 1.59303607e+00
 1.59613364e+00
 1.59878896e+00
 1.60098384e+00
 1.60269862e+00
 1.60391940e+00
 1.60464576e+00
 1.60488626e+00
 1.48564070e+00
 1.48593018e+00
 1.48679668e+00
 1.48825507e+00
 1.49034729e+00
 1.49310446e+00
 1.49651185e+00
 1.50051257e+00
 1.50502844e+00
 1.50997527e+00
 1.51526958e+00
 1.52083079e+00
 1.52658226e+00
 1.53245287e+00
 1.53837779e+00
 1.54429940e+00
 1.55016938e+00
 1.55594805e+00
 1.56159896e+00
 1.56708218e+00
 1.57234982e+00
 1.57735123e+00
 1.58204147e+00
 1.58638366e+00
 1.59034811e+00
 1.59391141e+00
 1.59705628e+00
 1.59977020e+00
 1.60204047e+00
 1.60384598e+00
 1.60515594e+00
 1.60594500e+00
 1.60620723e+00
 1.48644386e+00
 1.48666810e+00
 1.48739310e+00
 1.48873608e+00
 1.49079261e+00
 1.49357753e+00
 1.49703682e+00
 1.50108729e+00
 1.50564053e+00
 1.51061087e+00
 1.51591641e+00
 1.52147875e+00
 1.52722280e+00
 1.53307925e+00
 1.53898488e+00
 1.54488323e+00
 1.55072860e+00
 1.55648626e+00
 1.56212492e+00
 1.56760838e+00
 1.57288686e+00
 1.57790516e+00
 1.58261606e+00
 1.58698209e+00
 1.59097331e+00
 1.59456551e+00
 1.59774107e+00
 1.60048996e+00
 1.60280833e+00
 1.60468927e+00
 1.60610411e+00
 1.60699516e+00
 1.60730101e+00
 1.48654406e+00
 1.48674850e+00
 1.48745147e+00
 1.48882868e+00
 1.49097231e+00
 1.49385480e+00
 1.49739529e+00
 1.50150407e+00
 1.50609511e+00
 1.51108723e+00
 1.51640246e+00
 1.52196545e+00
 1.52770242e+00
 1.53354600e+00
 1.53943434e+00
 1.54531142e+00
 1.55113350e+00
 1.55687077e+00
 1.56249676e+00
 1.56797978e+00
 1.57326760e+00
 1.57829944e+00
 1.58302610e+00
 1.58740972e+00
 1.59142021e+00
 1.59503173e+00
 1.59822404e+00
 1.60098426e+00
 1.60330835e+00
 1.60519821e+00
 1.60664019e+00
 1.60757181e+00
 1.60789790e+00
 1.48607825e+00
 1.48632045e+00
 1.48714963e+00
 1.48870638e+00
 1.49101178e+00
 1.49401172e+00
 1.49763055e+00
 1.50178922e+00
 1.50641030e+00
 1.51141890e+00
 1.51674096e+00
 1.52230406e+00
 1.52803501e+00
 1.53386821e+00
 1.53974292e+00
 1.54560292e+00
 1.55140572e+00
 1.55712588e+00
 1.56274068e+00
 1.56822319e+00
 1.57351858e+00
 1.57856041e+00
 1.58329811e+00
 1.58769366e+00
 1.59171713e+00
 1.59534098e+00
 1.59854183e+00
 1.60130164e+00
 1.60360816e+00
 1.60545764e+00
 1.60684497e+00
 1.60773743e+00
 1.60805307e+00
 1.48550634e+00
 1.48582513e+00
 1.48683910e+00
 1.48857699e+00
 1.49101222e+00
 1.49409559e+00
 1.49776640e+00
 1.50195679e+00
 1.50659633e+00
 1.51161485e+00
 1.51694073e+00
 1.52250371e+00
 1.52823056e+00
 1.53405701e+00
 1.53992300e+00
 1.54577198e+00
 1.55156198e+00
 1.55727075e+00
 1.56287777e+00
 1.56835997e+00
 1.57366046e+00
 1.57870843e+00
 1.58345266e+00
 1.58785506e+00
 1.59188607e+00
 1.59551689e+00
 1.59872195e+00
 1.60147946e+00
 1.60376933e+00
 1.60557885e+00
 1.60689784e+00
 1.60771373e+00
 1.60799686e+00
 1.48525900e+00
 1.48562695e+00
 1.48672394e+00
 1.48852955e+00
 1.49101063e+00
 1.49412269e+00
 1.49781118e+00
 1.50201224e+00
 1.50665792e+00
 1.51167970e+00
 1.51700678e+00
 1.52256969e+00
 1.52829507e+00
 1.53411918e+00
 1.53998218e+00
 1.54582734e+00
 1.55161285e+00
 1.55731764e+00
 1.56292186e+00
 1.56840397e+00
 1.57370627e+00
 1.57875631e+00
 1.58350270e+00
 1.58790733e+00
 1.59194082e+00
 1.59557392e+00
 1.59878029e+00
 1.60153692e+00
 1.60382077e+00
 1.60561572e+00
 1.60690834e+00
 1.60768828e+00
 1.60794900e+00
