 1.40133300e+00
 1.40148130e+00
 1.40192372e+00
 1.40265345e+00
 1.40365903e+00
 1.40492511e+00
 1.40643238e+00
 1.40815639e+00
 1.41007227e+00
 1.41215220e+00
 1.41436685e+00
 1.41669105e+00
 1.41909955e+00
 1.42157793e+00
 1.42411238e+00
 1.42668235e+00
 1.42926265e+00
 1.43183030e+00
 1.43435596e+00
 1.43681410e+00
 1.43917930e+00
 1.44142996e+00
 1.44354485e+00
 1.44550758e+00
 1.44730344e+00
 1.44892014e+00
 1.45034874e+00
 1.45157915e+00
 1.45260136e+00
 1.45340706e+00
 1.45398873e+00
 1.45434034e+00
 1.45445800e+00
 1.40069620e+00
 1.40089472e+00
 1.40142225e+00
 1.40222192e+00
 1.40327573e+00
 1.40457312e+00
 1.40610095e+00
 1.40783929e+00
 1.40976559e+00
 1.41185346e+00
 1.41407458e+00
 1.41640400e+00
 1.41881703e+00
 1.42129883e+00
 1.42383528e+00
 1.42640588e+00
 1.42898567e+00
 1.43155141e+00
 1.43407409e+00
 1.43652803e+00
 1.43888790e+00
 1.44113189e+00
 1.44323880e+00
 1.44519193e+00
 1.44697631e+00
 1.44857911e+00
 1.44999019e+00
 1.45119762e+00
 1.45218826e+00
 1.45294897e+00
 1.45346876e+00
 1.45374753e+00
 1.45382282e+00
 1.39895905e+00
 1.39923603e+00
 1.39995331e+00
 1.40094032e+00
 1.40213084e+00
 1.40351933e+00
 1.40510777e+00
 1.40688853e+00
 1.40884580e+00
 1.41095733e+00
 1.41319759e+00
 1.41554251e+00
 1.41796878e+00
 1.42046056e+00
 1.42300288e+00
 1.42557532e+00
 1.42815351e+00
 1.43071358e+00
 1.43322733e+00
 1.43566876e+00
 1.43801269e+00
 1.44023676e+00
 1.44231978e+00
 1.44424423e+00
 1.44599424e+00
 1.44755549e+00
 1.44891439e+00
 1.45005386e+00
 1.45095207e+00
 1.45158435e+00
 1.45193697e+00
 1.45205103e+00
 1.45205879e+00
 1.39655968e+00
 1.39687590e+00
 1.39772424e+00
 1.39889874e+00
 1.40026119e+00
 1.40177916e+00
 1.40345996e+00
 1.40530760e+00
 1.40731467e+00
 1.40946463e+00
 1.41173583e+00
 1.41410588e+00
 1.41655313e+00
 1.41906065e+00
 1.42161228e+00
 1.42418763e+00
 1.42676295e+00
 1.42931376e+00
 1.43181271e+00
 1.43423355e+00
 1.43655108e+00
 1.43874233e+00
 1.44078587e+00
 1.44266302e+00
 1.44435654e+00
 1.44584979e+00
 1.44712478e+00
 1.44815834e+00
 1.44892099e+00
 1.44938540e+00
 1.44956221e+00
 1.44955420e+00
 1.44952468e+00
 1.39396542e+00
 1.39426260e+00
 1.39509201e+00
 1.39630777e+00
 1.39776867e+00
 1.39939932e+00
 1.40117979e+00
 1.40310788e+00
 1.40517840e+00
 1.40737873e+00
 1.40969074e+00
 1.41209410e+00
 1.41456855e+00
 1.41709631e+00
 1.41965993e+00
 1.42223891e+00
 1.42480988e+00
 1.42734800e+00
 1.42982653e+00
 1.43221907e+00
 1.43450028e+00
 1.43664654e+00
 1.43863592e+00
 1.44044856e+00
 1.44206578e+00
 1.44346891e+00
 1.44463750e+00
 1.44554800e+00
 1.44617823e+00
 1.44652573e+00
 1.44663938e+00
 1.44662770e+00
 1.44660711e+00
 1.39131352e+00
 1.39154582e+00
 1.39223604e+00
 1.39334293e+00
 1.39478006e+00
 1.39645556e+00
 1.39830957e+00
 1.40031328e+00
 1.40245098e+00
 1.40470801e+00
 1.40706720e+00
 1.40950944e+00
 1.41201526e+00
 1.41456610e+00
 1.41714331e+00
 1.41972603e+00
 1.42229098e+00
 1.42481314e+00
 1.42726607e+00
 1.42962331e+00
 1.43185925e+00
 1.43394972e+00
 1.43587225e+00
 1.43760616e+00
 1.43913218e+00
 1.44043184e+00
 1.44148775e+00
 1.44228710e+00
 1.44283233e+00
 1.44315682e+00
 1.44332612e+00
 1.44340670e+00
 1.44343167e+00
 1.38812101e+00
 1.38832869e+00
 1.38894978e+00
 1.38997003e+00
 1.39134717e+00
 1.39301360e+00
 1.39490097e+00
 1.39695910e+00
 1.39915574e+00
 1.40146791e+00
 1.40387545e+00
 1.40635846e+00
 1.40889711e+00
 1.41147190e+00
 1.41406292e+00
 1.41664871e+00
 1.41920575e+00
 1.42170887e+00
 1.42413172e+00
 1.42644775e+00
 1.42863112e+00
 1.43065730e+00
 1.43250358e+00
 1.43414942e+00
 1.43557672e+00
 1.43677080e+00
 1.43772314e+00
 1.43843735e+00
 1.43893695e+00
 1.43926596e+00
 1.43947308e+00
 1.43959032e+00
 1.43962887e+00
 1.38431414e+00
 1.38451940e+00
 1.38512780e+00
 1.38611882e+00
 1.38745982e+00
 1.38910447e+00
 1.39099709e+00
 1.39308431e+00
 1.39532318e+00
 1.39768120e+00
 1.40013233e+00
 1.40265360e+00
 1.40522342e+00
 1.40782073e+00
 1.41042424e+00
 1.41301151e+00
 1.41555855e+00
 1.41803990e+00
 1.42042915e+00
 1.42269966e+00
 1.42482550e+00
 1.42678215e+00
 1.42854734e+00
 1.43010187e+00
 1.43143097e+00
 1.43252640e+00
 1.43339008e+00
 1.43403784e+00
 1.43449971e+00
 1.43481283e+00
 1.43501086e+00
 1.43511876e+00
 1.43515275e+00
 1.38006256e+00
 1.38026000e+00
 1.38084781e+00
 1.38181110e+00
 1.38312282e+00
 1.38474422e+00
 1.38662801e+00
 1.38872421e+00
 1.39098664e+00
 1.39337636e+00
 1.39586129e+00
 1.39841411e+00
 1.40101022e+00
 1.40362633e+00
 1.40623938e+00
 1.40882568e+00
 1.41136047e+00
 1.41381787e+00
 1.41617127e+00
 1.41839404e+00
 1.42046036e+00
 1.42234623e+00
 1.42403059e+00
 1.42549678e+00
 1.42673450e+00
 1.42774237e+00
 1.42853041e+00
 1.42912066e+00
 1.42954402e+00
 1.42983386e+00
 1.43001968e+00
 1.43012308e+00
 1.43015629e+00
 1.37534787e+00
 1.37554183e+00
 1.37611864e+00
 1.37706338e+00
 1.37835175e+00
 1.37995040e+00
 1.38181822e+00
 1.38390968e+00
 1.38617931e+00
 1.38858538e+00
 1.39109146e+00
 1.39366599e+00
 1.39628086e+00
 1.39891002e+00
 1.40152829e+00
 1.40411046e+00
 1.40663076e+00
 1.40906274e+00
 1.41137961e+00
 1.41355480e+00
 1.41556294e+00
 1.41738101e+00
 1.41898978e+00
 1.42037564e+00
 1.42153278e+00
 1.42246520e+00
 1.42318781e+00
 1.42372522e+00
 1.42410801e+00
 1.42436761e+00
 1.42453169e+00
 1.42462133e+00
 1.42464970e+00
 1.37022377e+00
 1.37041358e+00
 1.37097856e+00
 1.37190527e+00
 1.37317140e+00
 1.37474654e+00
 1.37659349e+00
 1.37867053e+00
 1.38093424e+00
 1.38334249e+00
 1.38585650e+00
 1.38844143e+00
 1.39106588e+00
 1.39370096e+00
 1.39631920e+00
 1.39889367e+00
 1.40139747e+00
 1.40380353e+00
 1.40608486e+00
 1.40821515e+00
 1.41016975e+00
 1.41192693e+00
 1.41346956e+00
 1.41478698e+00
 1.41587692e+00
 1.41674686e+00
 1.41741409e+00
 1.41790404e+00
 1.41824695e+00
 1.41847396e+00
 1.41861338e+00
 1.41868756e+00
 1.41871068e+00
 1.36472098e+00
 1.36490710e+00
 1.36546108e+00
 1.36636999e+00
 1.36761304e+00
 1.36916229e+00
 1.37098368e+00
 1.37303861e+00
 1.37528595e+00
 1.37768434e+00
 1.38019405e+00
 1.38277812e+00
 1.38540257e+00
 1.38803593e+00
 1.39064853e+00
 1.39321173e+00
 1.39569751e+00
 1.39807818e+00
 1.40032667e+00
 1.40241708e+00
 1.40432566e+00
 1.40603215e+00
 1.40752144e+00
 1.40878529e+00
 1.40982387e+00
 1.41064655e+00
 1.41127156e+00
 1.41172432e+00
 1.41203476e+00
 1.41223412e+00
 1.41235166e+00
 1.41241146e+00
 1.41242951e+00
 1.35888432e+00
 1.35906592e+00
 1.35960679e+00
 1.36049524e+00
 1.36171222e+00
 1.36323196e+00
 1.36502300e+00
 1.36704935e+00
 1.36927200e+00
 1.37165073e+00
 1.37414573e+00
 1.37671889e+00
 1.37933439e+00
 1.38195871e+00
 1.38456032e+00
 1.38710909e+00
 1.38957598e+00
 1.39193286e+00
 1.39415269e+00
 1.39621015e+00
 1.39808251e+00
 1.39975098e+00
 1.40120219e+00
 1.40242972e+00
 1.40343529e+00
 1.40422920e+00
 1.40482984e+00
 1.40526227e+00
 1.40555594e+00
 1.40574194e+00
 1.40584972e+00
 1.40590363e+00
 1.40591973e+00
 1.35274764e+00
 1.35292438e+00
 1.35345108e+00
 1.35431720e+00
 1.35550553e+00
 1.35699260e+00
 1.35874936e+00
 1.36074213e+00
 1.36293383e+00
 1.36528546e+00
 1.36775757e+00
 1.37031155e+00
 1.37291048e+00
 1.37551943e+00
 1.37810544e+00
 1.38063729e+00
 1.38308519e+00
 1.38542077e+00
 1.38761725e+00
 1.38964999e+00
 1.39149738e+00
 1.39314197e+00
 1.39457185e+00
 1.39578191e+00
 1.39677473e+00
 1.39756094e+00
 1.39815865e+00
 1.39859208e+00
 1.39888950e+00
 1.39908050e+00
 1.39919303e+00
 1.39925022e+00
 1.39926748e+00
 1.34634517e+00
 1.34651689e+00
 1.34702895e+00
 1.34787203e+00
 1.34903075e+00
 1.35048378e+00
 1.35220430e+00
 1.35416067e+00
 1.35631751e+00
 1.35863702e+00
 1.36108036e+00
 1.36360896e+00
 1.36618537e+00
 1.36877390e+00
 1.37134074e+00
 1.37385397e+00
 1.37628346e+00
 1.37860086e+00
 1.38077987e+00
 1.38279671e+00
 1.38463088e+00
 1.38626619e+00
 1.38769186e+00
 1.38890360e+00
 1.38990431e+00
 1.39070438e+00
 1.39132106e+00
 1.39177723e+00
 1.39209923e+00
 1.39231422e+00
 1.39244724e+00
 1.39251840e+00
 1.39254063e+00
 1.33971231e+00
 1.33987922e+00
 1.34037732e+00
 1.34119852e+00
 1.34232905e+00
 1.34374936e+00
 1.34543436e+00
 1.34735405e+00
 1.34947453e+00
 1.35175921e+00
 1.35417012e+00
 1.35666908e+00
 1.35921872e+00
 1.36178314e+00
 1.36432824e+00
 1.36682189e+00
 1.36923398e+00
 1.37153655e+00
 1.37370398e+00
 1.37571350e+00
 1.37754577e+00
 1.37918572e+00
 1.38062343e+00
 1.38185494e+00
 1.38288284e+00
 1.38371646e+00
 1.38437136e+00
 1.38486805e+00
 1.38523004e+00
 1.38548125e+00
 1.38564332e+00
 1.38573331e+00
 1.38576208e+00
 1.33288694e+00
 1.33305030e+00
 1.33353782e+00
 1.33434174e+00
 1.33544891e+00
 1.33684076e+00
 1.33849342e+00
 1.34037826e+00
 1.34246282e+00
 1.34471180e+00
 1.34708832e+00
 1.34955503e+00
 1.35207507e+00
 1.35461284e+00
 1.35713447e+00
 1.35960807e+00
 1.36200395e+00
 1.36429479e+00
 1.36645591e+00
 1.36846568e+00
 1.37030599e+00
 1.37196280e+00
 1.37342682e+00
 1.37469397e+00
 1.37576588e+00
 1.37664991e+00
 1.37735880e+00
 1.37790963e+00
 1.37832219e+00
 1.37861682e+00
 1.37881213e+00
 1.37892296e+00
 1.37895882e+00
 1.32593454e+00
 1.32609530e+00
 1.32657493e+00
 1.32736547e+00
 1.32845370e+00
 1.32982128e+00
 1.33144503e+00
 1.33329741e+00
 1.33534725e+00
 1.33756062e+00
 1.33990190e+00
 1.34233482e+00
 1.34482344e+00
 1.34733287e+00
 1.34982987e+00
 1.35228318e+00
 1.35466383e+00
 1.35694540e+00
 1.35910432e+00
 1.36112021e+00
 1.36297628e+00
 1.36465956e+00
 1.36616126e+00
 1.36747695e+00
 1.36860676e+00
 1.36955540e+00
 1.37033189e+00
 1.37094895e+00
 1.37142191e+00
 1.37176721e+00
 1.37200052e+00
 1.37213478e+00
 1.37217854e+00
 1.31893824e+00
 1.31909677e+00
 1.31956957e+00
 1.32034833e+00
 1.32141953e+00
 1.32276484e+00
 1.32436153e+00
 1.32618291e+00
 1.32819895e+00
 1.33037697e+00
 1.33268262e+00
 1.33508085e+00
 1.33753682e+00
 1.34001670e+00
 1.34248820e+00
 1.34492096e+00
 1.34728693e+00
 1.34956071e+00
 1.35171994e+00
 1.35374562e+00
 1.35562233e+00
 1.35733831e+00
 1.35888538e+00
 1.36025878e+00
 1.36145704e+00
 1.36248189e+00
 1.36333821e+00
 1.36403380e+00
 1.36457883e+00
 1.36498495e+00
 1.36526403e+00
 1.36542658e+00
 1.36547988e+00
 1.31198760e+00
 1.31214360e+00
 1.31260878e+00
 1.31337476e+00
 1.31442807e+00
 1.31575064e+00
 1.31732026e+00
 1.31911097e+00
 1.32109357e+00
 1.32323637e+00
 1.32550611e+00
 1.32786894e+00
 1.33029133e+00
 1.33274070e+00
 1.33518593e+00
 1.33759771e+00
 1.33994898e+00
 1.34221538e+00
 1.34437571e+00
 1.34641232e+00
 1.34831129e+00
 1.35006227e+00
 1.35165800e+00
 1.35309372e+00
 1.35436662e+00
 1.35547558e+00
 1.35642130e+00
 1.35720640e+00
 1.35783545e+00
 1.35831449e+00
 1.35865023e+00
 1.35884877e+00
 1.35891444e+00
 1.30516564e+00
 1.30531849e+00
 1.30577436e+00
 1.30652540e+00
 1.30755885e+00
 1.30885742e+00
 1.31039954e+00
 1.31215974e+00
 1.31410926e+00
 1.31621697e+00
 1.31845052e+00
 1.32077730e+00
 1.32316523e+00
 1.32558323e+00
 1.32800145e+00
 1.33039168e+00
 1.33272777e+00
 1.33498622e+00
 1.33714680e+00
 1.33919306e+00
 1.34111258e+00
 1.34289661e+00
 1.34453933e+00
 1.34603660e+00
 1.34738485e+00
 1.34858045e+00
 1.34961982e+00
 1.35050011e+00
 1.35121970e+00
 1.35177824e+00
 1.35217628e+00
 1.35241464e+00
 1.35249400e+00
 1.29854196e+00
 1.29869126e+00
 1.29913694e+00
 1.29987220e+00
 1.30088558e+00
 1.30216077e+00
 1.30367667e+00
 1.30540779e+00
 1.30732526e+00
 1.30939823e+00
 1.31159523e+00
 1.31388517e+00
 1.31623775e+00
 1.31862356e+00
 1.32101416e+00
 1.32338232e+00
 1.32570256e+00
 1.32795189e+00
 1.33011067e+00
 1.33216329e+00
 1.33409861e+00
 1.33590967e+00
 1.33759259e+00
 1.33914479e+00
 1.34056295e+00
 1.34184153e+00
 1.34297266e+00
 1.34394724e+00
 1.34475657e+00
 1.34539343e+00
 1.34585240e+00
 1.34612952e+00
 1.34622220e+00
 1.29217354e+00
 1.29232005e+00
 1.29275771e+00
 1.29348062e+00
 1.29447823e+00
 1.29573471e+00
 1.29722873e+00
 1.29893407e+00
 1.30082127e+00
 1.30285977e+00
 1.30501950e+00
 1.30727150e+00
 1.30958775e+00
 1.31194077e+00
 1.31430344e+00
 1.31664931e+00
 1.31895321e+00
 1.32119218e+00
 1.32334656e+00
 1.32540102e+00
 1.32734525e+00
 1.32917391e+00
 1.33088552e+00
 1.33248018e+00
 1.33395647e+00
 1.33530850e+00
 1.33652469e+00
 1.33758905e+00
 1.33848445e+00
 1.33919565e+00
 1.33971104e+00
 1.34002296e+00
 1.34012735e+00
 1.28612434e+00
 1.28626954e+00
 1.28670336e+00
 1.28742021e+00
 1.28840979e+00
 1.28965560e+00
 1.29113450e+00
 1.29281827e+00
 1.29467660e+00
 1.29667995e+00
 1.29880082e+00
 1.30101338e+00
 1.30329240e+00
 1.30561242e+00
 1.30794745e+00
 1.31027144e+00
 1.31255906e+00
 1.31478687e+00
 1.31693451e+00
 1.31898611e+00
 1.32093143e+00
 1.32276620e+00
 1.32449135e+00
 1.32611066e+00
 1.32762687e+00
 1.32903675e+00
 1.33032744e+00
 1.33147656e+00
 1.33245699e+00
 1.33324342e+00
 1.33381693e+00
 1.33416548e+00
 1.33428240e+00
 1.28046437e+00
 1.28060978e+00
 1.28104491e+00
 1.28176482e+00
 1.28275775e+00
 1.28400361e+00
 1.28547479e+00
 1.28713985e+00
 1.28896840e+00
 1.29093391e+00
 1.29301321e+00
 1.29518460e+00
 1.29742591e+00
 1.29971345e+00
 1.30202194e+00
 1.30432526e+00
 1.30659752e+00
 1.30881424e+00
 1.31095369e+00
 1.31299858e+00
 1.31493774e+00
 1.31676698e+00
 1.31848889e+00
 1.32011112e+00
 1.32164255e+00
 1.32308696e+00
 1.32443559e+00
 1.32566303e+00
 1.32673123e+00
 1.32760035e+00
 1.32823859e+00
 1.32862660e+00
 1.32875646e+00
 1.27525574e+00
 1.27540671e+00
 1.27585616e+00
 1.27659455e+00
 1.27760553e+00
 1.27886245e+00
 1.28033032e+00
 1.28197473e+00
 1.28376843e+00
 1.28569106e+00
 1.28772547e+00
 1.28985442e+00
 1.29205847e+00
 1.29431513e+00
 1.29659914e+00
 1.29888383e+00
 1.30114247e+00
 1.30334921e+00
 1.30548030e+00
 1.30751623e+00
 1.30944387e+00
 1.31125788e+00
 1.31296103e+00
 1.31456351e+00
 1.31608057e+00
 1.31752667e+00
 1.31890534e+00
 1.32019701e+00
 1.32135532e+00
 1.32232117e+00
 1.32304476e+00
 1.32349312e+00
 1.32364525e+00
 1.27061833e+00
 1.27077154e+00
 1.27123254e+00
 1.27199723e+00
 1.27304029e+00
 1.27431552e+00
 1.27577604e+00
 1.27738989e+00
 1.27913939e+00
 1.28101317e+00
 1.28300021e+00
 1.28508688e+00
 1.28725556e+00
 1.28948413e+00
 1.29174664e+00
 1.29401538e+00
 1.29626276e+00
 1.29846149e+00
 1.30058535e+00
 1.30261190e+00
 1.30452532e+00
 1.30631800e+00
 1.30799109e+00
 1.30955475e+00
 1.31102784e+00
 1.31243525e+00
 1.31379949e+00
 1.31512306e+00
 1.31636593e+00
 1.31744121e+00
 1.31825239e+00
 1.31874407e+00
 1.31890696e+00
 1.26649824e+00
 1.26667475e+00
 1.26720105e+00
 1.26804806e+00
 1.26915005e+00
 1.27043807e+00
 1.27187178e+00
 1.27343771e+00
 1.27513288e+00
 1.27695396e+00
 1.27889369e+00
 1.28094041e+00
 1.28307725e+00
 1.28528169e+00
 1.28752630e+00
 1.28978207e+00
 1.29202080e+00
 1.29421400e+00
 1.29633266e+00
 1.29835096e+00
 1.30025003e+00
 1.30201946e+00
 1.30365736e+00
 1.30517103e+00
 1.30657833e+00
 1.30790847e+00
 1.30920032e+00
 1.31049093e+00
 1.31178570e+00
 1.31301590e+00
 1.31403287e+00
 1.31468588e+00
 1.31490624e+00
 1.26305046e+00
 1.26328639e+00
 1.26394135e+00
 1.26489239e+00
 1.26602362e+00
 1.26727916e+00
 1.26865295e+00
 1.27015463e+00
 1.27179065e+00
 1.27356011e+00
 1.27545615e+00
 1.27746757e+00
 1.27957747e+00
 1.28176251e+00
 1.28399316e+00
 1.28623886e+00
 1.28847141e+00
 1.29066159e+00
 1.29277735e+00
 1.29478944e+00
 1.29667594e+00
 1.29842378e+00
 1.30002747e+00
 1.30148969e+00
 1.30282329e+00
 1.30405355e+00
 1.30522229e+00
 1.30638810e+00
 1.30761295e+00
 1.30891333e+00
 1.31017594e+00
 1.31113345e+00
 1.31149460e+00
 1.26077365e+00
 1.26102829e+00
 1.26170521e+00
 1.26262708e+00
 1.26367913e+00
 1.26484205e+00
 1.26613296e+00
 1.26756672e+00
 1.26914779e+00
 1.27087236e+00
 1.27273162e+00
 1.27471429e+00
 1.27680303e+00
 1.27897368e+00
 1.28119421e+00
 1.28343244e+00
 1.28566085e+00
 1.28785007e+00
 1.28996495e+00
 1.29197302e+00
 1.29384972e+00
 1.29557995e+00
 1.29715486e+00
 1.29857225e+00
 1.29983857e+00
 1.30096999e+00
 1.30199870e+00
 1.30297750e+00
 1.30398148e+00
 1.30508548e+00
 1.30626857e+00
 1.30727095e+00
 1.30767412e+00
 1.25959762e+00
 1.25981900e+00
 1.26038401e+00
 1.26114570e+00
 1.26205183e+00
 1.26310570e+00
 1.26431910e+00
 1.26569649e+00
 1.26723467e+00
 1.26892529e+00
 1.27075698e+00
 1.27271864e+00
 1.27479231e+00
 1.27695335e+00
 1.27916721e+00
 1.28140027e+00
 1.28362611e+00
 1.28581566e+00
 1.28793089e+00
 1.28993678e+00
 1.29180666e+00
 1.29352428e+00
 1.29507819e+00
 1.29646212e+00
 1.29767717e+00
 1.29873004e+00
 1.29964000e+00
 1.30044058e+00
 1.30118231e+00
 1.30192890e+00
 1.30271741e+00
 1.30344279e+00
 1.30376300e+00
 1.25914259e+00
 1.25929549e+00
 1.25969517e+00
 1.26029467e+00
 1.26108364e+00
 1.26206029e+00
 1.26322263e+00
 1.26456433e+00
 1.26607590e+00
 1.26774567e+00
 1.26956035e+00
 1.27150932e+00
 1.27357400e+00
 1.27572966e+00
 1.27793981e+00
 1.28016980e+00
 1.28239422e+00
 1.28458449e+00
 1.28670041e+00
 1.28870535e+00
 1.29057126e+00
 1.29228144e+00
 1.29382282e+00
 1.29518647e+00
 1.29637032e+00
 1.29737446e+00
 1.29820896e+00
 1.29889181e+00
 1.29944771e+00
 1.29990826e+00
 1.30030018e+00
 1.30062204e+00
 1.30077522e+00
 1.25904000e+00
 1.25914876e+00
 1.25947403e+00
 1.26001282e+00
 1.26076039e+00
 1.26171047e+00
 1.26285546e+00
 1.26418513e+00
 1.26568773e+00
 1.26735053e+00
 1.26915946e+00
 1.27110419e+00
 1.27316589e+00
 1.27531984e+00
 1.27752879e+00
 1.27975776e+00
 1.28198174e+00
 1.28417234e+00
 1.28628857e+00
 1.28829327e+00
 1.29015789e+00
 1.29186562e+00
 1.29340285e+00
 1.29475975e+00
 1.29593324e+00
 1.29692104e+00
 1.29773014e+00
 1.29837300e+00
 1.29886499e+00
 1.29922456e+00
 1.29946827e+00
 1.29960902e+00
 1.29965500e+00
