 1.10000000e+00
 1.10000000e+00
 1.10000000e+00
 1.10000000e+00
 1.10000001e+00
 1.10000001e+00
 1.10000001e+00
 1.10000000e+00
 1.10000000e+00
 1.09999999e+00
 1.10000000e+00
 1.10000000e+00
 1.10000000e+00
 1.09999998e+00
 1.09999999e+00
 1.10000000e+00
 1.10000001e+00
 1.10000001e+00
 1.10000000e+00
 1.09999999e+00
 1.10000000e+00
 1.10000000e+00
 1.10000000e+00
 1.10000000e+00
 1.10000000e+00
 1.10000000e+00
 1.10000000e+00
 1.10000000e+00
 1.10000000e+00
 1.10000000e+00
 1.10000000e+00
 1.10000000e+00
 1.10000000e+00
 1.10026291e+00
 1.10026567e+00
 1.10026982e+00
 1.10027221e+00
 1.10027246e+00
 1.10027088e+00
 1.10026791e+00
 1.10026383e+00
 1.10025885e+00
 1.10025309e+00
 1.10024668e+00
 1.10023969e+00
 1.10023220e+00
 1.10022431e+00
 1.10021615e+00
 1.10020779e+00
 1.10019938e+00
 1.10019101e+00
 1.10018283e+00
 1.10017498e+00
 1.10016765e+00
 1.10016097e+00
 1.10015517e+00
 1.10015049e+00
 1.10014728e+00
 1.10014609e+00
 1.10014782e+00
 1.10015410e+00
 1.10016766e+00
 1.10019252e+00
 1.10023187e+00
 1.10028187e+00
 1.10031199e+00
 1.10105978e+00
 1.10106628e+00
 1.10107876e+00
 1.10108695e+00
 1.10108745e+00
 1.10108100e+00
 1.10106907e+00
 1.10105278e+00
 1.10103291e+00
 1.10100996e+00
 1.10098436e+00
 1.10095644e+00
 1.10092657e+00
 1.10089513e+00
 1.10086252e+00
 1.10082918e+00
 1.10079557e+00
 1.10076218e+00
 1.10072954e+00
 1.10069826e+00
 1.10066896e+00
 1.10064233e+00
 1.10061916e+00
 1.10060046e+00
 1.10058762e+00
 1.10058277e+00
 1.10058948e+00
 1.10061395e+00
 1.10066655e+00
 1.10076117e+00
 1.10090479e+00
 1.10106458e+00
 1.10114057e+00
 1.10241002e+00
 1.10241698e+00
 1.10243171e+00
 1.10244174e+00
 1.10243924e+00
 1.10242337e+00
 1.10239609e+00
 1.10235940e+00
 1.10231479e+00
 1.10226334e+00
 1.10220592e+00
 1.10214335e+00
 1.10207640e+00
 1.10200594e+00
 1.10193286e+00
 1.10185813e+00
 1.10178279e+00
 1.10170794e+00
 1.10163481e+00
 1.10156469e+00
 1.10149899e+00
 1.10143925e+00
 1.10138724e+00
 1.10134516e+00
 1.10131602e+00
 1.10130434e+00
 1.10131740e+00
 1.10136712e+00
 1.10147136e+00
 1.10164820e+00
 1.10188917e+00
 1.10211824e+00
 1.10221449e+00
 1.10432936e+00
 1.10433232e+00
 1.10433748e+00
 1.10433626e+00
 1.10432077e+00
 1.10428764e+00
 1.10423731e+00
 1.10417159e+00
 1.10409235e+00
 1.10400120e+00
 1.10389960e+00
 1.10378892e+00
 1.10367054e+00
 1.10354595e+00
 1.10341673e+00
 1.10328458e+00
 1.10315134e+00
 1.10301897e+00
 1.10288962e+00
 1.10276557e+00
 1.10264926e+00
 1.10254339e+00
 1.10245101e+00
 1.10237582e+00
 1.10232269e+00
 1.10229850e+00
 1.10231331e+00
 1.10238102e+00
 1.10251636e+00
 1.10272177e+00
 1.10296378e+00
 1.10316589e+00
 1.10324521e+00
 1.10680700e+00
 1.10680231e+00
 1.10678806e+00
 1.10676239e+00
 1.10672108e+00
 1.10665992e+00
 1.10657705e+00
 1.10647286e+00
 1.10634888e+00
 1.10620696e+00
 1.10604906e+00
 1.10587718e+00
 1.10569343e+00
 1.10550006e+00
 1.10529951e+00
 1.10509440e+00
 1.10488758e+00
 1.10468208e+00
 1.10448120e+00
 1.10428843e+00
 1.10410752e+00
 1.10394250e+00
 1.10379787e+00
 1.10367882e+00
 1.10359168e+00
 1.10354440e+00
 1.10354629e+00
 1.10360555e+00
 1.10372155e+00
 1.10387348e+00
 1.10401919e+00
 1.10411731e+00
 1.10415044e+00
 1.10978724e+00
 1.10977670e+00
 1.10974531e+00
 1.10969314e+00
 1.10961895e+00
 1.10952028e+00
 1.10939496e+00
 1.10924234e+00
 1.10906327e+00
 1.10885955e+00
 1.10863350e+00
 1.10838774e+00
 1.10812517e+00
 1.10784893e+00
 1.10756244e+00
 1.10726942e+00
 1.10697388e+00
 1.10668015e+00
 1.10639286e+00
 1.10611690e+00
 1.10585748e+00
 1.10562008e+00
 1.10541055e+00
 1.10523519e+00
 1.10510081e+00
 1.10501419e+00
 1.10498034e+00
 1.10499823e+00
 1.10505530e+00
 1.10512694e+00
 1.10518734e+00
 1.10522334e+00
 1.10523474e+00
 1.11323320e+00
 1.11321776e+00
 1.11317131e+00
 1.11309352e+00
 1.11298385e+00
 1.11284136e+00
 1.11266500e+00
 1.11245428e+00
 1.11220986e+00
 1.11193348e+00
 1.11162776e+00
 1.11129592e+00
 1.11094163e+00
 1.11056904e+00
 1.11018265e+00
 1.10978741e+00
 1.10938866e+00
 1.10899214e+00
 1.10860397e+00
 1.10823060e+00
 1.10787874e+00
 1.10755529e+00
 1.10726722e+00
 1.10702131e+00
 1.10682369e+00
 1.10667856e+00
 1.10658603e+00
 1.10653961e+00
 1.10652603e+00
 1.10652974e+00
 1.10653901e+00
 1.10654720e+00
 1.10655044e+00
 1.11712071e+00
 1.11709954e+00
 1.11703601e+00
 1.11693003e+00
 1.11678143e+00
 1.11658994e+00
 1.11635533e+00
 1.11607779e+00
 1.11575830e+00
 1.11539885e+00
 1.11500241e+00
 1.11457281e+00
 1.11411457e+00
 1.11363284e+00
 1.11313332e+00
 1.11262226e+00
 1.11210644e+00
 1.11159313e+00
 1.11109005e+00
 1.11060524e+00
 1.11014695e+00
 1.10972336e+00
 1.10934226e+00
 1.10901046e+00
 1.10873289e+00
 1.10851133e+00
 1.10834306e+00
 1.10822063e+00
 1.10813380e+00
 1.10807297e+00
 1.10803165e+00
 1.10800698e+00
 1.10799867e+00
 1.12141083e+00
 1.12138347e+00
 1.12130142e+00
 1.12116477e+00
 1.12097365e+00
 1.12072828e+00
 1.12042911e+00
 1.12007702e+00
 1.11967359e+00
 1.11922135e+00
 1.11872380e+00
 1.11818548e+00
 1.11761179e+00
 1.11700893e+00
 1.11638384e+00
 1.11574414e+00
 1.11509811e+00
 1.11445462e+00
 1.11382302e+00
 1.11321300e+00
 1.11263429e+00
 1.11209629e+00
 1.11160745e+00
 1.11117456e+00
 1.11080175e+00
 1.11048961e+00
 1.11023489e+00
 1.11003144e+00
 1.10987221e+00
 1.10975150e+00
 1.10966608e+00
 1.10961487e+00
 1.10959777e+00
 1.12606083e+00
 1.12602687e+00
 1.12592501e+00
 1.12575538e+00
 1.12551835e+00
 1.12521459e+00
 1.12484515e+00
 1.12441162e+00
 1.12391633e+00
 1.12336247e+00
 1.12275432e+00
 1.12209718e+00
 1.12139741e+00
 1.12066233e+00
 1.11990014e+00
 1.11911985e+00
 1.11833128e+00
 1.11754491e+00
 1.11677174e+00
 1.11602310e+00
 1.11531022e+00
 1.11464373e+00
 1.11403291e+00
 1.11348491e+00
 1.11300391e+00
 1.11259074e+00
 1.11224314e+00
 1.11195691e+00
 1.11172748e+00
 1.11155121e+00
 1.11142594e+00
 1.11135081e+00
 1.11132574e+00
 1.13102610e+00
 1.13098489e+00
 1.13086141e+00
 1.13065608e+00
 1.13036965e+00
 1.13000320e+00
 1.12955833e+00
 1.12903730e+00
 1.12844315e+00
 1.12777990e+00
 1.12705265e+00
 1.12626763e+00
 1.12543222e+00
 1.12455489e+00
 1.12364510e+00
 1.12271330e+00
 1.12177079e+00
 1.12082965e+00
 1.11990256e+00
 1.11900248e+00
 1.11814222e+00
 1.11733378e+00
 1.11658764e+00
 1.11591192e+00
 1.11531182e+00
 1.11478941e+00
 1.11434409e+00
 1.11397358e+00
 1.11367493e+00
 1.11344545e+00
 1.11328302e+00
 1.11318616e+00
 1.11315397e+00
 1.13625360e+00
 1.13620484e+00
 1.13605877e+00
 1.13581596e+00
 1.13547744e+00
 1.13504474e+00
 1.13452006e+00
 1.13390630e+00
 1.13320731e+00
 1.13242797e+00
 1.13157429e+00
 1.13065352e+00
 1.12967412e+00
 1.12864573e+00
 1.12757909e+00
 1.12648603e+00
 1.12537932e+00
 1.12427261e+00
 1.12318018e+00
 1.12211669e+00
 1.12109661e+00
 1.12013359e+00
 1.11923973e+00
 1.11842477e+00
 1.11769563e+00
 1.11705625e+00
 1.11650790e+00
 1.11604987e+00
 1.11568021e+00
 1.11539643e+00
 1.11519600e+00
 1.11507672e+00
 1.11503713e+00
 1.14169008e+00
 1.14163345e+00
 1.14146379e+00
 1.14118184e+00
 1.14078892e+00
 1.14028699e+00
 1.13967882e+00
 1.13896803e+00
 1.13815926e+00
 1.13725829e+00
 1.13627212e+00
 1.13520906e+00
 1.13407870e+00
 1.13289187e+00
 1.13166059e+00
 1.13039797e+00
 1.12911819e+00
 1.12783638e+00
 1.12656842e+00
 1.12533064e+00
 1.12413930e+00
 1.12300998e+00
 1.12195675e+00
 1.12099152e+00
 1.12012343e+00
 1.11935863e+00
 1.11870034e+00
 1.11814923e+00
 1.11770402e+00
 1.11736221e+00
 1.11712088e+00
 1.11697733e+00
 1.11692971e+00
 1.14728009e+00
 1.14721523e+00
 1.14702098e+00
 1.14669835e+00
 1.14624902e+00
 1.14567544e+00
 1.14498090e+00
 1.14416972e+00
 1.14324732e+00
 1.14222042e+00
 1.14109705e+00
 1.13988662e+00
 1.13859989e+00
 1.13724889e+00
 1.13584683e+00
 1.13440806e+00
 1.13294803e+00
 1.13148323e+00
 1.13003105e+00
 1.12860949e+00
 1.12723667e+00
 1.12593026e+00
 1.12470662e+00
 1.12358016e+00
 1.12256260e+00
 1.12166260e+00
 1.12088554e+00
 1.12023371e+00
 1.11970665e+00
 1.11930194e+00
 1.11901621e+00
 1.11884626e+00
 1.11878986e+00
 1.15296371e+00
 1.15289052e+00
 1.15267135e+00
 1.15230739e+00
 1.15180061e+00
 1.15115390e+00
 1.15037110e+00
 1.14945720e+00
 1.14841846e+00
 1.14726258e+00
 1.14599869e+00
 1.14463738e+00
 1.14319060e+00
 1.14167153e+00
 1.14009452e+00
 1.13847502e+00
 1.13682959e+00
 1.13517589e+00
 1.13353267e+00
 1.13191952e+00
 1.13035646e+00
 1.12886329e+00
 1.12745886e+00
 1.12616024e+00
 1.12498197e+00
 1.12393545e+00
 1.12302857e+00
 1.12226567e+00
 1.12164776e+00
 1.12117319e+00
 1.12083858e+00
 1.12063997e+00
 1.12057418e+00
 1.15868212e+00
 1.15860062e+00
 1.15835652e+00
 1.15795108e+00
 1.15738648e+00
 1.15666591e+00
 1.15579376e+00
 1.15477574e+00
 1.15361902e+00
 1.15233235e+00
 1.15092607e+00
 1.14941201e+00
 1.14780333e+00
 1.14611436e+00
 1.14436047e+00
 1.14255800e+00
 1.14072437e+00
 1.13887820e+00
 1.13703937e+00
 1.13522893e+00
 1.13346869e+00
 1.13178062e+00
 1.13018605e+00
 1.12870483e+00
 1.12735440e+00
 1.12614907e+00
 1.12509943e+00
 1.12421214e+00
 1.12349008e+00
 1.12293298e+00
 1.12253847e+00
 1.12230345e+00
 1.12222541e+00
 1.16437980e+00
 1.16428992e+00
 1.16402073e+00
 1.16357354e+00
 1.16295071e+00
 1.16215578e+00
 1.16119367e+00
 1.16007083e+00
 1.15879542e+00
 1.15737733e+00
 1.15582820e+00
 1.15416120e+00
 1.15239077e+00
 1.15053233e+00
 1.14860210e+00
 1.14661707e+00
 1.14459519e+00
 1.14255570e+00
 1.14051934e+00
 1.13850840e+00
 1.13654637e+00
 1.13465731e+00
 1.13286505e+00
 1.13119217e+00
 1.12965910e+00
 1.12828323e+00
 1.12707818e+00
 1.12605340e+00
 1.12521434e+00
 1.12456311e+00
 1.12409955e+00
 1.12382234e+00
 1.12373013e+00
 1.17000184e+00
 1.16990350e+00
 1.16960895e+00
 1.16911968e+00
 1.16843831e+00
 1.16756874e+00
 1.16651646e+00
 1.16528873e+00
 1.16389474e+00
 1.16234567e+00
 1.16065461e+00
 1.15883621e+00
 1.15690625e+00
 1.15488120e+00
 1.15277792e+00
 1.15061370e+00
 1.14840658e+00
 1.14617598e+00
 1.14394314e+00
 1.14173137e+00
 1.13956572e+00
 1.13747232e+00
 1.13547739e+00
 1.13360625e+00
 1.13188235e+00
 1.13032644e+00
 1.12895571e+00
 1.12778321e+00
 1.12681771e+00
 1.12606422e+00
 1.12552510e+00
 1.12520132e+00
 1.12509334e+00
 1.17549296e+00
 1.17538619e+00
 1.17506636e+00
 1.17453508e+00
 1.17379522e+00
 1.17285116e+00
 1.17170900e+00
 1.17037691e+00
 1.16886523e+00
 1.16718664e+00
 1.16535587e+00
 1.16338930e+00
 1.16130417e+00
 1.15911795e+00
 1.15684787e+00
 1.15451103e+00
 1.15212501e+00
 1.14970881e+00
 1.14728375e+00
 1.14487392e+00
 1.14250596e+00
 1.14020807e+00
 1.13800888e+00
 1.13593633e+00
 1.13401679e+00
 1.13227444e+00
 1.13073055e+00
 1.12940278e+00
 1.12830461e+00
 1.12744512e+00
 1.12682947e+00
 1.12645978e+00
 1.12633656e+00
 1.18080061e+00
 1.18068536e+00
 1.18034023e+00
 1.17976709e+00
 1.17896914e+00
 1.17795121e+00
 1.17672003e+00
 1.17528471e+00
 1.17365693e+00
 1.17185109e+00
 1.16988401e+00
 1.16777412e+00
 1.16554034e+00
 1.16320105e+00
 1.16077351e+00
 1.15827404e+00
 1.15571895e+00
 1.15312609e+00
 1.15051630e+00
 1.14791431e+00
 1.14534844e+00
 1.14284935e+00
 1.14044825e+00
 1.13817554e+00
 1.13606005e+00
 1.13412888e+00
 1.13240705e+00
 1.13091693e+00
 1.12967722e+00
 1.12870214e+00
 1.12800107e+00
 1.12757911e+00
 1.12743829e+00
 1.18587210e+00
 1.18574872e+00
 1.18537916e+00
 1.18476524e+00
 1.18391039e+00
 1.18281986e+00
 1.18150108e+00
 1.17996415e+00
 1.17822231e+00
 1.17629213e+00
 1.17419307e+00
 1.17194620e+00
 1.16957240e+00
 1.16709086e+00
 1.16451837e+00
 1.16186969e+00
 1.15915892e+00
 1.15640172e+00
 1.15361775e+00
 1.15083220e+00
 1.14807557e+00
 1.14538173e+00
 1.14278512e+00
 1.14031860e+00
 1.13801279e+00
 1.13589656e+00
 1.13399761e+00
 1.13234228e+00
 1.13095454e+00
 1.12985466e+00
 1.12905828e+00
 1.12857625e+00
 1.12841488e+00
 1.19066333e+00
 1.19053178e+00
 1.19013787e+00
 1.18948384e+00
 1.18857338e+00
 1.18741199e+00
 1.18600749e+00
 1.18437085e+00
 1.18251710e+00
 1.18046568e+00
 1.17823966e+00
 1.17586350e+00
 1.17336036e+00
 1.17074999e+00
 1.16804811e+00
 1.16526699e+00
 1.16241734e+00
 1.15951136e+00
 1.15656644e+00
 1.15360800e+00
 1.15066957e+00
 1.14778971e+00
 1.14500746e+00
 1.14235870e+00
 1.13987517e+00
 1.13758600e+00
 1.13551992e+00
 1.13370633e+00
 1.13217442e+00
 1.13095132e+00
 1.13006010e+00
 1.12951822e+00
 1.12933639e+00
 1.19512671e+00
 1.19498771e+00
 1.19457136e+00
 1.19387973e+00
 1.19291651e+00
 1.19168715e+00
 1.19019942e+00
 1.18846494e+00
 1.18650101e+00
 1.18433117e+00
 1.18198357e+00
 1.17948711e+00
 1.17686733e+00
 1.17414396e+00
 1.17133085e+00
 1.16843698e+00
 1.16546841e+00
 1.16243210e+00
 1.15934169e+00
 1.15622234e+00
 1.15311166e+00
 1.15005526e+00
 1.14709933e+00
 1.14428418e+00
 1.14164234e+00
 1.13920123e+00
 1.13698816e+00
 1.13503379e+00
 1.13337201e+00
 1.13203686e+00
 1.13105866e+00
 1.13046130e+00
 1.13026035e+00
 1.19922551e+00
 1.19907934e+00
 1.19864192e+00
 1.19791586e+00
 1.19690432e+00
 1.19561125e+00
 1.19404310e+00
 1.19221185e+00
 1.19013822e+00
 1.18785203e+00
 1.18538861e+00
 1.18278230e+00
 1.18006057e+00
 1.17724193e+00
 1.17433754e+00
 1.17135269e+00
 1.16828766e+00
 1.16514204e+00
 1.16192344e+00
 1.15865575e+00
 1.15538178e+00
 1.15215742e+00
 1.14903979e+00
 1.14607640e+00
 1.14330094e+00
 1.14073692e+00
 1.13840616e+00
 1.13633688e+00
 1.13456614e+00
 1.13313541e+00
 1.13208354e+00
 1.13144057e+00
 1.13122435e+00
 1.20291590e+00
 1.20276545e+00
 1.20231392e+00
 1.20156151e+00
 1.20050919e+00
 1.19915796e+00
 1.19751141e+00
 1.19558237e+00
 1.19339756e+00
 1.19099632e+00
 1.18842355e+00
 1.18571973e+00
 1.18291273e+00
 1.18001763e+00
 1.17704230e+00
 1.17398901e+00
 1.17085161e+00
 1.16761961e+00
 1.16429164e+00
 1.16088848e+00
 1.15745898e+00
 1.15407307e+00
 1.15080385e+00
 1.14771000e+00
 1.14482818e+00
 1.14217646e+00
 1.13976579e+00
 1.13761485e+00
 1.13575938e+00
 1.13424797e+00
 1.13312840e+00
 1.13243894e+00
 1.13220585e+00
 1.20619386e+00
 1.20603739e+00
 1.20557059e+00
 1.20479694e+00
 1.20371283e+00
 1.20230880e+00
 1.20058277e+00
 1.19855154e+00
 1.19625244e+00
 1.19373759e+00
 1.19106352e+00
 1.18827687e+00
 1.18540307e+00
 1.18245014e+00
 1.17942274e+00
 1.17632265e+00
 1.17313723e+00
 1.16984269e+00
 1.16642531e+00
 1.16290015e+00
 1.15932202e+00
 1.15577891e+00
 1.15236545e+00
 1.14915622e+00
 1.14619397e+00
 1.14349231e+00
 1.14104746e+00
 1.13885776e+00
 1.13694628e+00
 1.13536996e+00
 1.13419919e+00
 1.13348399e+00
 1.13324431e+00
 1.20896600e+00
 1.20881562e+00
 1.20836480e+00
 1.20760373e+00
 1.20650644e+00
 1.20505036e+00
 1.20323724e+00
 1.20109693e+00
 1.19868126e+00
 1.19605639e+00
 1.19329146e+00
 1.19043909e+00
 1.18751805e+00
 1.18452426e+00
 1.18146027e+00
 1.17833233e+00
 1.17512186e+00
 1.17178781e+00
 1.16830153e+00
 1.16466904e+00
 1.16094987e+00
 1.15725363e+00
 1.15370180e+00
 1.15038876e+00
 1.14736660e+00
 1.14464862e+00
 1.14221871e+00
 1.14004764e+00
 1.13812156e+00
 1.13647607e+00
 1.13520377e+00
 1.13440618e+00
 1.13413689e+00
 1.21126113e+00
 1.21113814e+00
 1.21074225e+00
 1.21001165e+00
 1.20889148e+00
 1.20736459e+00
 1.20545148e+00
 1.20319822e+00
 1.20066903e+00
 1.19794208e+00
 1.19509932e+00
 1.19219976e+00
 1.18925080e+00
 1.18622999e+00
 1.18314035e+00
 1.17999943e+00
 1.17678353e+00
 1.17342988e+00
 1.16989459e+00
 1.16617137e+00
 1.16232179e+00
 1.15847966e+00
 1.15479710e+00
 1.15139011e+00
 1.14832135e+00
 1.14560874e+00
 1.14323301e+00
 1.14114616e+00
 1.13929151e+00
 1.13764313e+00
 1.13626164e+00
 1.13530908e+00
 1.13496550e+00
 1.21331155e+00
 1.21319527e+00
 1.21280050e+00
 1.21203435e+00
 1.21083968e+00
 1.20921679e+00
 1.20719902e+00
 1.20483973e+00
 1.20220899e+00
 1.19939358e+00
 1.19648819e+00
 1.19355927e+00
 1.19059914e+00
 1.18756132e+00
 1.18445282e+00
 1.18130891e+00
 1.17810175e+00
 1.17474292e+00
 1.17117638e+00
 1.16738112e+00
 1.16341740e+00
 1.15944387e+00
 1.15564420e+00
 1.15215503e+00
 1.14904786e+00
 1.14634775e+00
 1.14404114e+00
 1.14207861e+00
 1.14038788e+00
 1.13889898e+00
 1.13760619e+00
 1.13665619e+00
 1.13629802e+00
 1.21504659e+00
 1.21491027e+00
 1.21444825e+00
 1.21358168e+00
 1.21228396e+00
 1.21056576e+00
 1.20845796e+00
 1.20601301e+00
 1.20330218e+00
 1.20041789e+00
 1.19746651e+00
 1.19452269e+00
 1.19156289e+00
 1.18851466e+00
 1.18539187e+00
 1.18225005e+00
 1.17905843e+00
 1.17570208e+00
 1.17211839e+00
 1.16827133e+00
 1.16421736e+00
 1.16013746e+00
 1.15624347e+00
 1.15268899e+00
 1.14955090e+00
 1.14686071e+00
 1.14461385e+00
 1.14276836e+00
 1.14126029e+00
 1.14002007e+00
 1.13899873e+00
 1.13824041e+00
 1.13794124e+00
 1.21623452e+00
 1.21606049e+00
 1.21550598e+00
 1.21454341e+00
 1.21316680e+00
 1.21138318e+00
 1.20921610e+00
 1.20671613e+00
 1.20395420e+00
 1.20102597e+00
 1.19804638e+00
 1.19509689e+00
 1.19214176e+00
 1.18908766e+00
 1.18595532e+00
 1.18281657e+00
 1.17963899e+00
 1.17628670e+00
 1.17269540e+00
 1.16881735e+00
 1.16470504e+00
 1.16055527e+00
 1.15659958e+00
 1.15300280e+00
 1.14984395e+00
 1.14715861e+00
 1.14494940e+00
 1.14318084e+00
 1.14179987e+00
 1.14075276e+00
 1.13999202e+00
 1.13949351e+00
 1.13930122e+00
 1.21665900e+00
 1.21646118e+00
 1.21586558e+00
 1.21486732e+00
 1.21346290e+00
 1.21165666e+00
 1.20946907e+00
 1.20695024e+00
 1.20417075e+00
 1.20122741e+00
 1.19823828e+00
 1.19528756e+00
 1.19233488e+00
 1.18927884e+00
 1.18614307e+00
 1.18300564e+00
 1.17983367e+00
 1.17648315e+00
 1.17288984e+00
 1.16900152e+00
 1.16486897e+00
 1.16069478e+00
 1.15671758e+00
 1.15310615e+00
 1.14993991e+00
 1.14725582e+00
 1.14505916e+00
 1.14331671e+00
 1.14197925e+00
 1.14099992e+00
 1.14033578e+00
 1.13995226e+00
 1.13982700e+00
