 1.52750300e+00
 1.52776354e+00
 1.52853844e+00
 1.52980694e+00
 1.53153326e+00
 1.53366488e+00
 1.53613060e+00
 1.53884013e+00
 1.54169209e+00
 1.54457111e+00
 1.54733930e+00
 1.54983510e+00
 1.55186531e+00
 1.55325437e+00
 1.55396262e+00
 1.55408748e+00
 1.55379002e+00
 1.55329261e+00
 1.55292105e+00
 1.55314075e+00
 1.55437570e+00
 1.55667902e+00
 1.55954973e+00
 1.56249059e+00
 1.56523329e+00
 1.56768115e+00
 1.56980246e+00
 1.57159270e+00
 1.57305222e+00
 1.57418326e+00
 1.57498853e+00
 1.57547054e+00
 1.57563100e+00
 1.52671756e+00
 1.52705254e+00
 1.52795146e+00
 1.52931849e+00
 1.53110862e+00
 1.53327749e+00
 1.53576418e+00
 1.53848582e+00
 1.54134496e+00
 1.54422832e+00
 1.54700002e+00
 1.54950045e+00
 1.55154083e+00
 1.55295142e+00
 1.55369269e+00
 1.55385854e+00
 1.55360862e+00
 1.55316460e+00
 1.55284949e+00
 1.55311593e+00
 1.55436999e+00
 1.55665592e+00
 1.55949754e+00
 1.56241545e+00
 1.56514724e+00
 1.56759657e+00
 1.56973489e+00
 1.57156477e+00
 1.57310116e+00
 1.57436823e+00
 1.57538690e+00
 1.57613968e+00
 1.57646332e+00
 1.52462488e+00
 1.52507376e+00
 1.52624583e+00
 1.52787473e+00
 1.52984481e+00
 1.53212184e+00
 1.53467044e+00
 1.53742819e+00
 1.54030903e+00
 1.54320607e+00
 1.54598919e+00
 1.54850493e+00
 1.55057688e+00
 1.55205098e+00
 1.55288853e+00
 1.55317425e+00
 1.55306321e+00
 1.55277430e+00
 1.55262096e+00
 1.55301976e+00
 1.55432773e+00
 1.55656825e+00
 1.55933010e+00
 1.56218380e+00
 1.56488445e+00
 1.56733848e+00
 1.56952666e+00
 1.57147212e+00
 1.57323011e+00
 1.57487926e+00
 1.57646329e+00
 1.57781010e+00
 1.57838190e+00
 1.52188995e+00
 1.52239031e+00
 1.52373810e+00
 1.52561617e+00
 1.52780359e+00
 1.53022952e+00
 1.53287060e+00
 1.53568501e+00
 1.53860150e+00
 1.54152279e+00
 1.54432756e+00
 1.54687265e+00
 1.54899986e+00
 1.55057640e+00
 1.55156593e+00
 1.55204133e+00
 1.55214959e+00
 1.55210291e+00
 1.55219592e+00
 1.55279202e+00
 1.55418063e+00
 1.55636394e+00
 1.55901464e+00
 1.56177488e+00
 1.56442814e+00
 1.56688868e+00
 1.56915033e+00
 1.57126169e+00
 1.57331699e+00
 1.57541892e+00
 1.57753096e+00
 1.57925110e+00
 1.57993145e+00
 1.51921602e+00
 1.51967729e+00
 1.52096705e+00
 1.52286296e+00
 1.52514448e+00
 1.52768082e+00
 1.53041208e+00
 1.53329115e+00
 1.53625316e+00
 1.53920933e+00
 1.54204831e+00
 1.54464028e+00
 1.54684801e+00
 1.54856120e+00
 1.54974760e+00
 1.55046849e+00
 1.55085927e+00
 1.55111951e+00
 1.55151502e+00
 1.55234704e+00
 1.55383427e+00
 1.55596562e+00
 1.55849685e+00
 1.56114926e+00
 1.56374246e+00
 1.56620263e+00
 1.56853200e+00
 1.57078455e+00
 1.57303590e+00
 1.57530560e+00
 1.57742567e+00
 1.57899754e+00
 1.57958462e+00
 1.51679073e+00
 1.51714259e+00
 1.51818980e+00
 1.51987253e+00
 1.52205818e+00
 1.52459616e+00
 1.52737135e+00
 1.53030128e+00
 1.53330947e+00
 1.53630841e+00
 1.53919477e+00
 1.54185261e+00
 1.54416528e+00
 1.54604299e+00
 1.54745869e+00
 1.54846359e+00
 1.54917855e+00
 1.54978372e+00
 1.55050809e+00
 1.55159006e+00
 1.55318665e+00
 1.55528247e+00
 1.55770413e+00
 1.56024635e+00
 1.56276645e+00
 1.56520075e+00
 1.56754385e+00
 1.56981523e+00
 1.57200618e+00
 1.57401212e+00
 1.57562196e+00
 1.57663324e+00
 1.57697010e+00
 1.51383977e+00
 1.51414555e+00
 1.51506194e+00
 1.51657146e+00
 1.51861156e+00
 1.52107311e+00
 1.52383359e+00
 1.52678384e+00
 1.52982804e+00
 1.53287225e+00
 1.53581696e+00
 1.53855786e+00
 1.54099594e+00
 1.54305815e+00
 1.54472248e+00
 1.54603143e+00
 1.54708912e+00
 1.54805071e+00
 1.54910447e+00
 1.55043188e+00
 1.55214245e+00
 1.55422235e+00
 1.55655282e+00
 1.55898799e+00
 1.56141730e+00
 1.56378026e+00
 1.56604855e+00
 1.56819111e+00
 1.57013537e+00
 1.57175862e+00
 1.57294152e+00
 1.57363697e+00
 1.57386304e+00
 1.51021452e+00
 1.51051090e+00
 1.51139046e+00
 1.51282583e+00
 1.51476986e+00
 1.51714851e+00
 1.51986318e+00
 1.52280576e+00
 1.52587085e+00
 1.52895760e+00
 1.53196719e+00
 1.53480353e+00
 1.53738084e+00
 1.53963837e+00
 1.54155768e+00
 1.54317309e+00
 1.54457066e+00
 1.54587769e+00
 1.54724232e+00
 1.54879851e+00
 1.55062180e+00
 1.55270203e+00
 1.55495914e+00
 1.55729011e+00
 1.55960739e+00
 1.56184870e+00
 1.56396396e+00
 1.56589504e+00
 1.56756794e+00
 1.56891121e+00
 1.56988258e+00
 1.57046856e+00
 1.57066463e+00
 1.50614666e+00
 1.50642821e+00
 1.50726725e+00
 1.50864404e+00
 1.51051936e+00
 1.51283160e+00
 1.51549783e+00
 1.51842010e+00
 1.52149474e+00
 1.52461925e+00
 1.52769564e+00
 1.53063336e+00
 1.53335557e+00
 1.53580952e+00
 1.53797814e+00
 1.53988730e+00
 1.54160475e+00
 1.54322997e+00
 1.54487489e+00
 1.54663597e+00
 1.54856506e+00
 1.55065509e+00
 1.55285141e+00
 1.55507940e+00
 1.55726713e+00
 1.55935216e+00
 1.56127641e+00
 1.56298125e+00
 1.56441211e+00
 1.56553045e+00
 1.56632045e+00
 1.56678577e+00
 1.56693870e+00
 1.50158702e+00
 1.50186326e+00
 1.50268499e+00
 1.50403106e+00
 1.50586502e+00
 1.50813287e+00
 1.51076236e+00
 1.51366582e+00
 1.51674642e+00
 1.51990517e+00
 1.52304696e+00
 1.52608571e+00
 1.52895039e+00
 1.53159267e+00
 1.53399467e+00
 1.53617338e+00
 1.53817891e+00
 1.54008522e+00
 1.54197365e+00
 1.54391191e+00
 1.54593504e+00
 1.54803747e+00
 1.55018031e+00
 1.55230735e+00
 1.55435887e+00
 1.55627778e+00
 1.55801105e+00
 1.55951216e+00
 1.56074692e+00
 1.56169858e+00
 1.56236720e+00
 1.56276212e+00
 1.56289257e+00
 1.49660532e+00
 1.49687808e+00
 1.49768955e+00
 1.49901895e+00
 1.50083069e+00
 1.50307377e+00
 1.50568185e+00
 1.50857505e+00
 1.51166397e+00
 1.51485554e+00
 1.51805935e+00
 1.52119368e+00
 1.52419148e+00
 1.52700642e+00
 1.52961812e+00
 1.53203459e+00
 1.53428985e+00
 1.53643577e+00
 1.53852894e+00
 1.54061532e+00
 1.54271757e+00
 1.54483022e+00
 1.54692404e+00
 1.54895563e+00
 1.55087663e+00
 1.55264000e+00
 1.55420432e+00
 1.55553787e+00
 1.55662210e+00
 1.55745203e+00
 1.55803305e+00
 1.55837535e+00
 1.55848821e+00
 1.49125014e+00
 1.49152183e+00
 1.49232982e+00
 1.49365285e+00
 1.49545548e+00
 1.49768820e+00
 1.50028806e+00
 1.50318032e+00
 1.50628178e+00
 1.50950548e+00
 1.51276632e+00
 1.51598695e+00
 1.51910334e+00
 1.52206977e+00
 1.52486255e+00
 1.52748112e+00
 1.52994540e+00
 1.53228903e+00
 1.53454912e+00
 1.53675518e+00
 1.53892054e+00
 1.54103908e+00
 1.54308786e+00
 1.54503334e+00
 1.54683820e+00
 1.54846715e+00
 1.54989157e+00
 1.55109275e+00
 1.55206302e+00
 1.55280420e+00
 1.55332398e+00
 1.55363134e+00
 1.55373299e+00
 1.48558350e+00
 1.48585538e+00
 1.48666371e+00
 1.48798675e+00
 1.48978870e+00
 1.49202049e+00
 1.49462094e+00
 1.49751875e+00
 1.50063540e+00
 1.50388918e+00
 1.50720002e+00
 1.51049467e+00
 1.51371157e+00
 1.51680504e+00
 1.51974790e+00
 1.52253192e+00
 1.52516524e+00
 1.52766685e+00
 1.53005881e+00
 1.53235827e+00
 1.53457142e+00
 1.53669134e+00
 1.53869964e+00
 1.54057082e+00
 1.54227753e+00
 1.54379545e+00
 1.54510706e+00
 1.54620356e+00
 1.54708465e+00
 1.54775628e+00
 1.54822721e+00
 1.54850585e+00
 1.54859805e+00
 1.47967574e+00
 1.47994833e+00
 1.48075859e+00
 1.48208427e+00
 1.48388908e+00
 1.48612391e+00
 1.48872850e+00
 1.49163373e+00
 1.49476452e+00
 1.49804338e+00
 1.50139456e+00
 1.50474842e+00
 1.50804552e+00
 1.51124002e+00
 1.51430161e+00
 1.51721559e+00
 1.51998058e+00
 1.52260410e+00
 1.52509676e+00
 1.52746637e+00
 1.52971383e+00
 1.53183152e+00
 1.53380454e+00
 1.53561392e+00
 1.53724059e+00
 1.53866914e+00
 1.53989044e+00
 1.54090266e+00
 1.54171047e+00
 1.54232288e+00
 1.54275042e+00
 1.54300258e+00
 1.54308586e+00
 1.47360070e+00
 1.47387399e+00
 1.47468612e+00
 1.47601426e+00
 1.47782151e+00
 1.48005848e+00
 1.48266545e+00
 1.48557484e+00
 1.48871418e+00
 1.49200939e+00
 1.49538832e+00
 1.49878441e+00
 1.50214007e+00
 1.50540934e+00
 1.50855935e+00
 1.51157023e+00
 1.51443316e+00
 1.51714687e+00
 1.51971330e+00
 1.52213335e+00
 1.52440394e+00
 1.52651696e+00
 1.52846026e+00
 1.53021997e+00
 1.53178349e+00
 1.53314209e+00
 1.53429266e+00
 1.53523813e+00
 1.53598674e+00
 1.53655016e+00
 1.53694111e+00
 1.53717068e+00
 1.53724634e+00
 1.46743826e+00
 1.46771147e+00
 1.46852324e+00
 1.46985033e+00
 1.47165538e+00
 1.47388879e+00
 1.47649125e+00
 1.47939651e+00
 1.48253431e+00
 1.48583343e+00
 1.48922479e+00
 1.49264445e+00
 1.49603643e+00
 1.49935482e+00
 1.50256484e+00
 1.50564268e+00
 1.50857384e+00
 1.51135048e+00
 1.51396805e+00
 1.51642230e+00
 1.51870718e+00
 1.52081422e+00
 1.52273335e+00
 1.52445464e+00
 1.52597041e+00
 1.52727697e+00
 1.52837554e+00
 1.52927234e+00
 1.52997771e+00
 1.53050476e+00
 1.53086758e+00
 1.53107906e+00
 1.53114843e+00
 1.46126557e+00
 1.46153763e+00
 1.46234572e+00
 1.46366607e+00
 1.46546094e+00
 1.46768086e+00
 1.47026737e+00
 1.47315582e+00
 1.47627818e+00
 1.47956581e+00
 1.48295225e+00
 1.48637582e+00
 1.48978201e+00
 1.49312512e+00
 1.49636910e+00
 1.49948729e+00
 1.50246106e+00
 1.50527764e+00
 1.50792771e+00
 1.51040313e+00
 1.51269557e+00
 1.51479621e+00
 1.51669645e+00
 1.51838929e+00
 1.51987080e+00
 1.52114123e+00
 1.52220540e+00
 1.52307233e+00
 1.52375418e+00
 1.52426470e+00
 1.52461747e+00
 1.52482397e+00
 1.52489191e+00
 1.45516448e+00
 1.45543308e+00
 1.45623084e+00
 1.45753426e+00
 1.45930619e+00
 1.46149828e+00
 1.46405366e+00
 1.46690962e+00
 1.47000032e+00
 1.47325944e+00
 1.47662274e+00
 1.48003051e+00
 1.48342960e+00
 1.48677477e+00
 1.49002931e+00
 1.49316464e+00
 1.49615922e+00
 1.49899673e+00
 1.50166426e+00
 1.50415070e+00
 1.50644584e+00
 1.50854034e+00
 1.51042646e+00
 1.51209915e+00
 1.51355715e+00
 1.51480364e+00
 1.51584622e+00
 1.51669606e+00
 1.51736651e+00
 1.51787129e+00
 1.51822261e+00
 1.51842970e+00
 1.51849811e+00
 1.44919572e+00
 1.44945802e+00
 1.45023742e+00
 1.45151201e+00
 1.45324677e+00
 1.45539569e+00
 1.45790420e+00
 1.46071178e+00
 1.46375466e+00
 1.46696850e+00
 1.47029100e+00
 1.47366423e+00
 1.47703643e+00
 1.48036316e+00
 1.48360761e+00
 1.48674018e+00
 1.48973737e+00
 1.49258035e+00
 1.49525353e+00
 1.49774340e+00
 1.50003806e+00
 1.50212736e+00
 1.50400366e+00
 1.50566288e+00
 1.50710527e+00
 1.50833580e+00
 1.50936369e+00
 1.51020129e+00
 1.51086242e+00
 1.51136053e+00
 1.51170730e+00
 1.51191164e+00
 1.51197911e+00
 1.44338517e+00
 1.44363947e+00
 1.44439567e+00
 1.44563387e+00
 1.44732187e+00
 1.44941663e+00
 1.45186633e+00
 1.45461277e+00
 1.45759418e+00
 1.46074806e+00
 1.46401393e+00
 1.46733570e+00
 1.47066327e+00
 1.47395348e+00
 1.47717005e+00
 1.48028309e+00
 1.48326800e+00
 1.48610422e+00
 1.48877411e+00
 1.49126215e+00
 1.49355474e+00
 1.49564052e+00
 1.49751126e+00
 1.49916278e+00
 1.50059572e+00
 1.50181571e+00
 1.50283273e+00
 1.50365988e+00
 1.50431161e+00
 1.50480199e+00
 1.50514312e+00
 1.50534410e+00
 1.50541047e+00
 1.43774760e+00
 1.43799370e+00
 1.43872585e+00
 1.43992586e+00
 1.44156402e+00
 1.44360007e+00
 1.44598479e+00
 1.44866217e+00
 1.45157232e+00
 1.45465457e+00
 1.45785046e+00
 1.46110611e+00
 1.46437368e+00
 1.46761185e+00
 1.47078559e+00
 1.47386538e+00
 1.47682617e+00
 1.47964628e+00
 1.48230648e+00
 1.48478950e+00
 1.48707997e+00
 1.48916494e+00
 1.49103483e+00
 1.49268446e+00
 1.49411381e+00
 1.49532825e+00
 1.49633786e+00
 1.49715612e+00
 1.49779822e+00
 1.49827920e+00
 1.49861238e+00
 1.49880803e+00
 1.49887253e+00
 1.43230981e+00
 1.43254804e+00
 1.43325717e+00
 1.43442053e+00
 1.43601038e+00
 1.43798844e+00
 1.44030719e+00
 1.44291212e+00
 1.44574486e+00
 1.44874667e+00
 1.45186163e+00
 1.45503881e+00
 1.45823339e+00
 1.46140664e+00
 1.46452539e+00
 1.46756109e+00
 1.47048874e+00
 1.47328598e+00
 1.47593234e+00
 1.47840894e+00
 1.48069864e+00
 1.48278657e+00
 1.48466121e+00
 1.48631551e+00
 1.48774793e+00
 1.48896280e+00
 1.48996987e+00
 1.49078282e+00
 1.49141748e+00
 1.49188995e+00
 1.49221502e+00
 1.49240474e+00
 1.49246704e+00
 1.42710447e+00
 1.42733634e+00
 1.42802660e+00
 1.42915907e+00
 1.43070666e+00
 1.43263172e+00
 1.43488727e+00
 1.43741940e+00
 1.44017092e+00
 1.44308538e+00
 1.44611025e+00
 1.44919864e+00
 1.45230961e+00
 1.45540773e+00
 1.45846218e+00
 1.46144577e+00
 1.46433388e+00
 1.46710377e+00
 1.46973398e+00
 1.47220422e+00
 1.47449558e+00
 1.47659114e+00
 1.47847701e+00
 1.48014358e+00
 1.48158689e+00
 1.48280953e+00
 1.48382058e+00
 1.48463416e+00
 1.48526717e+00
 1.48573691e+00
 1.48605920e+00
 1.48624691e+00
 1.48630850e+00
 1.42218714e+00
 1.42241424e+00
 1.42308994e+00
 1.42419768e+00
 1.42571003e+00
 1.42758863e+00
 1.42978526e+00
 1.43224521e+00
 1.43491221e+00
 1.43773300e+00
 1.44065983e+00
 1.44365100e+00
 1.44667025e+00
 1.44968587e+00
 1.45266964e+00
 1.45559586e+00
 1.45844050e+00
 1.46118058e+00
 1.46379382e+00
 1.46625870e+00
 1.46855473e+00
 1.47066300e+00
 1.47256710e+00
 1.47425437e+00
 1.47571750e+00
 1.47695620e+00
 1.47797810e+00
 1.47879786e+00
 1.47943429e+00
 1.47990659e+00
 1.48023133e+00
 1.48042095e+00
 1.48048326e+00
 1.41762123e+00
 1.41784417e+00
 1.41850820e+00
 1.41959755e+00
 1.42108330e+00
 1.42292340e+00
 1.42506550e+00
 1.42745275e+00
 1.43003063e+00
 1.43275110e+00
 1.43557300e+00
 1.43846078e+00
 1.44138313e+00
 1.44431202e+00
 1.44722176e+00
 1.45008815e+00
 1.45288769e+00
 1.45559721e+00
 1.45819375e+00
 1.46065476e+00
 1.46295841e+00
 1.46508413e+00
 1.46701323e+00
 1.46872989e+00
 1.47022269e+00
 1.47148683e+00
 1.47252644e+00
 1.47335547e+00
 1.47399503e+00
 1.47446795e+00
 1.47479353e+00
 1.47498472e+00
 1.47504788e+00
 1.41344468e+00
 1.41366892e+00
 1.41433424e+00
 1.41541992e+00
 1.41689238e+00
 1.41870311e+00
 1.42079283e+00
 1.42310305e+00
 1.42558456e+00
 1.42819788e+00
 1.43090995e+00
 1.43369134e+00
 1.43651517e+00
 1.43935657e+00
 1.44219213e+00
 1.44499891e+00
 1.44775385e+00
 1.45043356e+00
 1.45301444e+00
 1.45547306e+00
 1.45778661e+00
 1.45993334e+00
 1.46189289e+00
 1.46364681e+00
 1.46517955e+00
 1.46648035e+00
 1.46754672e+00
 1.46838822e+00
 1.46902708e+00
 1.46949154e+00
 1.46980618e+00
 1.46998785e+00
 1.47004711e+00
 1.40976000e+00
 1.40998149e+00
 1.41064408e+00
 1.41173344e+00
 1.41320671e+00
 1.41499485e+00
 1.41702701e+00
 1.41924938e+00
 1.42162518e+00
 1.42412633e+00
 1.42672744e+00
 1.42940380e+00
 1.43213159e+00
 1.43488843e+00
 1.43765280e+00
 1.44040278e+00
 1.44311554e+00
 1.44576742e+00
 1.44833416e+00
 1.45079160e+00
 1.45311628e+00
 1.45528573e+00
 1.45727874e+00
 1.45907536e+00
 1.46065704e+00
 1.46200733e+00
 1.46311453e+00
 1.46397768e+00
 1.46461432e+00
 1.46506141e+00
 1.46536014e+00
 1.46553566e+00
 1.46559423e+00
 1.40647737e+00
 1.40671950e+00
 1.40743908e+00
 1.40859444e+00
 1.41009865e+00
 1.41185888e+00
 1.41381371e+00
 1.41593192e+00
 1.41819471e+00
 1.42058388e+00
 1.42307860e+00
 1.42565638e+00
 1.42829495e+00
 1.43097371e+00
 1.43367282e+00
 1.43637111e+00
 1.43904576e+00
 1.44167280e+00
 1.44422726e+00
 1.44668436e+00
 1.44902016e+00
 1.45121197e+00
 1.45323837e+00
 1.45507917e+00
 1.45671481e+00
 1.45812566e+00
 1.45929217e+00
 1.46019834e+00
 1.46084235e+00
 1.46125237e+00
 1.46148832e+00
 1.46161143e+00
 1.46165103e+00
 1.40374212e+00
 1.40404562e+00
 1.40489392e+00
 1.40614090e+00
 1.40764495e+00
 1.40933008e+00
 1.41117534e+00
 1.41317704e+00
 1.41532804e+00
 1.41761344e+00
 1.42001279e+00
 1.42250355e+00
 1.42506366e+00
 1.42767402e+00
 1.43031638e+00
 1.43297006e+00
 1.43561196e+00
 1.43821795e+00
 1.44076219e+00
 1.44321938e+00
 1.44556528e+00
 1.44777721e+00
 1.44983396e+00
 1.45171596e+00
 1.45340440e+00
 1.45487986e+00
 1.45612056e+00
 1.45710088e+00
 1.45779586e+00
 1.45819962e+00
 1.45835724e+00
 1.45837367e+00
 1.45836276e+00
 1.40209061e+00
 1.40241037e+00
 1.40326934e+00
 1.40446144e+00
 1.40584827e+00
 1.40739700e+00
 1.40911441e+00
 1.41100362e+00
 1.41305618e+00
 1.41525424e+00
 1.41757483e+00
 1.41999434e+00
 1.42249005e+00
 1.42504434e+00
 1.42764055e+00
 1.43025821e+00
 1.43287371e+00
 1.43546299e+00
 1.43799918e+00
 1.44045666e+00
 1.44281087e+00
 1.44503937e+00
 1.44712113e+00
 1.44903764e+00
 1.45077160e+00
 1.45230595e+00
 1.45362195e+00
 1.45469528e+00
 1.45549487e+00
 1.45599145e+00
 1.45619347e+00
 1.45620164e+00
 1.45617770e+00
 1.40142727e+00
 1.40170581e+00
 1.40242780e+00
 1.40342264e+00
 1.40462404e+00
 1.40602625e+00
 1.40763102e+00
 1.40943031e+00
 1.41140787e+00
 1.41354087e+00
 1.41580316e+00
 1.41817015e+00
 1.42061803e+00
 1.42313070e+00
 1.42569293e+00
 1.42828425e+00
 1.43088038e+00
 1.43345765e+00
 1.43598802e+00
 1.43844581e+00
 1.44080612e+00
 1.44304683e+00
 1.44514693e+00
 1.44708895e+00
 1.44885704e+00
 1.45043666e+00
 1.45181391e+00
 1.45297116e+00
 1.45388591e+00
 1.45453261e+00
 1.45489656e+00
 1.45501793e+00
 1.45502823e+00
 1.40131468e+00
 1.40151361e+00
 1.40204236e+00
 1.40284399e+00
 1.40390055e+00
 1.40520135e+00
 1.40673329e+00
 1.40847626e+00
 1.41040765e+00
 1.41250091e+00
 1.41472755e+00
 1.41706249e+00
 1.41948092e+00
 1.42196798e+00
 1.42450942e+00
 1.42708474e+00
 1.42966902e+00
 1.43223909e+00
 1.43476594e+00
 1.43722397e+00
 1.43958795e+00
 1.44183611e+00
 1.44394730e+00
 1.44590484e+00
 1.44769374e+00
 1.44930115e+00
 1.45071683e+00
 1.45192872e+00
 1.45292351e+00
 1.45368783e+00
 1.45421047e+00
 1.45449109e+00
 1.45456703e+00
 1.40133300e+00
 1.40148125e+00
 1.40192371e+00
 1.40265343e+00
 1.40365905e+00
 1.40492509e+00
 1.40643238e+00
 1.40815638e+00
 1.41007226e+00
 1.41215220e+00
 1.41436685e+00
 1.41669105e+00
 1.41909952e+00
 1.42157794e+00
 1.42411238e+00
 1.42668235e+00
 1.42926263e+00
 1.43183032e+00
 1.43435598e+00
 1.43681409e+00
 1.43917930e+00
 1.44142996e+00
 1.44354486e+00
 1.44550758e+00
 1.44730344e+00
 1.44892014e+00
 1.45034874e+00
 1.45157915e+00
 1.45260136e+00
 1.45340706e+00
 1.45398873e+00
 1.45434034e+00
 1.45445800e+00
