 1.10000000e+00
 1.10021328e+00
 1.10089207e+00
 1.10213344e+00
 1.10403482e+00
 1.10660610e+00
 1.10969887e+00
 1.11325895e+00
 1.11728599e+00
 1.12173288e+00
 1.12656034e+00
 1.13172288e+00
 1.13716807e+00
 1.14285017e+00
 1.14871424e+00
 1.15469875e+00
 1.16073662e+00
 1.16675480e+00
 1.17268643e+00
 1.17846586e+00
 1.18402435e+00
 1.18930557e+00
 1.19426083e+00
 1.19884308e+00
 1.20302025e+00
 1.20676148e+00
 1.21004429e+00
 1.21284896e+00
 1.21515969e+00
 1.21696619e+00
 1.21826125e+00
 1.21904009e+00
 1.21930000e+00
 1.09999998e+00
 1.10022498e+00
 1.10092148e+00
 1.10217019e+00
 1.10406405e+00
 1.10661607e+00
 1.10969906e+00
 1.11325447e+00
 1.11727542e+00
 1.12171676e+00
 1.12653842e+00
 1.13169483e+00
 1.13713394e+00
 1.14280936e+00
 1.14866620e+00
 1.15464300e+00
 1.16067282e+00
 1.16668317e+00
 1.17260717e+00
 1.17837919e+00
 1.18393121e+00
 1.18920699e+00
 1.19415782e+00
 1.19873749e+00
 1.20291381e+00
 1.20665700e+00
 1.20994559e+00
 1.21276227e+00
 1.21509533e+00
 1.21694006e+00
 1.21829364e+00
 1.21914561e+00
 1.21944927e+00
 1.10000001e+00
 1.10024428e+00
 1.10098284e+00
 1.10225695e+00
 1.10413762e+00
 1.10664549e+00
 1.10970027e+00
 1.11324030e+00
 1.11724352e+00
 1.12166813e+00
 1.12647241e+00
 1.13161052e+00
 1.13703128e+00
 1.14268670e+00
 1.14852192e+00
 1.15447574e+00
 1.16048167e+00
 1.16646865e+00
 1.17236989e+00
 1.17811995e+00
 1.18365272e+00
 1.18891223e+00
 1.19384998e+00
 1.19842179e+00
 1.20259564e+00
 1.20634447e+00
 1.20965008e+00
 1.21250193e+00
 1.21489955e+00
 1.21685203e+00
 1.21836144e+00
 1.21937504e+00
 1.21974591e+00
 1.09999998e+00
 1.10025912e+00
 1.10103681e+00
 1.10234610e+00
 1.10422284e+00
 1.10668737e+00
 1.10970214e+00
 1.11321457e+00
 1.11718945e+00
 1.12158615e+00
 1.12636160e+00
 1.13146946e+00
 1.13685938e+00
 1.14248157e+00
 1.14828104e+00
 1.15419703e+00
 1.16016383e+00
 1.16611233e+00
 1.17197612e+00
 1.17769039e+00
 1.18319148e+00
 1.18842413e+00
 1.19334048e+00
 1.19789891e+00
 1.20206831e+00
 1.20582526e+00
 1.20915638e+00
 1.21205955e+00
 1.21454528e+00
 1.21662813e+00
 1.21828720e+00
 1.21940675e+00
 1.21980900e+00
 1.10000001e+00
 1.10026803e+00
 1.10107047e+00
 1.10240767e+00
 1.10428950e+00
 1.10672524e+00
 1.10969914e+00
 1.11317408e+00
 1.11711115e+00
 1.12146932e+00
 1.12620478e+00
 1.13127073e+00
 1.13661725e+00
 1.14219316e+00
 1.14794321e+00
 1.15380715e+00
 1.15972044e+00
 1.16561603e+00
 1.17142842e+00
 1.17709392e+00
 1.18255142e+00
 1.18774691e+00
 1.19263368e+00
 1.19717251e+00
 1.20133387e+00
 1.20509754e+00
 1.20845379e+00
 1.21140342e+00
 1.21395256e+00
 1.21609284e+00
 1.21776645e+00
 1.21885579e+00
 1.21923665e+00
 1.10000000e+00
 1.10027219e+00
 1.10108649e+00
 1.10243821e+00
 1.10432425e+00
 1.10674220e+00
 1.10968067e+00
 1.11311350e+00
 1.11700517e+00
 1.12131537e+00
 1.12600032e+00
 1.13101309e+00
 1.13630393e+00
 1.14182081e+00
 1.14750830e+00
 1.15330679e+00
 1.15915311e+00
 1.16498228e+00
 1.17073019e+00
 1.17633478e+00
 1.18173739e+00
 1.18688558e+00
 1.19173412e+00
 1.19624563e+00
 1.20039179e+00
 1.20415334e+00
 1.20751918e+00
 1.21048182e+00
 1.21302528e+00
 1.21510743e+00
 1.21665729e+00
 1.21760676e+00
 1.21792461e+00
 1.10000000e+00
 1.10027319e+00
 1.10109030e+00
 1.10244474e+00
 1.10432784e+00
 1.10672975e+00
 1.10963658e+00
 1.11302611e+00
 1.11686707e+00
 1.12112138e+00
 1.12574624e+00
 1.13069517e+00
 1.13591860e+00
 1.14136426e+00
 1.14697674e+00
 1.15269723e+00
 1.15846407e+00
 1.16421428e+00
 1.16988557e+00
 1.17541781e+00
 1.18075461e+00
 1.18584527e+00
 1.19064585e+00
 1.19511989e+00
 1.19923876e+00
 1.20298074e+00
 1.20632789e+00
 1.20925916e+00
 1.21174122e+00
 1.21372630e+00
 1.21516670e+00
 1.21603472e+00
 1.21632393e+00
 1.09999999e+00
 1.10027211e+00
 1.10108593e+00
 1.10243417e+00
 1.10430591e+00
 1.10668738e+00
 1.10956158e+00
 1.11290629e+00
 1.11669244e+00
 1.12088428e+00
 1.12544058e+00
 1.13031580e+00
 1.13546093e+00
 1.14082391e+00
 1.14634973e+00
 1.15198054e+00
 1.15765628e+00
 1.16331594e+00
 1.16889926e+00
 1.17434821e+00
 1.17960848e+00
 1.18463094e+00
 1.18937248e+00
 1.19379638e+00
 1.19787182e+00
 1.20157217e+00
 1.20487141e+00
 1.20773990e+00
 1.21014293e+00
 1.21204598e+00
 1.21342253e+00
 1.21425559e+00
 1.21453460e+00
 1.10000000e+00
 1.10026959e+00
 1.10107581e+00
 1.10241117e+00
 1.10426383e+00
 1.10661820e+00
 1.10945517e+00
 1.11275141e+00
 1.11647836e+00
 1.12060175e+00
 1.12508189e+00
 1.12987444e+00
 1.13493128e+00
 1.14020101e+00
 1.14562938e+00
 1.15115970e+00
 1.15673353e+00
 1.16229186e+00
 1.16777653e+00
 1.17313158e+00
 1.17830461e+00
 1.18324774e+00
 1.18791816e+00
 1.19227795e+00
 1.19629314e+00
 1.19993196e+00
 1.20316284e+00
 1.20595364e+00
 1.20827368e+00
 1.21009763e+00
 1.21140826e+00
 1.21219648e+00
 1.21245934e+00
 1.10000001e+00
 1.10026598e+00
 1.10106135e+00
 1.10237861e+00
 1.10420559e+00
 1.10652596e+00
 1.10931942e+00
 1.11256172e+00
 1.11622413e+00
 1.12027303e+00
 1.12466989e+00
 1.12937159e+00
 1.13433106e+00
 1.13949790e+00
 1.14481893e+00
 1.15023876e+00
 1.15570065e+00
 1.16114755e+00
 1.16652336e+00
 1.17177415e+00
 1.17684922e+00
 1.18170174e+00
 1.18628893e+00
 1.19057149e+00
 1.19451265e+00
 1.19807709e+00
 1.20123062e+00
 1.20394159e+00
 1.20618357e+00
 1.20793796e+00
 1.20919443e+00
 1.20994892e+00
 1.21020046e+00
 1.10000000e+00
 1.10026148e+00
 1.10104340e+00
 1.10233832e+00
 1.10413405e+00
 1.10641398e+00
 1.10915735e+00
 1.11233937e+00
 1.11593108e+00
 1.11989917e+00
 1.12420588e+00
 1.12880913e+00
 1.13366299e+00
 1.13871821e+00
 1.14392286e+00
 1.14922301e+00
 1.15456363e+00
 1.15988958e+00
 1.16514676e+00
 1.17028316e+00
 1.17524971e+00
 1.18000064e+00
 1.18449343e+00
 1.18868813e+00
 1.19254656e+00
 1.19603190e+00
 1.19910943e+00
 1.20174858e+00
 1.20392556e+00
 1.20562500e+00
 1.20683950e+00
 1.20756745e+00
 1.20780985e+00
 1.09999997e+00
 1.10025624e+00
 1.10102257e+00
 1.10229163e+00
 1.10405134e+00
 1.10628514e+00
 1.10897218e+00
 1.11208749e+00
 1.11560210e+00
 1.11948292e+00
 1.12369277e+00
 1.12819049e+00
 1.13293123e+00
 1.13786696e+00
 1.14294707e+00
 1.14811916e+00
 1.15332988e+00
 1.15852594e+00
 1.16365514e+00
 1.16866734e+00
 1.17351510e+00
 1.17815400e+00
 1.18254246e+00
 1.18664118e+00
 1.19041245e+00
 1.19382005e+00
 1.19683000e+00
 1.19941241e+00
 1.20154372e+00
 1.20320844e+00
 1.20439886e+00
 1.20511287e+00
 1.20535076e+00
 1.10000000e+00
 1.10025045e+00
 1.10099938e+00
 1.10223961e+00
 1.10395926e+00
 1.10614197e+00
 1.10876705e+00
 1.11180967e+00
 1.11524101e+00
 1.11902832e+00
 1.12313498e+00
 1.12752064e+00
 1.13214148e+00
 1.13695069e+00
 1.14189899e+00
 1.14693549e+00
 1.15200846e+00
 1.15706634e+00
 1.16205876e+00
 1.16693732e+00
 1.17165633e+00
 1.17617307e+00
 1.18044774e+00
 1.18444301e+00
 1.18812359e+00
 1.19145583e+00
 1.19440799e+00
 1.19695088e+00
 1.19905930e+00
 1.20071351e+00
 1.20190046e+00
 1.20261370e+00
 1.20285148e+00
 1.10000000e+00
 1.10024413e+00
 1.10097418e+00
 1.10218313e+00
 1.10385935e+00
 1.10598679e+00
 1.10854507e+00
 1.11150970e+00
 1.11485222e+00
 1.11854035e+00
 1.12253807e+00
 1.12680585e+00
 1.13130086e+00
 1.13597745e+00
 1.14078766e+00
 1.14568201e+00
 1.15061028e+00
 1.15552255e+00
 1.16037005e+00
 1.16510607e+00
 1.16968664e+00
 1.17407094e+00
 1.17822139e+00
 1.18210354e+00
 1.18568569e+00
 1.18893834e+00
 1.19183363e+00
 1.19434471e+00
 1.19644564e+00
 1.19811169e+00
 1.19932057e+00
 1.20005407e+00
 1.20030001e+00
 1.10000000e+00
 1.10023742e+00
 1.10094738e+00
 1.10212304e+00
 1.10375310e+00
 1.10582183e+00
 1.10830932e+00
 1.11119153e+00
 1.11444053e+00
 1.11802463e+00
 1.12190852e+00
 1.12605350e+00
 1.13041775e+00
 1.13495672e+00
 1.13962369e+00
 1.14437048e+00
 1.14914829e+00
 1.15390858e+00
 1.15860404e+00
 1.16318943e+00
 1.16762229e+00
 1.17186348e+00
 1.17587753e+00
 1.17963264e+00
 1.18310053e+00
 1.18625577e+00
 1.18907459e+00
 1.19153322e+00
 1.19360611e+00
 1.19526497e+00
 1.19647974e+00
 1.19722236e+00
 1.19747241e+00
 1.10000000e+00
 1.10023039e+00
 1.10091932e+00
 1.10206016e+00
 1.10364190e+00
 1.10564927e+00
 1.10806284e+00
 1.11085915e+00
 1.11401093e+00
 1.11748718e+00
 1.12125342e+00
 1.12527183e+00
 1.12950158e+00
 1.13389921e+00
 1.13841914e+00
 1.14301440e+00
 1.14763740e+00
 1.15224083e+00
 1.15677858e+00
 1.16120658e+00
 1.16548350e+00
 1.16957138e+00
 1.17343600e+00
 1.17704705e+00
 1.18037808e+00
 1.18340581e+00
 1.18610893e+00
 1.18846608e+00
 1.19045375e+00
 1.19204507e+00
 1.19321097e+00
 1.19392402e+00
 1.19416418e+00
 1.09999999e+00
 1.10022312e+00
 1.10089035e+00
 1.10199525e+00
 1.10352716e+00
 1.10547124e+00
 1.10780864e+00
 1.11051658e+00
 1.11356851e+00
 1.11693427e+00
 1.12058026e+00
 1.12446964e+00
 1.12856256e+00
 1.13281662e+00
 1.13718732e+00
 1.14162874e+00
 1.14609436e+00
 1.15053792e+00
 1.15491426e+00
 1.15918018e+00
 1.16329512e+00
 1.16722166e+00
 1.17092589e+00
 1.17437759e+00
 1.17755013e+00
 1.18042011e+00
 1.18296669e+00
 1.18517054e+00
 1.18701274e+00
 1.18847403e+00
 1.18953536e+00
 1.19017994e+00
 1.19039618e+00
 1.10000000e+00
 1.10021573e+00
 1.10086083e+00
 1.10192909e+00
 1.10341019e+00
 1.10528980e+00
 1.10754967e+00
 1.11016775e+00
 1.11311834e+00
 1.11637221e+00
 1.11989673e+00
 1.12365606e+00
 1.12761141e+00
 1.13172136e+00
 1.13594240e+00
 1.14022959e+00
 1.14453733e+00
 1.14882022e+00
 1.15303391e+00
 1.15713589e+00
 1.16108610e+00
 1.16484738e+00
 1.16838569e+00
 1.17167019e+00
 1.17467316e+00
 1.17737000e+00
 1.17973935e+00
 1.18176365e+00
 1.18342978e+00
 1.18472957e+00
 1.18565912e+00
 1.18621712e+00
 1.18640317e+00
 1.10000000e+00
 1.10020827e+00
 1.10083105e+00
 1.10186237e+00
 1.10329225e+00
 1.10510688e+00
 1.10728869e+00
 1.10981644e+00
 1.11266534e+00
 1.11580720e+00
 1.11921044e+00
 1.12284031e+00
 1.12665902e+00
 1.13062613e+00
 1.13469906e+00
 1.13883371e+00
 1.14298528e+00
 1.14710914e+00
 1.15116166e+00
 1.15510099e+00
 1.15888764e+00
 1.16248483e+00
 1.16585873e+00
 1.16897843e+00
 1.17181595e+00
 1.17434652e+00
 1.17654920e+00
 1.17840823e+00
 1.17991477e+00
 1.18106826e+00
 1.18187646e+00
 1.18235264e+00
 1.18250959e+00
 1.10000000e+00
 1.10020081e+00
 1.10080131e+00
 1.10179572e+00
 1.10317446e+00
 1.10492426e+00
 1.10702827e+00
 1.10946614e+00
 1.11221414e+00
 1.11524517e+00
 1.11852882e+00
 1.12203142e+00
 1.12571620e+00
 1.12954365e+00
 1.13347201e+00
 1.13745793e+00
 1.14145732e+00
 1.14542622e+00
 1.14932174e+00
 1.15310277e+00
 1.15673063e+00
 1.16016946e+00
 1.16338644e+00
 1.16635192e+00
 1.16903964e+00
 1.17142710e+00
 1.17349648e+00
 1.17523592e+00
 1.17664105e+00
 1.17771550e+00
 1.17846931e+00
 1.17891491e+00
 1.17906221e+00
 1.10000000e+00
 1.10019343e+00
 1.10077184e+00
 1.10172968e+00
 1.10305778e+00
 1.10474345e+00
 1.10677063e+00
 1.10912000e+00
 1.11176897e+00
 1.11469167e+00
 1.11785890e+00
 1.12123808e+00
 1.12479344e+00
 1.12848629e+00
 1.13227561e+00
 1.13611869e+00
 1.13997203e+00
 1.14379232e+00
 1.14753737e+00
 1.15116698e+00
 1.15464360e+00
 1.15793277e+00
 1.16100350e+00
 1.16382856e+00
 1.16638495e+00
 1.16865425e+00
 1.17062315e+00
 1.17228371e+00
 1.17363342e+00
 1.17467433e+00
 1.17541147e+00
 1.17585066e+00
 1.17599648e+00
 1.10000001e+00
 1.10018616e+00
 1.10074282e+00
 1.10166468e+00
 1.10294296e+00
 1.10456565e+00
 1.10651762e+00
 1.10878069e+00
 1.11133360e+00
 1.11415180e+00
 1.11720730e+00
 1.12046858e+00
 1.12390075e+00
 1.12746587e+00
 1.13112354e+00
 1.13483157e+00
 1.13854697e+00
 1.14222694e+00
 1.14583002e+00
 1.14931700e+00
 1.15265166e+00
 1.15580130e+00
 1.15873708e+00
 1.16143456e+00
 1.16387426e+00
 1.16604200e+00
 1.16792872e+00
 1.16952949e+00
 1.17084198e+00
 1.17186495e+00
 1.17259722e+00
 1.17303740e+00
 1.17318429e+00
 1.10000001e+00
 1.10017902e+00
 1.10071435e+00
 1.10160091e+00
 1.10283042e+00
 1.10439164e+00
 1.10627056e+00
 1.10845039e+00
 1.11091136e+00
 1.11363028e+00
 1.11658028e+00
 1.11973077e+00
 1.12304761e+00
 1.12649351e+00
 1.13002858e+00
 1.13361106e+00
 1.13719829e+00
 1.14074788e+00
 1.14421899e+00
 1.14757342e+00
 1.15077645e+00
 1.15379720e+00
 1.15660893e+00
 1.15918950e+00
 1.16152202e+00
 1.16359537e+00
 1.16540370e+00
 1.16694459e+00
 1.16821633e+00
 1.16921561e+00
 1.16993690e+00
 1.17037350e+00
 1.17051977e+00
 1.09999999e+00
 1.10017200e+00
 1.10068640e+00
 1.10153836e+00
 1.10272019e+00
 1.10422166e+00
 1.10603024e+00
 1.10813086e+00
 1.11050532e+00
 1.11313167e+00
 1.11598393e+00
 1.11903221e+00
 1.12224300e+00
 1.12557956e+00
 1.12900248e+00
 1.13247030e+00
 1.13594053e+00
 1.13937098e+00
 1.14272126e+00
 1.14595413e+00
 1.14903642e+00
 1.15193919e+00
 1.15463760e+00
 1.15711096e+00
 1.15934336e+00
 1.16132464e+00
 1.16305048e+00
 1.16452070e+00
 1.16573567e+00
 1.16669284e+00
 1.16738569e+00
 1.16780588e+00
 1.16794677e+00
 1.10000000e+00
 1.10016508e+00
 1.10065878e+00
 1.10147660e+00
 1.10261168e+00
 1.10405528e+00
 1.10579694e+00
 1.10782364e+00
 1.11011863e+00
 1.11266074e+00
 1.11542445e+00
 1.11838034e+00
 1.12149545e+00
 1.12473362e+00
 1.12805587e+00
 1.13142097e+00
 1.13478645e+00
 1.13811003e+00
 1.14135146e+00
 1.14447432e+00
 1.14744709e+00
 1.15024301e+00
 1.15283921e+00
 1.15521592e+00
 1.15735666e+00
 1.15924961e+00
 1.16088931e+00
 1.16227684e+00
 1.16341671e+00
 1.16431174e+00
 1.16495963e+00
 1.16535359e+00
 1.16548603e+00
 1.10000000e+00
 1.10015809e+00
 1.10063093e+00
 1.10141453e+00
 1.10250338e+00
 1.10389125e+00
 1.10557065e+00
 1.10753065e+00
 1.10975517e+00
 1.11222292e+00
 1.11490838e+00
 1.11778254e+00
 1.12081308e+00
 1.12396448e+00
 1.12719822e+00
 1.13047328e+00
 1.13374702e+00
 1.13697672e+00
 1.14012190e+00
 1.14314670e+00
 1.14602127e+00
 1.14872150e+00
 1.15122707e+00
 1.15351937e+00
 1.15558072e+00
 1.15739547e+00
 1.15895319e+00
 1.16025257e+00
 1.16130209e+00
 1.16211372e+00
 1.16269420e+00
 1.16304359e+00
 1.16316025e+00
 1.10000000e+00
 1.10015076e+00
 1.10060174e+00
 1.10134990e+00
 1.10239244e+00
 1.10372764e+00
 1.10535189e+00
 1.10725516e+00
 1.10942016e+00
 1.11182452e+00
 1.11444262e+00
 1.11724612e+00
 1.12020356e+00
 1.12328011e+00
 1.12643783e+00
 1.12963589e+00
 1.13283130e+00
 1.13598062e+00
 1.13904261e+00
 1.14198152e+00
 1.14476921e+00
 1.14738476e+00
 1.14981130e+00
 1.15203240e+00
 1.15403000e+00
 1.15578439e+00
 1.15727706e+00
 1.15849739e+00
 1.15945171e+00
 1.16016526e+00
 1.16066730e+00
 1.16097114e+00
 1.16107368e+00
 1.09999999e+00
 1.10014249e+00
 1.10056900e+00
 1.10127858e+00
 1.10227443e+00
 1.10356287e+00
 1.10514344e+00
 1.10700287e+00
 1.10912043e+00
 1.11147258e+00
 1.11403420e+00
 1.11677816e+00
 1.11967402e+00
 1.12268771e+00
 1.12578188e+00
 1.12891597e+00
 1.13204657e+00
 1.13512916e+00
 1.13812128e+00
 1.14098677e+00
 1.14369897e+00
 1.14624065e+00
 1.14859931e+00
 1.15076191e+00
 1.15271183e+00
 1.15442768e+00
 1.15588398e+00
 1.15705564e+00
 1.15793056e+00
 1.15852806e+00
 1.15890240e+00
 1.15911106e+00
 1.15917979e+00
 1.10000001e+00
 1.10013229e+00
 1.10052885e+00
 1.10119402e+00
 1.10214447e+00
 1.10339876e+00
 1.10495255e+00
 1.10678200e+00
 1.10886366e+00
 1.11117416e+00
 1.11368980e+00
 1.11638518e+00
 1.11923094e+00
 1.12219359e+00
 1.12523648e+00
 1.12831935e+00
 1.13139835e+00
 1.13442775e+00
 1.13736340e+00
 1.14016827e+00
 1.14281672e+00
 1.14529546e+00
 1.14759698e+00
 1.14971236e+00
 1.15162800e+00
 1.15332418e+00
 1.15477421e+00
 1.15594430e+00
 1.15679949e+00
 1.15732506e+00
 1.15756283e+00
 1.15762208e+00
 1.15762423e+00
 1.10000001e+00
 1.10011858e+00
 1.10047596e+00
 1.10108953e+00
 1.10200249e+00
 1.10324500e+00
 1.10479101e+00
 1.10660143e+00
 1.10865708e+00
 1.11093553e+00
 1.11341532e+00
 1.11607296e+00
 1.11887997e+00
 1.12180319e+00
 1.12480670e+00
 1.12785064e+00
 1.13089066e+00
 1.13387994e+00
 1.13677235e+00
 1.13952976e+00
 1.14212691e+00
 1.14455441e+00
 1.14680974e+00
 1.14888800e+00
 1.15077914e+00
 1.15246707e+00
 1.15392936e+00
 1.15513511e+00
 1.15604478e+00
 1.15662074e+00
 1.15686752e+00
 1.15689248e+00
 1.15687166e+00
 1.09999998e+00
 1.10010012e+00
 1.10040774e+00
 1.10096889e+00
 1.10186255e+00
 1.10311950e+00
 1.10467079e+00
 1.10646812e+00
 1.10850624e+00
 1.11076160e+00
 1.11321561e+00
 1.11584627e+00
 1.11862578e+00
 1.12152096e+00
 1.12449665e+00
 1.12751334e+00
 1.13052627e+00
 1.13348776e+00
 1.13634982e+00
 1.13907321e+00
 1.14163252e+00
 1.14402178e+00
 1.14624274e+00
 1.14829375e+00
 1.15016782e+00
 1.15185234e+00
 1.15333069e+00
 1.15458047e+00
 1.15557303e+00
 1.15627698e+00
 1.15667353e+00
 1.15680516e+00
 1.15681588e+00
 1.09999999e+00
 1.10007854e+00
 1.10033742e+00
 1.10086271e+00
 1.10175568e+00
 1.10303959e+00
 1.10459828e+00
 1.10638640e+00
 1.10841467e+00
 1.11065585e+00
 1.11309428e+00
 1.11570874e+00
 1.11847184e+00
 1.12135023e+00
 1.12430936e+00
 1.12730995e+00
 1.13030698e+00
 1.13325223e+00
 1.13609631e+00
 1.13879930e+00
 1.14133531e+00
 1.14370082e+00
 1.14590048e+00
 1.14793465e+00
 1.14979835e+00
 1.15148118e+00
 1.15297076e+00
 1.15425151e+00
 1.15530571e+00
 1.15611668e+00
 1.15667085e+00
 1.15696719e+00
 1.15704663e+00
 1.10000000e+00
 1.10006599e+00
 1.10030491e+00
 1.10081937e+00
 1.10171526e+00
 1.10301272e+00
 1.10457428e+00
 1.10635884e+00
 1.10838400e+00
 1.11062036e+00
 1.11305359e+00
 1.11566264e+00
 1.11842029e+00
 1.12129309e+00
 1.12424671e+00
 1.12724199e+00
 1.13023377e+00
 1.13317369e+00
 1.13601183e+00
 1.13870802e+00
 1.14123616e+00
 1.14359359e+00
 1.14578602e+00
 1.14781449e+00
 1.14967467e+00
 1.15135692e+00
 1.15285032e+00
 1.15414173e+00
 1.15521728e+00
 1.15606630e+00
 1.15667980e+00
 1.15705083e+00
 1.15717500e+00
