 1.46099700e+00
 1.46085491e+00
 1.46042843e+00
 1.45971697e+00
 1.45871956e+00
 1.45743506e+00
 1.45586270e+00
 1.45400739e+00
 1.45187653e+00
 1.44947754e+00
 1.44683061e+00
 1.44395739e+00
 1.44089125e+00
 1.43767277e+00
 1.43434933e+00
 1.43097391e+00
 1.42758074e+00
 1.42420142e+00
 1.42086838e+00
 1.41761520e+00
 1.41447506e+00
 1.41147180e+00
 1.40863067e+00
 1.40597852e+00
 1.40353908e+00
 1.40133726e+00
 1.39939372e+00
 1.39772536e+00
 1.39634537e+00
 1.39526260e+00
 1.39448402e+00
 1.39401477e+00
 1.39385800e+00
 1.46072059e+00
 1.46056143e+00
 1.46010732e+00
 1.45937539e+00
 1.45836667e+00
 1.45707796e+00
 1.45550618e+00
 1.45365417e+00
 1.45152813e+00
 1.44913545e+00
 1.44649536e+00
 1.44362963e+00
 1.44057116e+00
 1.43736020e+00
 1.43404375e+00
 1.43067379e+00
 1.42728504e+00
 1.42390930e+00
 1.42057904e+00
 1.41732778e+00
 1.41418836e+00
 1.41118501e+00
 1.40834300e+00
 1.40568897e+00
 1.40324668e+00
 1.40104049e+00
 1.39909060e+00
 1.39741299e+00
 1.39601930e+00
 1.39491639e+00
 1.39410972e+00
 1.39360721e+00
 1.39343105e+00
 1.45983006e+00
 1.45964578e+00
 1.45913241e+00
 1.45834713e+00
 1.45730730e+00
 1.45600691e+00
 1.45443698e+00
 1.45259482e+00
 1.45048331e+00
 1.44810922e+00
 1.44548954e+00
 1.44264597e+00
 1.43961018e+00
 1.43642144e+00
 1.43312559e+00
 1.42977199e+00
 1.42639651e+00
 1.42303150e+00
 1.41970958e+00
 1.41646402e+00
 1.41332689e+00
 1.41032333e+00
 1.40747873e+00
 1.40481914e+00
 1.40236824e+00
 1.40014904e+00
 1.39818023e+00
 1.39647527e+00
 1.39504163e+00
 1.39388138e+00
 1.39299897e+00
 1.39242141e+00
 1.39221443e+00
 1.45817268e+00
 1.45797941e+00
 1.45743371e+00
 1.45660414e+00
 1.45553220e+00
 1.45421994e+00
 1.45265540e+00
 1.45083019e+00
 1.44874306e+00
 1.44639925e+00
 1.44381305e+00
 1.44100547e+00
 1.43800648e+00
 1.43485373e+00
 1.43159108e+00
 1.42826459e+00
 1.42491121e+00
 1.42156407e+00
 1.41825598e+00
 1.41501984e+00
 1.41188687e+00
 1.40888325e+00
 1.40603448e+00
 1.40336594e+00
 1.40090086e+00
 1.39866053e+00
 1.39666153e+00
 1.39491435e+00
 1.39342287e+00
 1.39218847e+00
 1.39122720e+00
 1.39059462e+00
 1.39037084e+00
 1.45559202e+00
 1.45541253e+00
 1.45489377e+00
 1.45408077e+00
 1.45301374e+00
 1.45170803e+00
 1.45015980e+00
 1.44836122e+00
 1.44630898e+00
 1.44400669e+00
 1.44146625e+00
 1.43870731e+00
 1.43575789e+00
 1.43265350e+00
 1.42943535e+00
 1.42614628e+00
 1.42282368e+00
 1.41950147e+00
 1.41621266e+00
 1.41298972e+00
 1.40986319e+00
 1.40686007e+00
 1.40400602e+00
 1.40132577e+00
 1.39884194e+00
 1.39657431e+00
 1.39453813e+00
 1.39274355e+00
 1.39119787e+00
 1.38991434e+00
 1.38892701e+00
 1.38829435e+00
 1.38807518e+00
 1.45206274e+00
 1.45191485e+00
 1.45147001e+00
 1.45073353e+00
 1.44972337e+00
 1.44845843e+00
 1.44694709e+00
 1.44518922e+00
 1.44318378e+00
 1.44093419e+00
 1.43845086e+00
 1.43575188e+00
 1.43286319e+00
 1.42981785e+00
 1.42665415e+00
 1.42341200e+00
 1.42012854e+00
 1.41683819e+00
 1.41357407e+00
 1.41036827e+00
 1.40725095e+00
 1.40424962e+00
 1.40139009e+00
 1.39869675e+00
 1.39619182e+00
 1.39389480e+00
 1.39182208e+00
 1.38998861e+00
 1.38841313e+00
 1.38712565e+00
 1.38616825e+00
 1.38558040e+00
 1.38538294e+00
 1.44779957e+00
 1.44766868e+00
 1.44727286e+00
 1.44660660e+00
 1.44567010e+00
 1.44447116e+00
 1.44301880e+00
 1.44131836e+00
 1.43937285e+00
 1.43718717e+00
 1.43477137e+00
 1.43214223e+00
 1.42932374e+00
 1.42634645e+00
 1.42324574e+00
 1.42005896e+00
 1.41682241e+00
 1.41357058e+00
 1.41033660e+00
 1.40715225e+00
 1.40404753e+00
 1.40105026e+00
 1.39818656e+00
 1.39548092e+00
 1.39295604e+00
 1.39063287e+00
 1.38853166e+00
 1.38667484e+00
 1.38509086e+00
 1.38381481e+00
 1.38288119e+00
 1.38231391e+00
 1.38212392e+00
 1.44287622e+00
 1.44275378e+00
 1.44238530e+00
 1.44176732e+00
 1.44089573e+00
 1.43976894e+00
 1.43838911e+00
 1.43676028e+00
 1.43488706e+00
 1.43277578e+00
 1.43043673e+00
 1.42788581e+00
 1.42514530e+00
 1.42224341e+00
 1.41921286e+00
 1.41608870e+00
 1.41290607e+00
 1.40969911e+00
 1.40650076e+00
 1.40334263e+00
 1.40025467e+00
 1.39726506e+00
 1.39440042e+00
 1.39168604e+00
 1.38914607e+00
 1.38680435e+00
 1.38468581e+00
 1.38281842e+00
 1.38123360e+00
 1.37996318e+00
 1.37903470e+00
 1.37846872e+00
 1.37827849e+00
 1.43728111e+00
 1.43716857e+00
 1.43682883e+00
 1.43625651e+00
 1.43544515e+00
 1.43438943e+00
 1.43308677e+00
 1.43153776e+00
 1.42974583e+00
 1.42771733e+00
 1.42546245e+00
 1.42299639e+00
 1.42033992e+00
 1.41751918e+00
 1.41456457e+00
 1.41150907e+00
 1.40838649e+00
 1.40523032e+00
 1.40207318e+00
 1.39894653e+00
 1.39588042e+00
 1.39290350e+00
 1.39004325e+00
 1.38732627e+00
 1.38477892e+00
 1.38242823e+00
 1.38030287e+00
 1.37843362e+00
 1.37685213e+00
 1.37558821e+00
 1.37466703e+00
 1.37410709e+00
 1.37391927e+00
 1.43107652e+00
 1.43097187e+00
 1.43065600e+00
 1.43012353e+00
 1.42936689e+00
 1.42837836e+00
 1.42715204e+00
 1.42568522e+00
 1.42397896e+00
 1.42203826e+00
 1.41987247e+00
 1.41749579e+00
 1.41492758e+00
 1.41219215e+00
 1.40931787e+00
 1.40633585e+00
 1.40327854e+00
 1.40017862e+00
 1.39706829e+00
 1.39397885e+00
 1.39094059e+00
 1.38798278e+00
 1.38513396e+00
 1.38242243e+00
 1.37987682e+00
 1.37752684e+00
 1.37540356e+00
 1.37353891e+00
 1.37196405e+00
 1.37070726e+00
 1.36979198e+00
 1.36923562e+00
 1.36904894e+00
 1.42430847e+00
 1.42421111e+00
 1.42391702e+00
 1.42342060e+00
 1.42271372e+00
 1.42178739e+00
 1.42063365e+00
 1.41924723e+00
 1.41762672e+00
 1.41577514e+00
 1.41370035e+00
 1.41141516e+00
 1.40893746e+00
 1.40628984e+00
 1.40349886e+00
 1.40059396e+00
 1.39760626e+00
 1.39456754e+00
 1.39150952e+00
 1.38846339e+00
 1.38545971e+00
 1.38252844e+00
 1.37969929e+00
 1.37700218e+00
 1.37446771e+00
 1.37212750e+00
 1.37001395e+00
 1.36815935e+00
 1.36659440e+00
 1.36534650e+00
 1.36443830e+00
 1.36388657e+00
 1.36370153e+00
 1.41703430e+00
 1.41694351e+00
 1.41666908e+00
 1.41620520e+00
 1.41554335e+00
 1.41467380e+00
 1.41358732e+00
 1.41227684e+00
 1.41073888e+00
 1.40897448e+00
 1.40698966e+00
 1.40479561e+00
 1.40240860e+00
 1.39984959e+00
 1.39714348e+00
 1.39431816e+00
 1.39140350e+00
 1.38843038e+00
 1.38542999e+00
 1.38243341e+00
 1.37947143e+00
 1.37657469e+00
 1.37377396e+00
 1.37110047e+00
 1.36858628e+00
 1.36626420e+00
 1.36416733e+00
 1.36232803e+00
 1.36077656e+00
 1.35953966e+00
 1.35863945e+00
 1.35809246e+00
 1.35790896e+00
 1.40931972e+00
 1.40923453e+00
 1.40897700e+00
 1.40854145e+00
 1.40791935e+00
 1.40710057e+00
 1.40607503e+00
 1.40483442e+00
 1.40337364e+00
 1.40169194e+00
 1.39979356e+00
 1.39768802e+00
 1.39538995e+00
 1.39291871e+00
 1.39029764e+00
 1.38755322e+00
 1.38471413e+00
 1.38181036e+00
 1.37887257e+00
 1.37593164e+00
 1.37301855e+00
 1.37016445e+00
 1.36740087e+00
 1.36475998e+00
 1.36227473e+00
 1.35997861e+00
 1.35790504e+00
 1.35608635e+00
 1.35455256e+00
 1.35333007e+00
 1.35244063e+00
 1.35190036e+00
 1.35171916e+00
 1.40122990e+00
 1.40114973e+00
 1.40090725e+00
 1.40049676e+00
 1.39990970e+00
 1.39913580e+00
 1.39816457e+00
 1.39698688e+00
 1.39559650e+00
 1.39399126e+00
 1.39217390e+00
 1.39015238e+00
 1.38793979e+00
 1.38555397e+00
 1.38301683e+00
 1.38035354e+00
 1.37759164e+00
 1.37476026e+00
 1.37188949e+00
 1.36900996e+00
 1.36615268e+00
 1.36334906e+00
 1.36063105e+00
 1.35803131e+00
 1.35558319e+00
 1.35332041e+00
 1.35127640e+00
 1.34948336e+00
 1.34797107e+00
 1.34676572e+00
 1.34588877e+00
 1.34535612e+00
 1.34517748e+00
 1.39283958e+00
 1.39276362e+00
 1.39253386e+00
 1.39214476e+00
 1.39158787e+00
 1.39085290e+00
 1.38992912e+00
 1.38880693e+00
 1.38747935e+00
 1.38594324e+00
 1.38420014e+00
 1.38225674e+00
 1.38012479e+00
 1.37782079e+00
 1.37536533e+00
 1.37278236e+00
 1.37009836e+00
 1.36734162e+00
 1.36454163e+00
 1.36172866e+00
 1.35893358e+00
 1.35618778e+00
 1.35352328e+00
 1.35097279e+00
 1.34856960e+00
 1.34634725e+00
 1.34433890e+00
 1.34257639e+00
 1.34108918e+00
 1.33990322e+00
 1.33903994e+00
 1.33851535e+00
 1.33833936e+00
 1.38422513e+00
 1.38415284e+00
 1.38393405e+00
 1.38356324e+00
 1.38303201e+00
 1.38233012e+00
 1.38144687e+00
 1.38037249e+00
 1.37909963e+00
 1.37762457e+00
 1.37594811e+00
 1.37407595e+00
 1.37201882e+00
 1.36979204e+00
 1.36741506e+00
 1.36491069e+00
 1.36230444e+00
 1.35962375e+00
 1.35689750e+00
 1.35415549e+00
 1.35142828e+00
 1.34874700e+00
 1.34614339e+00
 1.34364980e+00
 1.34129908e+00
 1.33912423e+00
 1.33715785e+00
 1.33543130e+00
 1.33397369e+00
 1.33281079e+00
 1.33196397e+00
 1.33144924e+00
 1.33127655e+00
 1.37547146e+00
 1.37540203e+00
 1.37519187e+00
 1.37483563e+00
 1.37432509e+00
 1.37365018e+00
 1.37280032e+00
 1.37176582e+00
 1.37053928e+00
 1.36911680e+00
 1.36749879e+00
 1.36569043e+00
 1.36370162e+00
 1.36154680e+00
 1.35924436e+00
 1.35681612e+00
 1.35428663e+00
 1.35168254e+00
 1.34903206e+00
 1.34636452e+00
 1.34370999e+00
 1.34109913e+00
 1.33856314e+00
 1.33613368e+00
 1.33384275e+00
 1.33172252e+00
 1.32980474e+00
 1.32812006e+00
 1.32669710e+00
 1.32556131e+00
 1.32473392e+00
 1.32423087e+00
 1.32406207e+00
 1.36666354e+00
 1.36659630e+00
 1.36639274e+00
 1.36604765e+00
 1.36555298e+00
 1.36489894e+00
 1.36407523e+00
 1.36307250e+00
 1.36188366e+00
 1.36050504e+00
 1.35893709e+00
 1.35718478e+00
 1.35525752e+00
 1.35316899e+00
 1.35093670e+00
 1.34858149e+00
 1.34612701e+00
 1.34359916e+00
 1.34102552e+00
 1.33843488e+00
 1.33585679e+00
 1.33332133e+00
 1.33085893e+00
 1.32850025e+00
 1.32627621e+00
 1.32421773e+00
 1.32235540e+00
 1.32071885e+00
 1.31933590e+00
 1.31823147e+00
 1.31742652e+00
 1.31693691e+00
 1.31677257e+00
 1.35788987e+00
 1.35782414e+00
 1.35762517e+00
 1.35728776e+00
 1.35680406e+00
 1.35616459e+00
 1.35535956e+00
 1.35438026e+00
 1.35322033e+00
 1.35187678e+00
 1.35035052e+00
 1.34864659e+00
 1.34677414e+00
 1.34474620e+00
 1.34257940e+00
 1.34029366e+00
 1.33791177e+00
 1.33545890e+00
 1.33296205e+00
 1.33044953e+00
 1.32795042e+00
 1.32549415e+00
 1.32311028e+00
 1.32082834e+00
 1.31867781e+00
 1.31668806e+00
 1.31488815e+00
 1.31330637e+00
 1.31196943e+00
 1.31090144e+00
 1.31012282e+00
 1.30964912e+00
 1.30949011e+00
 1.34924222e+00
 1.34917719e+00
 1.34898032e+00
 1.34864656e+00
 1.34816829e+00
 1.34753649e+00
 1.34674215e+00
 1.34577760e+00
 1.34463770e+00
 1.34332057e+00
 1.34182795e+00
 1.34016521e+00
 1.33834127e+00
 1.33636847e+00
 1.33426255e+00
 1.33204245e+00
 1.32973010e+00
 1.32734999e+00
 1.32492867e+00
 1.32249410e+00
 1.32007499e+00
 1.31770024e+00
 1.31539856e+00
 1.31319821e+00
 1.31112704e+00
 1.30921253e+00
 1.30748180e+00
 1.30596137e+00
 1.30467648e+00
 1.30365010e+00
 1.30290179e+00
 1.30244651e+00
 1.30229368e+00
 1.34081180e+00
 1.34074652e+00
 1.34054894e+00
 1.34021418e+00
 1.33973504e+00
 1.33910328e+00
 1.33831104e+00
 1.33735226e+00
 1.33622356e+00
 1.33492471e+00
 1.33345853e+00
 1.33183072e+00
 1.33004983e+00
 1.32812736e+00
 1.32607795e+00
 1.32391950e+00
 1.32167306e+00
 1.31936256e+00
 1.31701422e+00
 1.31465584e+00
 1.31231599e+00
 1.31002327e+00
 1.30780568e+00
 1.30569030e+00
 1.30370319e+00
 1.30186958e+00
 1.30021416e+00
 1.29876113e+00
 1.29753379e+00
 1.29655366e+00
 1.29583918e+00
 1.29540453e+00
 1.29525863e+00
 1.33268661e+00
 1.33262000e+00
 1.33241857e+00
 1.33207774e+00
 1.33159091e+00
 1.33095091e+00
 1.33015169e+00
 1.32918959e+00
 1.32806382e+00
 1.32677621e+00
 1.32533070e+00
 1.32373307e+00
 1.32199106e+00
 1.32011497e+00
 1.31811812e+00
 1.31601726e+00
 1.31383261e+00
 1.31158760e+00
 1.30930831e+00
 1.30702265e+00
 1.30475936e+00
 1.30254702e+00
 1.30041327e+00
 1.29838424e+00
 1.29648428e+00
 1.29473613e+00
 1.29316142e+00
 1.29178125e+00
 1.29061626e+00
 1.28968604e+00
 1.28900786e+00
 1.28859524e+00
 1.28845673e+00
 1.32495148e+00
 1.32488255e+00
 1.32467405e+00
 1.32432146e+00
 1.32381898e+00
 1.32316132e+00
 1.32234541e+00
 1.32137122e+00
 1.32024140e+00
 1.31896002e+00
 1.31753169e+00
 1.31596148e+00
 1.31425573e+00
 1.31242305e+00
 1.31047528e+00
 1.30842796e+00
 1.30630048e+00
 1.30411592e+00
 1.30190044e+00
 1.29968234e+00
 1.29749080e+00
 1.29535481e+00
 1.29330205e+00
 1.29135819e+00
 1.28954627e+00
 1.28788665e+00
 1.28639748e+00
 1.28509581e+00
 1.28399849e+00
 1.28312236e+00
 1.28248313e+00
 1.28209380e+00
 1.28196301e+00
 1.31769213e+00
 1.31761883e+00
 1.31739762e+00
 1.31702499e+00
 1.31649669e+00
 1.31581040e+00
 1.31496776e+00
 1.31397402e+00
 1.31283584e+00
 1.31155892e+00
 1.31014723e+00
 1.30860400e+00
 1.30693337e+00
 1.30514202e+00
 1.30324019e+00
 1.30124227e+00
 1.29916692e+00
 1.29703697e+00
 1.29487889e+00
 1.29272162e+00
 1.29059514e+00
 1.28852909e+00
 1.28655163e+00
 1.28468855e+00
 1.28296246e+00
 1.28139209e+00
 1.27999235e+00
 1.27877545e+00
 1.27775296e+00
 1.27693746e+00
 1.27634233e+00
 1.27597969e+00
 1.27585784e+00
 1.31097889e+00
 1.31090010e+00
 1.31066168e+00
 1.31025980e+00
 1.30969313e+00
 1.30896572e+00
 1.30808725e+00
 1.30706996e+00
 1.30592382e+00
 1.30465396e+00
 1.30326161e+00
 1.30174687e+00
 1.30011130e+00
 1.29835962e+00
 1.29650071e+00
 1.29454793e+00
 1.29251930e+00
 1.29043749e+00
 1.28832948e+00
 1.28622515e+00
 1.28415552e+00
 1.28215104e+00
 1.28024051e+00
 1.27845034e+00
 1.27680367e+00
 1.27531920e+00
 1.27401007e+00
 1.27288392e+00
 1.27194549e+00
 1.27120034e+00
 1.27065675e+00
 1.27032469e+00
 1.27021283e+00
 1.30489900e+00
 1.30480823e+00
 1.30453702e+00
 1.30408776e+00
 1.30346572e+00
 1.30268460e+00
 1.30176563e+00
 1.30072790e+00
 1.29958091e+00
 1.29832527e+00
 1.29695736e+00
 1.29547361e+00
 1.29387320e+00
 1.29215941e+00
 1.29034016e+00
 1.28842807e+00
 1.28644051e+00
 1.28439998e+00
 1.28233415e+00
 1.28027421e+00
 1.27825238e+00
 1.27629991e+00
 1.27444607e+00
 1.27271785e+00
 1.27113952e+00
 1.26973148e+00
 1.26850808e+00
 1.26747510e+00
 1.26663010e+00
 1.26596845e+00
 1.26549043e+00
 1.26520095e+00
 1.26510405e+00
 1.29945415e+00
 1.29935593e+00
 1.29905637e+00
 1.29855127e+00
 1.29785759e+00
 1.29701481e+00
 1.29606166e+00
 1.29501756e+00
 1.29388359e+00
 1.29265205e+00
 1.29131406e+00
 1.28986322e+00
 1.28829731e+00
 1.28661893e+00
 1.28483562e+00
 1.28295954e+00
 1.28100732e+00
 1.27900110e+00
 1.27696940e+00
 1.27494516e+00
 1.27296199e+00
 1.27105174e+00
 1.26924372e+00
 1.26756492e+00
 1.26604030e+00
 1.26469251e+00
 1.26354019e+00
 1.26259338e+00
 1.26184716e+00
 1.26128156e+00
 1.26087585e+00
 1.26062556e+00
 1.26054013e+00
 1.29484939e+00
 1.29471801e+00
 1.29432441e+00
 1.29369494e+00
 1.29289711e+00
 1.29200070e+00
 1.29103961e+00
 1.29001390e+00
 1.28890932e+00
 1.28771057e+00
 1.28640592e+00
 1.28498803e+00
 1.28345445e+00
 1.28180801e+00
 1.28005629e+00
 1.27821133e+00
 1.27628882e+00
 1.27431008e+00
 1.27230472e+00
 1.27030790e+00
 1.26835477e+00
 1.26647759e+00
 1.26470513e+00
 1.26306359e+00
 1.26157737e+00
 1.26026988e+00
 1.25916378e+00
 1.25827888e+00
 1.25762318e+00
 1.25717838e+00
 1.25689859e+00
 1.25673915e+00
 1.25668542e+00
 1.29101631e+00
 1.29080695e+00
 1.29024050e+00
 1.28945944e+00
 1.28859463e+00
 1.28770262e+00
 1.28677844e+00
 1.28579638e+00
 1.28473262e+00
 1.28357038e+00
 1.28229879e+00
 1.28091137e+00
 1.27940632e+00
 1.27778728e+00
 1.27606215e+00
 1.27424324e+00
 1.27234501e+00
 1.27038735e+00
 1.26840114e+00
 1.26642429e+00
 1.26449354e+00
 1.26264138e+00
 1.26089560e+00
 1.25928100e+00
 1.25782028e+00
 1.25653508e+00
 1.25544774e+00
 1.25458362e+00
 1.25396889e+00
 1.25361351e+00
 1.25347987e+00
 1.25347246e+00
 1.25348536e+00
 1.28743681e+00
 1.28719960e+00
 1.28659192e+00
 1.28582419e+00
 1.28502852e+00
 1.28421969e+00
 1.28336696e+00
 1.28243998e+00
 1.28141846e+00
 1.28029020e+00
 1.27904765e+00
 1.27768596e+00
 1.27620416e+00
 1.27460719e+00
 1.27290310e+00
 1.27110495e+00
 1.26922575e+00
 1.26728337e+00
 1.26531005e+00
 1.26334689e+00
 1.26143197e+00
 1.25959799e+00
 1.25787148e+00
 1.25627570e+00
 1.25483124e+00
 1.25355657e+00
 1.25246928e+00
 1.25159030e+00
 1.25094808e+00
 1.25057102e+00
 1.25045189e+00
 1.25049224e+00
 1.25053214e+00
 1.28427196e+00
 1.28407132e+00
 1.28358865e+00
 1.28299889e+00
 1.28236024e+00
 1.28166208e+00
 1.28088234e+00
 1.28000418e+00
 1.27901719e+00
 1.27791557e+00
 1.27669527e+00
 1.27535293e+00
 1.27388813e+00
 1.27230731e+00
 1.27061833e+00
 1.26883539e+00
 1.26697002e+00
 1.26503781e+00
 1.26307232e+00
 1.26111780e+00
 1.25921324e+00
 1.25739161e+00
 1.25567812e+00
 1.25409482e+00
 1.25266042e+00
 1.25139045e+00
 1.25029682e+00
 1.24939111e+00
 1.24869050e+00
 1.24821573e+00
 1.24797769e+00
 1.24793346e+00
 1.24794924e+00
 1.28204298e+00
 1.28192322e+00
 1.28163469e+00
 1.28123180e+00
 1.28072303e+00
 1.28010536e+00
 1.27937499e+00
 1.27852847e+00
 1.27756330e+00
 1.27647835e+00
 1.27527188e+00
 1.27394150e+00
 1.27248698e+00
 1.27091603e+00
 1.26923610e+00
 1.26746247e+00
 1.26560556e+00
 1.26367910e+00
 1.26171765e+00
 1.25976783e+00
 1.25786907e+00
 1.25605463e+00
 1.25434867e+00
 1.25277254e+00
 1.25134370e+00
 1.25007587e+00
 1.24897703e+00
 1.24805123e+00
 1.24730490e+00
 1.24674416e+00
 1.24637316e+00
 1.24618635e+00
 1.24614225e+00
 1.28123600e+00
 1.28116907e+00
 1.28096869e+00
 1.28063612e+00
 1.28017345e+00
 1.27958359e+00
 1.27887011e+00
 1.27803433e+00
 1.27707655e+00
 1.27599722e+00
 1.27479544e+00
 1.27346910e+00
 1.27201801e+00
 1.27045038e+00
 1.26877345e+00
 1.26700297e+00
 1.26514891e+00
 1.26322431e+00
 1.26126408e+00
 1.25931573e+00
 1.25741884e+00
 1.25560676e+00
 1.25390327e+00
 1.25232948e+00
 1.25090244e+00
 1.24963526e+00
 1.24853460e+00
 1.24760180e+00
 1.24683950e+00
 1.24624794e+00
 1.24582643e+00
 1.24557404e+00
 1.24549000e+00
