 1.24549000e+00
 1.24540589e+00
 1.24515552e+00
 1.24474443e+00
 1.24418125e+00
 1.24347648e+00
 1.24264175e+00
 1.24169180e+00
 1.24064504e+00
 1.23951979e+00
 1.23833439e+00
 1.23710453e+00
 1.23584015e+00
 1.23454748e+00
 1.23322381e+00
 1.23186739e+00
 1.23047570e+00
 1.22904360e+00
 1.22756981e+00
 1.22605858e+00
 1.22450928e+00
 1.22292596e+00
 1.22132883e+00
 1.21974623e+00
 1.21821159e+00
 1.21675944e+00
 1.21542438e+00
 1.21423758e+00
 1.21322833e+00
 1.21242015e+00
 1.21183071e+00
 1.21147227e+00
 1.21135200e+00
 1.24540275e+00
 1.24527872e+00
 1.24496270e+00
 1.24450098e+00
 1.24390675e+00
 1.24318568e+00
 1.24234372e+00
 1.24139159e+00
 1.24034508e+00
 1.23922117e+00
 1.23803729e+00
 1.23680860e+00
 1.23554492e+00
 1.23425226e+00
 1.23292827e+00
 1.23157123e+00
 1.23017861e+00
 1.22874555e+00
 1.22727089e+00
 1.22575862e+00
 1.22420857e+00
 1.22262535e+00
 1.22102899e+00
 1.21944761e+00
 1.21791435e+00
 1.21646341e+00
 1.21512885e+00
 1.21394130e+00
 1.21292879e+00
 1.21211330e+00
 1.21151127e+00
 1.21113622e+00
 1.21100580e+00
 1.24499837e+00
 1.24481443e+00
 1.24435578e+00
 1.24376080e+00
 1.24307996e+00
 1.24231230e+00
 1.24144949e+00
 1.24049105e+00
 1.23944543e+00
 1.23832556e+00
 1.23714633e+00
 1.23592132e+00
 1.23465993e+00
 1.23336759e+00
 1.23204293e+00
 1.23068426e+00
 1.22928915e+00
 1.22785349e+00
 1.22637643e+00
 1.22486139e+00
 1.22330944e+00
 1.22172670e+00
 1.22013272e+00
 1.21855505e+00
 1.21702589e+00
 1.21557854e+00
 1.21424555e+00
 1.21305583e+00
 1.21203396e+00
 1.21119804e+00
 1.21056293e+00
 1.21015188e+00
 1.21000627e+00
 1.24391977e+00
 1.24371170e+00
 1.24316831e+00
 1.24245403e+00
 1.24167464e+00
 1.24084734e+00
 1.23995641e+00
 1.23898976e+00
 1.23794657e+00
 1.23683390e+00
 1.23566280e+00
 1.23444450e+00
 1.23318751e+00
 1.23189667e+00
 1.23057167e+00
 1.22921110e+00
 1.22781278e+00
 1.22637366e+00
 1.22489333e+00
 1.22337478e+00
 1.22182079e+00
 1.22023942e+00
 1.21864971e+00
 1.21707832e+00
 1.21555606e+00
 1.21411477e+00
 1.21278486e+00
 1.21159278e+00
 1.21055948e+00
 1.20970090e+00
 1.20903667e+00
 1.20860456e+00
 1.20845293e+00
 1.24179777e+00
 1.24161666e+00
 1.24112091e+00
 1.24042076e+00
 1.23961881e+00
 1.23876253e+00
 1.23785469e+00
 1.23688532e+00
 1.23584911e+00
 1.23474816e+00
 1.23358953e+00
 1.23238183e+00
 1.23113230e+00
 1.22984529e+00
 1.22852145e+00
 1.22715986e+00
 1.22575888e+00
 1.22431661e+00
 1.22283327e+00
 1.22131188e+00
 1.21975708e+00
 1.21817879e+00
 1.21659575e+00
 1.21503349e+00
 1.21352123e+00
 1.21208906e+00
 1.21076542e+00
 1.20957514e+00
 1.20853915e+00
 1.20767785e+00
 1.20701884e+00
 1.20659957e+00
 1.20645499e+00
 1.23856032e+00
 1.23844588e+00
 1.23810217e+00
 1.23754794e+00
 1.23683459e+00
 1.23601755e+00
 1.23512771e+00
 1.23417319e+00
 1.23315420e+00
 1.23207221e+00
 1.23093196e+00
 1.22973993e+00
 1.22850214e+00
 1.22722265e+00
 1.22590285e+00
 1.22454259e+00
 1.22314101e+00
 1.22169739e+00
 1.22021281e+00
 1.21869088e+00
 1.21713795e+00
 1.21556556e+00
 1.21399229e+00
 1.21244257e+00
 1.21094410e+00
 1.20952547e+00
 1.20821416e+00
 1.20703579e+00
 1.20601536e+00
 1.20518035e+00
 1.20456065e+00
 1.20418108e+00
 1.20405376e+00
 1.23468232e+00
 1.23459980e+00
 1.23434735e+00
 1.23391909e+00
 1.23332564e+00
 1.23259688e+00
 1.23176517e+00
 1.23085150e+00
 1.22986580e+00
 1.22881342e+00
 1.22769946e+00
 1.22652959e+00
 1.22530918e+00
 1.22404223e+00
 1.22273087e+00
 1.22137585e+00
 1.21997733e+00
 1.21853584e+00
 1.21705349e+00
 1.21553488e+00
 1.21398794e+00
 1.21242544e+00
 1.21086596e+00
 1.20933301e+00
 1.20785312e+00
 1.20645400e+00
 1.20516326e+00
 1.20400834e+00
 1.20301716e+00
 1.20221754e+00
 1.20163312e+00
 1.20127864e+00
 1.20116004e+00
 1.23030509e+00
 1.23023409e+00
 1.23002080e+00
 1.22966415e+00
 1.22916485e+00
 1.22853129e+00
 1.22778029e+00
 1.22693028e+00
 1.22599545e+00
 1.22498537e+00
 1.22390724e+00
 1.22276730e+00
 1.22157108e+00
 1.22032292e+00
 1.21902575e+00
 1.21768136e+00
 1.21629111e+00
 1.21485680e+00
 1.21338175e+00
 1.21187181e+00
 1.21033622e+00
 1.20878872e+00
 1.20724799e+00
 1.20573690e+00
 1.20428121e+00
 1.20290821e+00
 1.20164577e+00
 1.20052182e+00
 1.19956332e+00
 1.19879409e+00
 1.19823238e+00
 1.19789047e+00
 1.19777567e+00
 1.22536799e+00
 1.22531140e+00
 1.22513901e+00
 1.22484506e+00
 1.22442492e+00
 1.22387865e+00
 1.22321266e+00
 1.22243810e+00
 1.22156731e+00
 1.22061115e+00
 1.21957851e+00
 1.21847678e+00
 1.21731223e+00
 1.21608991e+00
 1.21481370e+00
 1.21348653e+00
 1.21211104e+00
 1.21069034e+00
 1.20922906e+00
 1.20773427e+00
 1.20621641e+00
 1.20468996e+00
 1.20317372e+00
 1.20169015e+00
 1.20026449e+00
 1.19892356e+00
 1.19769481e+00
 1.19660517e+00
 1.19567945e+00
 1.19493868e+00
 1.19439897e+00
 1.19407118e+00
 1.19396131e+00
 1.21997607e+00
 1.21992839e+00
 1.21978333e+00
 1.21953552e+00
 1.21917817e+00
 1.21870626e+00
 1.21811914e+00
 1.21742116e+00
 1.21662023e+00
 1.21572558e+00
 1.21474621e+00
 1.21369022e+00
 1.21256467e+00
 1.21137547e+00
 1.21012752e+00
 1.20882493e+00
 1.20747157e+00
 1.20607190e+00
 1.20463180e+00
 1.20315951e+00
 1.20166644e+00
 1.20016768e+00
 1.19868209e+00
 1.19723183e+00
 1.19584155e+00
 1.19453732e+00
 1.19334549e+00
 1.19229132e+00
 1.19139753e+00
 1.19068308e+00
 1.19016256e+00
 1.18984619e+00
 1.18974005e+00
 1.21417845e+00
 1.21413798e+00
 1.21401454e+00
 1.21380257e+00
 1.21349463e+00
 1.21308358e+00
 1.21256482e+00
 1.21193773e+00
 1.21120574e+00
 1.21037511e+00
 1.20945353e+00
 1.20844888e+00
 1.20736860e+00
 1.20621933e+00
 1.20500687e+00
 1.20373641e+00
 1.20241301e+00
 1.20104230e+00
 1.19963130e+00
 1.19818928e+00
 1.19672840e+00
 1.19526418e+00
 1.19381545e+00
 1.19240400e+00
 1.19105372e+00
 1.18978964e+00
 1.18863669e+00
 1.18761843e+00
 1.18675588e+00
 1.18606670e+00
 1.18556472e+00
 1.18525972e+00
 1.18515743e+00
 1.20803721e+00
 1.20800217e+00
 1.20789514e+00
 1.20771080e+00
 1.20744159e+00
 1.20707943e+00
 1.20661767e+00
 1.20605261e+00
 1.20538419e+00
 1.20461571e+00
 1.20375286e+00
 1.20280258e+00
 1.20177213e+00
 1.20066848e+00
 1.19949810e+00
 1.19826705e+00
 1.19698133e+00
 1.19564757e+00
 1.19427371e+00
 1.19286977e+00
 1.19144846e+00
 1.19002550e+00
 1.18861958e+00
 1.18725195e+00
 1.18594562e+00
 1.18472444e+00
 1.18361191e+00
 1.18263005e+00
 1.18179854e+00
 1.18113399e+00
 1.18064960e+00
 1.18035501e+00
 1.18025614e+00
 1.20161503e+00
 1.20158398e+00
 1.20148912e+00
 1.20132548e+00
 1.20108583e+00
 1.20076198e+00
 1.20034634e+00
 1.19983348e+00
 1.19922100e+00
 1.19850983e+00
 1.19770371e+00
 1.19680829e+00
 1.19583024e+00
 1.19477646e+00
 1.19365374e+00
 1.19246865e+00
 1.19122787e+00
 1.18993870e+00
 1.18860970e+00
 1.18725137e+00
 1.18587669e+00
 1.18450136e+00
 1.18314373e+00
 1.18182440e+00
 1.18056548e+00
 1.17938963e+00
 1.17831906e+00
 1.17737461e+00
 1.17657491e+00
 1.17593583e+00
 1.17547008e+00
 1.17518691e+00
 1.17509190e+00
 1.19497247e+00
 1.19494437e+00
 1.19485848e+00
 1.19471025e+00
 1.19449288e+00
 1.19419843e+00
 1.19381916e+00
 1.19334889e+00
 1.19278394e+00
 1.19212367e+00
 1.19137028e+00
 1.19052821e+00
 1.18960332e+00
 1.18860216e+00
 1.18753146e+00
 1.18639797e+00
 1.18520864e+00
 1.18397109e+00
 1.18269413e+00
 1.18138842e+00
 1.18006690e+00
 1.17874501e+00
 1.17744061e+00
 1.17617359e+00
 1.17496511e+00
 1.17383678e+00
 1.17280973e+00
 1.17190378e+00
 1.17113670e+00
 1.17052366e+00
 1.17007684e+00
 1.16980512e+00
 1.16971394e+00
 1.18817241e+00
 1.18814638e+00
 1.18806682e+00
 1.18792953e+00
 1.18772821e+00
 1.18745545e+00
 1.18710385e+00
 1.18666719e+00
 1.18614139e+00
 1.18552501e+00
 1.18481928e+00
 1.18402771e+00
 1.18315540e+00
 1.18220834e+00
 1.18119292e+00
 1.18011569e+00
 1.17898349e+00
 1.17780384e+00
 1.17658544e+00
 1.17533870e+00
 1.17407623e+00
 1.17281299e+00
 1.17156620e+00
 1.17035496e+00
 1.16919956e+00
 1.16812066e+00
 1.16713848e+00
 1.16627194e+00
 1.16553810e+00
 1.16495155e+00
 1.16452400e+00
 1.16426402e+00
 1.16417678e+00
 1.18127958e+00
 1.18125473e+00
 1.18117886e+00
 1.18104820e+00
 1.18085713e+00
 1.18059899e+00
 1.18026712e+00
 1.17985582e+00
 1.17936120e+00
 1.17878172e+00
 1.17811822e+00
 1.17737366e+00
 1.17655252e+00
 1.17566017e+00
 1.17470242e+00
 1.17368529e+00
 1.17261513e+00
 1.17149895e+00
 1.17034491e+00
 1.16916284e+00
 1.16796468e+00
 1.16676466e+00
 1.16557925e+00
 1.16442673e+00
 1.16332658e+00
 1.16229866e+00
 1.16136238e+00
 1.16053596e+00
 1.15983577e+00
 1.15927586e+00
 1.15886757e+00
 1.15861919e+00
 1.15853583e+00
 1.17435706e+00
 1.17433248e+00
 1.17425769e+00
 1.17412955e+00
 1.17394333e+00
 1.17369340e+00
 1.17337409e+00
 1.17298061e+00
 1.17250984e+00
 1.17196067e+00
 1.17133413e+00
 1.17063300e+00
 1.16986134e+00
 1.16902388e+00
 1.16812567e+00
 1.16717193e+00
 1.16616811e+00
 1.16512035e+00
 1.16403588e+00
 1.16292358e+00
 1.16179439e+00
 1.16066159e+00
 1.15954073e+00
 1.15844927e+00
 1.15740597e+00
 1.15643007e+00
 1.15554038e+00
 1.15475453e+00
 1.15408836e+00
 1.15355541e+00
 1.15316662e+00
 1.15293005e+00
 1.15285063e+00
 1.16746214e+00
 1.16743735e+00
 1.16736204e+00
 1.16723357e+00
 1.16704801e+00
 1.16680087e+00
 1.16648779e+00
 1.16610539e+00
 1.16565181e+00
 1.16512701e+00
 1.16453267e+00
 1.16387176e+00
 1.16314808e+00
 1.16236571e+00
 1.16152878e+00
 1.16064139e+00
 1.15970783e+00
 1.15873299e+00
 1.15772283e+00
 1.15668490e+00
 1.15562887e+00
 1.15456676e+00
 1.15351305e+00
 1.15248435e+00
 1.15149881e+00
 1.15057523e+00
 1.14973212e+00
 1.14898680e+00
 1.14835473e+00
 1.14784905e+00
 1.14748021e+00
 1.14725583e+00
 1.14718052e+00
 1.16065672e+00
 1.16063102e+00
 1.16055316e+00
 1.16042107e+00
 1.16023178e+00
 1.15998206e+00
 1.15966921e+00
 1.15929163e+00
 1.15884927e+00
 1.15834366e+00
 1.15777756e+00
 1.15715443e+00
 1.15647784e+00
 1.15575115e+00
 1.15497737e+00
 1.15415924e+00
 1.15329961e+00
 1.15240186e+00
 1.15147037e+00
 1.15051110e+00
 1.14953206e+00
 1.14854376e+00
 1.14755934e+00
 1.14659446e+00
 1.14566673e+00
 1.14479475e+00
 1.14399703e+00
 1.14329089e+00
 1.14269167e+00
 1.14221220e+00
 1.14186255e+00
 1.14164991e+00
 1.14157855e+00
 1.15399947e+00
 1.15397218e+00
 1.15388974e+00
 1.15375068e+00
 1.15355312e+00
 1.15329539e+00
 1.15297681e+00
 1.15259812e+00
 1.15216166e+00
 1.15167100e+00
 1.15113032e+00
 1.15054363e+00
 1.14991421e+00
 1.14924447e+00
 1.14853604e+00
 1.14779012e+00
 1.14700792e+00
 1.14619113e+00
 1.14534237e+00
 1.14446576e+00
 1.14356738e+00
 1.14265583e+00
 1.14174260e+00
 1.14084213e+00
 1.13997144e+00
 1.13914915e+00
 1.13839414e+00
 1.13772423e+00
 1.13715503e+00
 1.13669934e+00
 1.13636699e+00
 1.13616486e+00
 1.13609703e+00
 1.14754832e+00
 1.14751854e+00
 1.14742892e+00
 1.14727883e+00
 1.14706779e+00
 1.14679618e+00
 1.14646586e+00
 1.14608051e+00
 1.14564546e+00
 1.14516680e+00
 1.14465023e+00
 1.14410016e+00
 1.14351922e+00
 1.14290851e+00
 1.14226801e+00
 1.14159722e+00
 1.14089564e+00
 1.14016325e+00
 1.13940088e+00
 1.13861068e+00
 1.13779655e+00
 1.13696482e+00
 1.13612480e+00
 1.13528925e+00
 1.13447431e+00
 1.13369869e+00
 1.13298217e+00
 1.13234373e+00
 1.13179996e+00
 1.13136421e+00
 1.13104639e+00
 1.13085316e+00
 1.13078834e+00
 1.14135428e+00
 1.14132115e+00
 1.14122188e+00
 1.14105688e+00
 1.14082735e+00
 1.14053603e+00
 1.14018807e+00
 1.13979108e+00
 1.13935420e+00
 1.13888639e+00
 1.13839470e+00
 1.13788330e+00
 1.13735354e+00
 1.13680469e+00
 1.13623487e+00
 1.13564183e+00
 1.13502346e+00
 1.13437819e+00
 1.13370520e+00
 1.13300472e+00
 1.13227839e+00
 1.13152988e+00
 1.13076574e+00
 1.12999622e+00
 1.12923590e+00
 1.12850332e+00
 1.12781954e+00
 1.12720567e+00
 1.12668047e+00
 1.12625875e+00
 1.12595103e+00
 1.12576398e+00
 1.12570125e+00
 1.13546657e+00
 1.13542956e+00
 1.13531866e+00
 1.13513483e+00
 1.13488102e+00
 1.13456333e+00
 1.13419157e+00
 1.13377875e+00
 1.13333876e+00
 1.13288335e+00
 1.13241998e+00
 1.13195142e+00
 1.13147677e+00
 1.13099304e+00
 1.13049637e+00
 1.12998293e+00
 1.12944932e+00
 1.12889273e+00
 1.12831102e+00
 1.12770276e+00
 1.12706744e+00
 1.12640595e+00
 1.12572143e+00
 1.12502061e+00
 1.12431514e+00
 1.12362241e+00
 1.12296470e+00
 1.12236628e+00
 1.12184969e+00
 1.12143279e+00
 1.12112797e+00
 1.12094267e+00
 1.12088055e+00
 1.12994288e+00
 1.12990001e+00
 1.12977229e+00
 1.12956234e+00
 1.12927563e+00
 1.12892277e+00
 1.12852050e+00
 1.12808928e+00
 1.12764824e+00
 1.12721062e+00
 1.12678218e+00
 1.12636255e+00
 1.12594768e+00
 1.12553205e+00
 1.12511010e+00
 1.12467680e+00
 1.12422793e+00
 1.12375991e+00
 1.12326976e+00
 1.12275483e+00
 1.12221286e+00
 1.12164214e+00
 1.12104217e+00
 1.12041509e+00
 1.11976776e+00
 1.11911420e+00
 1.11847656e+00
 1.11788299e+00
 1.11736233e+00
 1.11693833e+00
 1.11662690e+00
 1.11643701e+00
 1.11637322e+00
 1.12482854e+00
 1.12477923e+00
 1.12463095e+00
 1.12438567e+00
 1.12405310e+00
 1.12365313e+00
 1.12321412e+00
 1.12276605e+00
 1.12233172e+00
 1.12192220e+00
 1.12153829e+00
 1.12117471e+00
 1.12082390e+00
 1.12047820e+00
 1.12013090e+00
 1.11977644e+00
 1.11941028e+00
 1.11902864e+00
 1.11862818e+00
 1.11820566e+00
 1.11775766e+00
 1.11728052e+00
 1.11677046e+00
 1.11622465e+00
 1.11564336e+00
 1.11503374e+00
 1.11441402e+00
 1.11381470e+00
 1.11327335e+00
 1.11282482e+00
 1.11249387e+00
 1.11229319e+00
 1.11222627e+00
 1.12020505e+00
 1.12014004e+00
 1.11994944e+00
 1.11964460e+00
 1.11924484e+00
 1.11878410e+00
 1.11830724e+00
 1.11785294e+00
 1.11744130e+00
 1.11707493e+00
 1.11674647e+00
 1.11644531e+00
 1.11616107e+00
 1.11588499e+00
 1.11561009e+00
 1.11533094e+00
 1.11504325e+00
 1.11474349e+00
 1.11442843e+00
 1.11409479e+00
 1.11373878e+00
 1.11335570e+00
 1.11293964e+00
 1.11248364e+00
 1.11198090e+00
 1.11142849e+00
 1.11083406e+00
 1.11022380e+00
 1.10964330e+00
 1.10914406e+00
 1.10876506e+00
 1.10852878e+00
 1.10844833e+00
 1.11602748e+00
 1.11595446e+00
 1.11573020e+00
 1.11535515e+00
 1.11486620e+00
 1.11433634e+00
 1.11383555e+00
 1.11340036e+00
 1.11303530e+00
 1.11272870e+00
 1.11246484e+00
 1.11222948e+00
 1.11201129e+00
 1.11180175e+00
 1.11159452e+00
 1.11138488e+00
 1.11116921e+00
 1.11094453e+00
 1.11070811e+00
 1.11045704e+00
 1.11018779e+00
 1.10989569e+00
 1.10957421e+00
 1.10921429e+00
 1.10880412e+00
 1.10833049e+00
 1.10778448e+00
 1.10717434e+00
 1.10654219e+00
 1.10596555e+00
 1.10552462e+00
 1.10526035e+00
 1.10517404e+00
 1.11257628e+00
 1.11245485e+00
 1.11209385e+00
 1.11154174e+00
 1.11091437e+00
 1.11033028e+00
 1.10984850e+00
 1.10947175e+00
 1.10917837e+00
 1.10894387e+00
 1.10874843e+00
 1.10857762e+00
 1.10842129e+00
 1.10827232e+00
 1.10812568e+00
 1.10797771e+00
 1.10782566e+00
 1.10766728e+00
 1.10750049e+00
 1.10732302e+00
 1.10713206e+00
 1.10692369e+00
 1.10669213e+00
 1.10642867e+00
 1.10612026e+00
 1.10574820e+00
 1.10528874e+00
 1.10472099e+00
 1.10404990e+00
 1.10334041e+00
 1.10272092e+00
 1.10231672e+00
 1.10218068e+00
 1.10970382e+00
 1.10946284e+00
 1.10884036e+00
 1.10806891e+00
 1.10736300e+00
 1.10681665e+00
 1.10642337e+00
 1.10614240e+00
 1.10593560e+00
 1.10577591e+00
 1.10564559e+00
 1.10553313e+00
 1.10543101e+00
 1.10533416e+00
 1.10523908e+00
 1.10514328e+00
 1.10504491e+00
 1.10494245e+00
 1.10483450e+00
 1.10471951e+00
 1.10459553e+00
 1.10445976e+00
 1.10430798e+00
 1.10413350e+00
 1.10392558e+00
 1.10366682e+00
 1.10332983e+00
 1.10287521e+00
 1.10226060e+00
 1.10148016e+00
 1.10063559e+00
 1.09995749e+00
 1.09969552e+00
 1.10655214e+00
 1.10627150e+00
 1.10559717e+00
 1.10486855e+00
 1.10429902e+00
 1.10391229e+00
 1.10365780e+00
 1.10348574e+00
 1.10336313e+00
 1.10327023e+00
 1.10319524e+00
 1.10313095e+00
 1.10307280e+00
 1.10301778e+00
 1.10296385e+00
 1.10290955e+00
 1.10285381e+00
 1.10279575e+00
 1.10273456e+00
 1.10266935e+00
 1.10259897e+00
 1.10252176e+00
 1.10243518e+00
 1.10233513e+00
 1.10221475e+00
 1.10206237e+00
 1.10185769e+00
 1.10156621e+00
 1.10113532e+00
 1.10051152e+00
 1.09972082e+00
 1.09899220e+00
 1.09868946e+00
 1.10335169e+00
 1.10313364e+00
 1.10267104e+00
 1.10224454e+00
 1.10194628e+00
 1.10175664e+00
 1.10163667e+00
 1.10155743e+00
 1.10150169e+00
 1.10145979e+00
 1.10142611e+00
 1.10139731e+00
 1.10137129e+00
 1.10134670e+00
 1.10132262e+00
 1.10129836e+00
 1.10127347e+00
 1.10124754e+00
 1.10122021e+00
 1.10119109e+00
 1.10115965e+00
 1.10112512e+00
 1.10108637e+00
 1.10104148e+00
 1.10098728e+00
 1.10091819e+00
 1.10082422e+00
 1.10068729e+00
 1.10047674e+00
 1.10015113e+00
 1.09968975e+00
 1.09919150e+00
 1.09895705e+00
 1.10091340e+00
 1.10082769e+00
 1.10068379e+00
 1.10056746e+00
 1.10048949e+00
 1.10044090e+00
 1.10041042e+00
 1.10039042e+00
 1.10037636e+00
 1.10036586e+00
 1.10035740e+00
 1.10035019e+00
 1.10034365e+00
 1.10033749e+00
 1.10033147e+00
 1.10032538e+00
 1.10031914e+00
 1.10031264e+00
 1.10030578e+00
 1.10029849e+00
 1.10029061e+00
 1.10028195e+00
 1.10027223e+00
 1.10026096e+00
 1.10024736e+00
 1.10022997e+00
 1.10020627e+00
 1.10017152e+00
 1.10011760e+00
 1.10003255e+00
 1.09990682e+00
 1.09975201e+00
 1.09965996e+00
 1.10000000e+00
 1.10000001e+00
 1.10000001e+00
 1.10000000e+00
 1.10000001e+00
 1.10000001e+00
 1.10000000e+00
 1.10000000e+00
 1.09999997e+00
 1.10000000e+00
 1.10000000e+00
 1.10000001e+00
 1.10000000e+00
 1.10000000e+00
 1.10000002e+00
 1.10000000e+00
 1.10000000e+00
 1.10000000e+00
 1.09999999e+00
 1.10000000e+00
 1.10000000e+00
 1.10000000e+00
 1.10000000e+00
 1.10000000e+00
 1.10000000e+00
 1.10000000e+00
 1.10000000e+00
 1.10000000e+00
 1.10000000e+00
 1.10000000e+00
 1.10000000e+00
 1.10000000e+00
 1.10000000e+00
