 1.59845400e+00
 1.59814339e+00
 1.59721336e+00
 1.59566922e+00
 1.59351952e+00
 1.59077576e+00
 1.58745256e+00
 1.58357161e+00
 1.57915786e+00
 1.57424001e+00
 1.56885335e+00
 1.56303505e+00
 1.55683287e+00
 1.55029447e+00
 1.54347184e+00
 1.53642144e+00
 1.52920459e+00
 1.52188498e+00
 1.51453439e+00
 1.50723173e+00
 1.50005428e+00
 1.49308281e+00
 1.48638942e+00
 1.48005699e+00
 1.47415762e+00
 1.46876368e+00
 1.46394139e+00
 1.45975186e+00
 1.45625073e+00
 1.45348093e+00
 1.45147689e+00
 1.45026404e+00
 1.44985800e+00
 1.59802047e+00
 1.59775428e+00
 1.59689989e+00
 1.59541876e+00
 1.59331353e+00
 1.59059984e+00
 1.58729784e+00
 1.58343248e+00
 1.57903082e+00
 1.57412274e+00
 1.56874391e+00
 1.56293216e+00
 1.55673502e+00
 1.55020042e+00
 1.54338050e+00
 1.53633181e+00
 1.52911570e+00
 1.52179611e+00
 1.51444483e+00
 1.50714047e+00
 1.49996044e+00
 1.49298510e+00
 1.48628728e+00
 1.47994897e+00
 1.47404255e+00
 1.46863976e+00
 1.46380617e+00
 1.45960138e+00
 1.45607795e+00
 1.45327509e+00
 1.45122424e+00
 1.44995522e+00
 1.44951622e+00
 1.59686794e+00
 1.59667164e+00
 1.59598685e+00
 1.59467511e+00
 1.59269640e+00
 1.59007055e+00
 1.58683100e+00
 1.58301204e+00
 1.57864644e+00
 1.57376751e+00
 1.56841221e+00
 1.56262001e+00
 1.55643803e+00
 1.54991494e+00
 1.54310322e+00
 1.53605977e+00
 1.52884602e+00
 1.52152660e+00
 1.51417330e+00
 1.50686393e+00
 1.49967622e+00
 1.49268957e+00
 1.48597842e+00
 1.47962274e+00
 1.47369528e+00
 1.46826622e+00
 1.46339907e+00
 1.45914916e+00
 1.45556075e+00
 1.45266397e+00
 1.45048742e+00
 1.44909259e+00
 1.44860173e+00
 1.59536948e+00
 1.59520953e+00
 1.59464526e+00
 1.59350668e+00
 1.59169006e+00
 1.58919117e+00
 1.58604783e+00
 1.58230297e+00
 1.57799610e+00
 1.57316498e+00
 1.56784868e+00
 1.56208874e+00
 1.55593213e+00
 1.54942840e+00
 1.54263065e+00
 1.53559623e+00
 1.52838688e+00
 1.52106805e+00
 1.51371152e+00
 1.50639420e+00
 1.49919393e+00
 1.49218927e+00
 1.48545610e+00
 1.47907230e+00
 1.47311058e+00
 1.46763911e+00
 1.46271853e+00
 1.45839893e+00
 1.45471702e+00
 1.45170033e+00
 1.44939562e+00
 1.44791164e+00
 1.44739393e+00
 1.59391819e+00
 1.59374432e+00
 1.59317151e+00
 1.59208163e+00
 1.59036743e+00
 1.58798628e+00
 1.58495135e+00
 1.58129879e+00
 1.57706896e+00
 1.57230211e+00
 1.56703925e+00
 1.56132361e+00
 1.55520242e+00
 1.54872604e+00
 1.54194830e+00
 1.53492715e+00
 1.52772474e+00
 1.52040738e+00
 1.51304680e+00
 1.50571914e+00
 1.49850208e+00
 1.49147368e+00
 1.48471066e+00
 1.47828944e+00
 1.47228227e+00
 1.46675589e+00
 1.46176921e+00
 1.45737137e+00
 1.45360361e+00
 1.45051205e+00
 1.44817221e+00
 1.44669533e+00
 1.44618823e+00
 1.59261487e+00
 1.59238761e+00
 1.59170284e+00
 1.59053326e+00
 1.58881864e+00
 1.58650094e+00
 1.58355726e+00
 1.57999901e+00
 1.57585599e+00
 1.57116539e+00
 1.56596788e+00
 1.56030725e+00
 1.55423090e+00
 1.54778973e+00
 1.54103825e+00
 1.53403500e+00
 1.52684267e+00
 1.51952825e+00
 1.51216347e+00
 1.50482387e+00
 1.49758689e+00
 1.49053040e+00
 1.48373153e+00
 1.47726605e+00
 1.47120621e+00
 1.46561911e+00
 1.46056593e+00
 1.45610345e+00
 1.45229105e+00
 1.44920180e+00
 1.44692276e+00
 1.44553014e+00
 1.44506310e+00
 1.59101588e+00
 1.59077062e+00
 1.59003600e+00
 1.58880818e+00
 1.58706483e+00
 1.58476797e+00
 1.58188582e+00
 1.57840947e+00
 1.57435263e+00
 1.56974368e+00
 1.56461945e+00
 1.55902222e+00
 1.55299882e+00
 1.54660017e+00
 1.53988114e+00
 1.53290074e+00
 1.52572217e+00
 1.51841290e+00
 1.51104468e+00
 1.50369272e+00
 1.49643425e+00
 1.48934722e+00
 1.48250918e+00
 1.47599631e+00
 1.46988210e+00
 1.46423666e+00
 1.45912769e+00
 1.45462379e+00
 1.45079939e+00
 1.44773416e+00
 1.44550023e+00
 1.44414569e+00
 1.44369236e+00
 1.58902809e+00
 1.58878484e+00
 1.58805138e+00
 1.58681803e+00
 1.58507022e+00
 1.58278744e+00
 1.57994747e+00
 1.57653686e+00
 1.57255816e+00
 1.56802974e+00
 1.56298189e+00
 1.55745334e+00
 1.55148905e+00
 1.54513914e+00
 1.53845836e+00
 1.53150588e+00
 1.52434522e+00
 1.51704414e+00
 1.50967443e+00
 1.50231117e+00
 1.49503160e+00
 1.48791405e+00
 1.48103691e+00
 1.47447783e+00
 1.46831308e+00
 1.46261770e+00
 1.45746685e+00
 1.45293742e+00
 1.44910722e+00
 1.44604885e+00
 1.44382150e+00
 1.44246756e+00
 1.44201320e+00
 1.58677076e+00
 1.58652543e+00
 1.58578804e+00
 1.58455331e+00
 1.58281068e+00
 1.58054509e+00
 1.57774011e+00
 1.57438350e+00
 1.57047310e+00
 1.56601986e+00
 1.56104734e+00
 1.55558941e+00
 1.54968803e+00
 1.54339165e+00
 1.53675420e+00
 1.52983460e+00
 1.52269637e+00
 1.51540738e+00
 1.50803945e+00
 1.50066770e+00
 1.49336967e+00
 1.48622440e+00
 1.47931170e+00
 1.47271154e+00
 1.46650388e+00
 1.46076886e+00
 1.45558720e+00
 1.45103942e+00
 1.44720252e+00
 1.44414494e+00
 1.44192194e+00
 1.44057293e+00
 1.44012081e+00
 1.58420024e+00
 1.58395718e+00
 1.58322588e+00
 1.58200043e+00
 1.58027171e+00
 1.57802805e+00
 1.57525680e+00
 1.57194781e+00
 1.56809763e+00
 1.56371300e+00
 1.55881213e+00
 1.55342408e+00
 1.54758720e+00
 1.54134752e+00
 1.53475757e+00
 1.52787551e+00
 1.52076453e+00
 1.51349238e+00
 1.50613087e+00
 1.49875530e+00
 1.49144373e+00
 1.48427626e+00
 1.47733451e+00
 1.47070118e+00
 1.46445984e+00
 1.45869472e+00
 1.45348979e+00
 1.44892667e+00
 1.44508104e+00
 1.44201876e+00
 1.43979274e+00
 1.43844149e+00
 1.43798844e+00
 1.58133742e+00
 1.58109657e+00
 1.58037221e+00
 1.57915901e+00
 1.57744846e+00
 1.57523002e+00
 1.57249283e+00
 1.56922818e+00
 1.56543255e+00
 1.56111053e+00
 1.55627671e+00
 1.55095614e+00
 1.54518360e+00
 1.53900242e+00
 1.53246325e+00
 1.52562307e+00
 1.51854437e+00
 1.51129458e+00
 1.50394544e+00
 1.49657247e+00
 1.48925437e+00
 1.48207249e+00
 1.47511036e+00
 1.46845327e+00
 1.46218779e+00
 1.45640092e+00
 1.45117840e+00
 1.44660216e+00
 1.44274707e+00
 1.43967796e+00
 1.43744721e+00
 1.43609321e+00
 1.43563927e+00
 1.57818720e+00
 1.57794933e+00
 1.57723375e+00
 1.57603486e+00
 1.57434435e+00
 1.57215238e+00
 1.56944905e+00
 1.56622651e+00
 1.56248134e+00
 1.55821699e+00
 1.55344574e+00
 1.54818958e+00
 1.54248024e+00
 1.53635837e+00
 1.52987255e+00
 1.52307829e+00
 1.51603713e+00
 1.50881592e+00
 1.50148622e+00
 1.49412375e+00
 1.48680785e+00
 1.47962106e+00
 1.47264861e+00
 1.46597792e+00
 1.45969778e+00
 1.45389700e+00
 1.44866239e+00
 1.44407612e+00
 1.44021290e+00
 1.43713730e+00
 1.43490168e+00
 1.43354455e+00
 1.43308952e+00
 1.57476892e+00
 1.57453359e+00
 1.57382580e+00
 1.57264037e+00
 1.57096935e+00
 1.56880327e+00
 1.56613267e+00
 1.56295006e+00
 1.55925201e+00
 1.55504126e+00
 1.55032857e+00
 1.54513376e+00
 1.53948608e+00
 1.53342382e+00
 1.52699352e+00
 1.52024909e+00
 1.51325091e+00
 1.50606509e+00
 1.49876285e+00
 1.49141996e+00
 1.48411625e+00
 1.47693520e+00
 1.46996338e+00
 1.46328975e+00
 1.45700459e+00
 1.45119791e+00
 1.44595728e+00
 1.44136528e+00
 1.43749684e+00
 1.43441679e+00
 1.43217776e+00
 1.43081852e+00
 1.43036278e+00
 1.57109457e+00
 1.57086186e+00
 1.57016196e+00
 1.56898979e+00
 1.56733769e+00
 1.56519648e+00
 1.56255704e+00
 1.55941207e+00
 1.55575811e+00
 1.55159745e+00
 1.54693983e+00
 1.54180356e+00
 1.53621603e+00
 1.53021354e+00
 1.52384080e+00
 1.51715011e+00
 1.51020059e+00
 1.50305745e+00
 1.49579139e+00
 1.48847800e+00
 1.48119737e+00
 1.47403356e+00
 1.46707395e+00
 1.46040849e+00
 1.45412839e+00
 1.44832440e+00
 1.44308468e+00
 1.43849228e+00
 1.43462261e+00
 1.43154096e+00
 1.42930038e+00
 1.42794003e+00
 1.42748389e+00
 1.56718505e+00
 1.56695488e+00
 1.56626262e+00
 1.56510330e+00
 1.56346937e+00
 1.56135184e+00
 1.55874177e+00
 1.55563205e+00
 1.55201922e+00
 1.54790538e+00
 1.54329969e+00
 1.53821948e+00
 1.53269078e+00
 1.52674835e+00
 1.52043528e+00
 1.51380237e+00
 1.50690742e+00
 1.49981462e+00
 1.49259392e+00
 1.48532055e+00
 1.47807449e+00
 1.47093995e+00
 1.46400470e+00
 1.45735910e+00
 1.45109477e+00
 1.44530288e+00
 1.44007196e+00
 1.43548551e+00
 1.43161944e+00
 1.42853967e+00
 1.42629989e+00
 1.42493978e+00
 1.42448367e+00
 1.56306831e+00
 1.56284056e+00
 1.56215559e+00
 1.56100840e+00
 1.55939149e+00
 1.55729597e+00
 1.55471307e+00
 1.55163584e+00
 1.54806103e+00
 1.54399076e+00
 1.53943400e+00
 1.53440757e+00
 1.52893662e+00
 1.52305474e+00
 1.51680366e+00
 1.51023274e+00
 1.50339847e+00
 1.49636388e+00
 1.48919803e+00
 1.48197549e+00
 1.47477583e+00
 1.46768303e+00
 1.46078474e+00
 1.45417127e+00
 1.44793425e+00
 1.44216486e+00
 1.43695180e+00
 1.43237884e+00
 1.42852239e+00
 1.42544898e+00
 1.42321304e+00
 1.42185491e+00
 1.42139941e+00
 1.55878000e+00
 1.55855445e+00
 1.55787603e+00
 1.55673974e+00
 1.55513808e+00
 1.55306222e+00
 1.55050357e+00
 1.54745550e+00
 1.54391510e+00
 1.53988487e+00
 1.53537398e+00
 1.53039915e+00
 1.52498508e+00
 1.51916449e+00
 1.51297792e+00
 1.50647339e+00
 1.49970602e+00
 1.49273759e+00
 1.48563610e+00
 1.47847527e+00
 1.47133395e+00
 1.46429552e+00
 1.45744713e+00
 1.45087861e+00
 1.44468121e+00
 1.43894582e+00
 1.43376096e+00
 1.42921048e+00
 1.42537109e+00
 1.42230987e+00
 1.42008194e+00
 1.41872830e+00
 1.41827424e+00
 1.55436244e+00
 1.55413870e+00
 1.55346570e+00
 1.55233844e+00
 1.55074943e+00
 1.54868999e+00
 1.54615178e+00
 1.54312865e+00
 1.53961835e+00
 1.53562413e+00
 1.53115577e+00
 1.52623036e+00
 1.52087246e+00
 1.51511415e+00
 1.50899486e+00
 1.50256124e+00
 1.49586698e+00
 1.48897252e+00
 1.48194468e+00
 1.47485616e+00
 1.46778488e+00
 1.46081335e+00
 1.45402783e+00
 1.44751736e+00
 1.44137245e+00
 1.43568341e+00
 1.43053833e+00
 1.42602081e+00
 1.42220755e+00
 1.41916584e+00
 1.41695123e+00
 1.41560527e+00
 1.41515370e+00
 1.54986284e+00
 1.54964042e+00
 1.54897138e+00
 1.54785073e+00
 1.54627104e+00
 1.54422380e+00
 1.54170115e+00
 1.53869767e+00
 1.53521222e+00
 1.53124927e+00
 1.52681979e+00
 1.52194162e+00
 1.51663943e+00
 1.51094471e+00
 1.50489571e+00
 1.49853759e+00
 1.49192244e+00
 1.48510932e+00
 1.47816382e+00
 1.47115755e+00
 1.46416739e+00
 1.45727473e+00
 1.45056469e+00
 1.44412514e+00
 1.43804559e+00
 1.43241551e+00
 1.42732236e+00
 1.42284927e+00
 1.41907261e+00
 1.41605945e+00
 1.41386522e+00
 1.41253146e+00
 1.41208395e+00
 1.54533270e+00
 1.54511104e+00
 1.54444427e+00
 1.54332733e+00
 1.54175282e+00
 1.53971249e+00
 1.53719917e+00
 1.53420870e+00
 1.53074168e+00
 1.52680453e+00
 1.52241000e+00
 1.51757703e+00
 1.51233052e+00
 1.50670118e+00
 1.50072581e+00
 1.49444773e+00
 1.48791728e+00
 1.48119205e+00
 1.47433650e+00
 1.46742127e+00
 1.46052218e+00
 1.45371938e+00
 1.44709651e+00
 1.44073997e+00
 1.43473786e+00
 1.42917855e+00
 1.42414871e+00
 1.41973089e+00
 1.41600090e+00
 1.41302526e+00
 1.41085865e+00
 1.40954187e+00
 1.40910010e+00
 1.54082949e+00
 1.54060786e+00
 1.53994108e+00
 1.53882390e+00
 1.53724890e+00
 1.53520834e+00
 1.53269622e+00
 1.52971040e+00
 1.52625412e+00
 1.52233667e+00
 1.51797317e+00
 1.51318392e+00
 1.50799385e+00
 1.50243245e+00
 1.49653443e+00
 1.49034078e+00
 1.48389985e+00
 1.47726778e+00
 1.47050819e+00
 1.46369104e+00
 1.45689131e+00
 1.45018784e+00
 1.44366253e+00
 1.43739976e+00
 1.43148571e+00
 1.42600724e+00
 1.42104994e+00
 1.41669563e+00
 1.41301945e+00
 1.41008712e+00
 1.40795242e+00
 1.40665525e+00
 1.40622010e+00
 1.53641584e+00
 1.53619297e+00
 1.53552248e+00
 1.53439915e+00
 1.53281578e+00
 1.53076541e+00
 1.52824399e+00
 1.52525253e+00
 1.52179820e+00
 1.51789416e+00
 1.51355841e+00
 1.50881254e+00
 1.50368096e+00
 1.49819109e+00
 1.49237463e+00
 1.48626951e+00
 1.47992173e+00
 1.47338624e+00
 1.46672633e+00
 1.46001193e+00
 1.45331762e+00
 1.44672103e+00
 1.44030201e+00
 1.43414227e+00
 1.42832527e+00
 1.42293562e+00
 1.41805746e+00
 1.41377181e+00
 1.41015330e+00
 1.40726701e+00
 1.40516598e+00
 1.40388935e+00
 1.40346110e+00
 1.53215233e+00
 1.53192701e+00
 1.53124884e+00
 1.53011216e+00
 1.52851007e+00
 1.52643738e+00
 1.52389351e+00
 1.52088445e+00
 1.51742288e+00
 1.51352673e+00
 1.50921700e+00
 1.50451604e+00
 1.49944677e+00
 1.49403332e+00
 1.48830310e+00
 1.48228998e+00
 1.47603734e+00
 1.46959933e+00
 1.46303990e+00
 1.45642991e+00
 1.44984428e+00
 1.44335974e+00
 1.43705389e+00
 1.43100507e+00
 1.42529282e+00
 1.41999833e+00
 1.41520358e+00
 1.41098883e+00
 1.40742871e+00
 1.40458843e+00
 1.40252085e+00
 1.40126466e+00
 1.40084331e+00
 1.52810777e+00
 1.52787718e+00
 1.52718349e+00
 1.52602170e+00
 1.52438623e+00
 1.52227502e+00
 1.51969320e+00
 1.51665403e+00
 1.51317723e+00
 1.50928573e+00
 1.50500288e+00
 1.50035074e+00
 1.49534956e+00
 1.49001868e+00
 1.48437963e+00
 1.47846102e+00
 1.47230327e+00
 1.46596054e+00
 1.45949882e+00
 1.45299137e+00
 1.44651436e+00
 1.44014420e+00
 1.43395633e+00
 1.42802511e+00
 1.42242478e+00
 1.41723119e+00
 1.41252273e+00
 1.40837864e+00
 1.40487461e+00
 1.40207734e+00
 1.40004040e+00
 1.39880252e+00
 1.39838724e+00
 1.52433382e+00
 1.52409587e+00
 1.52337938e+00
 1.52217900e+00
 1.52049205e+00
 1.51832330e+00
 1.51568749e+00
 1.51260789e+00
 1.50911163e+00
 1.50522544e+00
 1.50097346e+00
 1.49637633e+00
 1.49145055e+00
 1.48620920e+00
 1.48066608e+00
 1.47484305e+00
 1.46877721e+00
 1.46252393e+00
 1.45615330e+00
 1.44974274e+00
 1.44337068e+00
 1.43711383e+00
 1.43104605e+00
 1.42523776e+00
 1.41975669e+00
 1.41467081e+00
 1.41005191e+00
 1.40597667e+00
 1.40252279e+00
 1.39976124e+00
 1.39774938e+00
 1.39652736e+00
 1.39611769e+00
 1.52089668e+00
 1.52064447e+00
 1.51988789e+00
 1.51862710e+00
 1.51686594e+00
 1.51461987e+00
 1.51191771e+00
 1.50879389e+00
 1.50528054e+00
 1.50140501e+00
 1.49719046e+00
 1.49265562e+00
 1.48781296e+00
 1.48266802e+00
 1.47722470e+00
 1.47149631e+00
 1.46551633e+00
 1.45934288e+00
 1.45305299e+00
 1.44673020e+00
 1.44045582e+00
 1.43430730e+00
 1.42835803e+00
 1.42267561e+00
 1.41732117e+00
 1.41235241e+00
 1.40782990e+00
 1.40382319e+00
 1.40041108e+00
 1.39767185e+00
 1.39566971e+00
 1.39444972e+00
 1.39403975e+00
 1.51778895e+00
 1.51752509e+00
 1.51672828e+00
 1.51539316e+00
 1.51353542e+00
 1.51119671e+00
 1.50842669e+00
 1.50526633e+00
 1.50174595e+00
 1.49788993e+00
 1.49371979e+00
 1.48925347e+00
 1.48450032e+00
 1.47945719e+00
 1.47411566e+00
 1.46847854e+00
 1.46257526e+00
 1.45646858e+00
 1.45024600e+00
 1.44399931e+00
 1.43781235e+00
 1.43176307e+00
 1.42592592e+00
 1.42036801e+00
 1.41514554e+00
 1.41030552e+00
 1.40589311e+00
 1.40196207e+00
 1.39858499e+00
 1.39585287e+00
 1.39385294e+00
 1.39264028e+00
 1.39223494e+00
 1.51518176e+00
 1.51488226e+00
 1.51398334e+00
 1.51250737e+00
 1.51051729e+00
 1.50808674e+00
 1.50526796e+00
 1.50209139e+00
 1.49857878e+00
 1.49475107e+00
 1.49062983e+00
 1.48623474e+00
 1.48157418e+00
 1.47663512e+00
 1.47139419e+00
 1.46584220e+00
 1.46000386e+00
 1.45394839e+00
 1.44777788e+00
 1.44159446e+00
 1.43548267e+00
 1.42951984e+00
 1.42378311e+00
 1.41834204e+00
 1.41325117e+00
 1.40854924e+00
 1.40426646e+00
 1.40043410e+00
 1.39709806e+00
 1.39433814e+00
 1.39226849e+00
 1.39099432e+00
 1.39056665e+00
 1.51300584e+00
 1.51262984e+00
 1.51155571e+00
 1.50990999e+00
 1.50781605e+00
 1.50534285e+00
 1.50251548e+00
 1.49934737e+00
 1.49585535e+00
 1.49206092e+00
 1.48798824e+00
 1.48366170e+00
 1.47909173e+00
 1.47425393e+00
 1.46910787e+00
 1.46363184e+00
 1.45784518e+00
 1.45182449e+00
 1.44569069e+00
 1.43955787e+00
 1.43350815e+00
 1.42761627e+00
 1.42196361e+00
 1.41662484e+00
 1.41165633e+00
 1.40709211e+00
 1.40295341e+00
 1.39925626e+00
 1.39601454e+00
 1.39326138e+00
 1.39109141e+00
 1.38967244e+00
 1.38917531e+00
 1.51079383e+00
 1.51038497e+00
 1.50925009e+00
 1.50757870e+00
 1.50550196e+00
 1.50305957e+00
 1.50025965e+00
 1.49711575e+00
 1.49364975e+00
 1.48988787e+00
 1.48585809e+00
 1.48159137e+00
 1.47710355e+00
 1.47235736e+00
 1.46729461e+00
 1.46188226e+00
 1.45613380e+00
 1.45013290e+00
 1.44402204e+00
 1.43792813e+00
 1.43192719e+00
 1.42608943e+00
 1.42050172e+00
 1.41524506e+00
 1.41038040e+00
 1.40593928e+00
 1.40193947e+00
 1.39839734e+00
 1.39531891e+00
 1.39270557e+00
 1.39060237e+00
 1.38917343e+00
 1.38865838e+00
 1.50868109e+00
 1.50829630e+00
 1.50724815e+00
 1.50570012e+00
 1.50372586e+00
 1.50134826e+00
 1.49858618e+00
 1.49546828e+00
 1.49202581e+00
 1.48829059e+00
 1.48429383e+00
 1.48007293e+00
 1.47565160e+00
 1.47097929e+00
 1.46598196e+00
 1.46061800e+00
 1.45489521e+00
 1.44890275e+00
 1.44280414e+00
 1.43673824e+00
 1.43077274e+00
 1.42497228e+00
 1.41942980e+00
 1.41423191e+00
 1.40944552e+00
 1.40510023e+00
 1.40121164e+00
 1.39780522e+00
 1.39489997e+00
 1.39250329e+00
 1.39062926e+00
 1.38935920e+00
 1.38889202e+00
 1.50712345e+00
 1.50680307e+00
 1.50590793e+00
 1.50450176e+00
 1.50261929e+00
 1.50029269e+00
 1.49755806e+00
 1.49445834e+00
 1.49103164e+00
 1.48731369e+00
 1.48333752e+00
 1.47914504e+00
 1.47476739e+00
 1.47014333e+00
 1.46518787e+00
 1.45985425e+00
 1.45414607e+00
 1.44815568e+00
 1.44206234e+00
 1.43601361e+00
 1.43006977e+00
 1.42429083e+00
 1.41877473e+00
 1.41361161e+00
 1.40887361e+00
 1.40458866e+00
 1.40076988e+00
 1.39745117e+00
 1.39466534e+00
 1.39243723e+00
 1.39078663e+00
 1.38973942e+00
 1.38936398e+00
 1.50654800e+00
 1.50627100e+00
 1.50544672e+00
 1.50409469e+00
 1.50224526e+00
 1.49993659e+00
 1.49721148e+00
 1.49411813e+00
 1.49069691e+00
 1.48698493e+00
 1.48301573e+00
 1.47883283e+00
 1.47447045e+00
 1.46986319e+00
 1.46492214e+00
 1.45959889e+00
 1.45389542e+00
 1.44790513e+00
 1.44181314e+00
 1.43577024e+00
 1.42983371e+00
 1.42406177e+00
 1.41855429e+00
 1.41340261e+00
 1.40868096e+00
 1.40441658e+00
 1.40062133e+00
 1.39733234e+00
 1.39458742e+00
 1.39241856e+00
 1.39085106e+00
 1.38990319e+00
 1.38958600e+00
