 1.15311100e+00
 1.15296462e+00
 1.15252722e+00
 1.15180418e+00
 1.15080478e+00
 1.14954248e+00
 1.14803543e+00
 1.14630502e+00
 1.14437763e+00
 1.14228126e+00
 1.14004847e+00
 1.13771279e+00
 1.13530176e+00
 1.13283506e+00
 1.13033677e+00
 1.12783068e+00
 1.12534133e+00
 1.12289128e+00
 1.12049438e+00
 1.11816686e+00
 1.11592786e+00
 1.11379093e+00
 1.11177062e+00
 1.10988214e+00
 1.10813922e+00
 1.10656486e+00
 1.10514768e+00
 1.10396550e+00
 1.10298081e+00
 1.10196857e+00
 1.10099209e+00
 1.10026813e+00
 1.10000000e+00
 1.15280184e+00
 1.15268268e+00
 1.15229177e+00
 1.15160784e+00
 1.15063669e+00
 1.14939446e+00
 1.14790251e+00
 1.14618454e+00
 1.14426798e+00
 1.14218151e+00
 1.13995776e+00
 1.13763011e+00
 1.13522618e+00
 1.13276625e+00
 1.13027431e+00
 1.12777419e+00
 1.12529029e+00
 1.12284496e+00
 1.12045245e+00
 1.11812900e+00
 1.11589347e+00
 1.11375955e+00
 1.11174176e+00
 1.10985507e+00
 1.10811346e+00
 1.10653761e+00
 1.10512082e+00
 1.10392791e+00
 1.10291334e+00
 1.10189207e+00
 1.10093331e+00
 1.10024514e+00
 1.10000000e+00
 1.15196722e+00
 1.15189096e+00
 1.15160444e+00
 1.15102573e+00
 1.15013505e+00
 1.14895139e+00
 1.14750407e+00
 1.14582303e+00
 1.14393874e+00
 1.14188179e+00
 1.13968501e+00
 1.13738144e+00
 1.13499897e+00
 1.13255937e+00
 1.13008651e+00
 1.12760428e+00
 1.12513674e+00
 1.12270570e+00
 1.12032642e+00
 1.11801523e+00
 1.11579020e+00
 1.11366541e+00
 1.11165525e+00
 1.10977409e+00
 1.10803611e+00
 1.10645714e+00
 1.10503891e+00
 1.10381609e+00
 1.10273768e+00
 1.10170711e+00
 1.10080783e+00
 1.10020627e+00
 1.10000000e+00
 1.15084157e+00
 1.15078780e+00
 1.15057605e+00
 1.15010579e+00
 1.14931910e+00
 1.14822084e+00
 1.14684302e+00
 1.14522126e+00
 1.14338967e+00
 1.14138109e+00
 1.13922875e+00
 1.13696523e+00
 1.13461887e+00
 1.13221321e+00
 1.12977222e+00
 1.12731979e+00
 1.12487954e+00
 1.12247271e+00
 1.12011570e+00
 1.11782501e+00
 1.11561782e+00
 1.11350855e+00
 1.11151135e+00
 1.10963995e+00
 1.10790779e+00
 1.10632666e+00
 1.10490222e+00
 1.10364318e+00
 1.10251574e+00
 1.10150394e+00
 1.10069025e+00
 1.10017430e+00
 1.10000000e+00
 1.14967381e+00
 1.14961191e+00
 1.14939642e+00
 1.14895947e+00
 1.14824207e+00
 1.14722640e+00
 1.14592971e+00
 1.14438358e+00
 1.14262218e+00
 1.14067915e+00
 1.13858769e+00
 1.13637985e+00
 1.13408435e+00
 1.13172628e+00
 1.12932993e+00
 1.12691921e+00
 1.12451725e+00
 1.12214489e+00
 1.11981953e+00
 1.11755781e+00
 1.11537621e+00
 1.11328932e+00
 1.11131096e+00
 1.10945423e+00
 1.10773126e+00
 1.10615161e+00
 1.10472086e+00
 1.10344021e+00
 1.10230471e+00
 1.10133933e+00
 1.10060507e+00
 1.10015210e+00
 1.10000000e+00
 1.14853351e+00
 1.14843961e+00
 1.14815803e+00
 1.14767746e+00
 1.14696890e+00
 1.14600599e+00
 1.14478435e+00
 1.14332044e+00
 1.14164139e+00
 1.13977808e+00
 1.13776219e+00
 1.13562474e+00
 1.13339447e+00
 1.13109745e+00
 1.12875841e+00
 1.12640122e+00
 1.12404865e+00
 1.12172134e+00
 1.11943732e+00
 1.11721342e+00
 1.11506567e+00
 1.11300866e+00
 1.11105593e+00
 1.10922001e+00
 1.10751214e+00
 1.10594133e+00
 1.10451454e+00
 1.10323893e+00
 1.10212976e+00
 1.10121971e+00
 1.10054716e+00
 1.10013730e+00
 1.10000000e+00
 1.14715408e+00
 1.14705062e+00
 1.14674311e+00
 1.14623525e+00
 1.14552217e+00
 1.14459065e+00
 1.14343128e+00
 1.14204792e+00
 1.14045724e+00
 1.13868376e+00
 1.13675556e+00
 1.13470159e+00
 1.13254991e+00
 1.13032687e+00
 1.12805743e+00
 1.12576544e+00
 1.12347337e+00
 1.12120179e+00
 1.11896913e+00
 1.11679236e+00
 1.11468730e+00
 1.11266851e+00
 1.11074938e+00
 1.10894227e+00
 1.10725842e+00
 1.10570814e+00
 1.10430221e+00
 1.10305526e+00
 1.10198933e+00
 1.10113175e+00
 1.10050620e+00
 1.10012693e+00
 1.10000000e+00
 1.14548310e+00
 1.14538331e+00
 1.14508402e+00
 1.14458586e+00
 1.14388916e+00
 1.14299163e+00
 1.14188966e+00
 1.14058396e+00
 1.13908372e+00
 1.13740638e+00
 1.13557499e+00
 1.13361538e+00
 1.13155403e+00
 1.12941682e+00
 1.12722859e+00
 1.12501304e+00
 1.12279242e+00
 1.12058723e+00
 1.11841613e+00
 1.11629622e+00
 1.11424329e+00
 1.11227194e+00
 1.11039568e+00
 1.10862722e+00
 1.10697876e+00
 1.10546285e+00
 1.10409398e+00
 1.10289021e+00
 1.10187278e+00
 1.10106233e+00
 1.10047457e+00
 1.10011896e+00
 1.10000000e+00
 1.14359567e+00
 1.14349885e+00
 1.14320974e+00
 1.14273117e+00
 1.14206534e+00
 1.14121267e+00
 1.14017242e+00
 1.13894538e+00
 1.13753714e+00
 1.13595986e+00
 1.13423167e+00
 1.13237480e+00
 1.13041348e+00
 1.12837245e+00
 1.12627597e+00
 1.12414738e+00
 1.12200869e+00
 1.11988032e+00
 1.11778100e+00
 1.11572794e+00
 1.11373704e+00
 1.11182307e+00
 1.10999996e+00
 1.10828113e+00
 1.10668015e+00
 1.10521152e+00
 1.10389157e+00
 1.10273838e+00
 1.10177020e+00
 1.10100280e+00
 1.10044774e+00
 1.10011222e+00
 1.10000000e+00
 1.14147825e+00
 1.14138899e+00
 1.14112165e+00
 1.14067736e+00
 1.14005743e+00
 1.13926253e+00
 1.13829275e+00
 1.13714903e+00
 1.13583549e+00
 1.13436117e+00
 1.13274049e+00
 1.13099235e+00
 1.12913852e+00
 1.12720212e+00
 1.12520649e+00
 1.12317435e+00
 1.12112734e+00
 1.11908568e+00
 1.11706809e+00
 1.11509186e+00
 1.11317305e+00
 1.11132674e+00
 1.10956737e+00
 1.10790920e+00
 1.10636686e+00
 1.10495584e+00
 1.10369260e+00
 1.10259377e+00
 1.10167472e+00
 1.10094810e+00
 1.10042321e+00
 1.10010607e+00
 1.10000000e+00
 1.13917212e+00
 1.13909216e+00
 1.13885209e+00
 1.13845120e+00
 1.13788823e+00
 1.13716166e+00
 1.13627051e+00
 1.13521528e+00
 1.13399933e+00
 1.13263006e+00
 1.13111948e+00
 1.12948388e+00
 1.12774273e+00
 1.12591743e+00
 1.12403004e+00
 1.12210247e+00
 1.12015581e+00
 1.11820994e+00
 1.11628346e+00
 1.11439367e+00
 1.11255676e+00
 1.11078812e+00
 1.10910264e+00
 1.10751516e+00
 1.10604083e+00
 1.10469518e+00
 1.10349386e+00
 1.10245176e+00
 1.10158203e+00
 1.10089534e+00
 1.10039960e+00
 1.10010015e+00
 1.10000000e+00
 1.13673351e+00
 1.13666409e+00
 1.13645440e+00
 1.13610081e+00
 1.13559882e+00
 1.13494444e+00
 1.13413508e+00
 1.13317035e+00
 1.13205290e+00
 1.13078908e+00
 1.12938933e+00
 1.12786799e+00
 1.12624257e+00
 1.12453272e+00
 1.12275914e+00
 1.12094270e+00
 1.11910373e+00
 1.11726164e+00
 1.11543474e+00
 1.11364020e+00
 1.11189426e+00
 1.11021245e+00
 1.10860993e+00
 1.10710171e+00
 1.10570287e+00
 1.10442841e+00
 1.10329281e+00
 1.10230938e+00
 1.10148965e+00
 1.10084291e+00
 1.10037618e+00
 1.10009427e+00
 1.10000000e+00
 1.13424875e+00
 1.13418751e+00
 1.13400226e+00
 1.13368878e+00
 1.13324127e+00
 1.13265393e+00
 1.13192246e+00
 1.13104514e+00
 1.13002357e+00
 1.12886304e+00
 1.12757268e+00
 1.12616523e+00
 1.12465649e+00
 1.12306446e+00
 1.12140839e+00
 1.11970794e+00
 1.11798252e+00
 1.11625086e+00
 1.11453078e+00
 1.11283917e+00
 1.11119212e+00
 1.10960510e+00
 1.10809317e+00
 1.10667116e+00
 1.10535366e+00
 1.10415483e+00
 1.10308795e+00
 1.10216500e+00
 1.10139624e+00
 1.10078998e+00
 1.10035254e+00
 1.10008835e+00
 1.10000000e+00
 1.13176307e+00
 1.13170836e+00
 1.13154270e+00
 1.13126181e+00
 1.13085974e+00
 1.13033026e+00
 1.12966831e+00
 1.12887124e+00
 1.12793960e+00
 1.12687755e+00
 1.12569294e+00
 1.12439705e+00
 1.12300407e+00
 1.12153039e+00
 1.11999375e+00
 1.11841248e+00
 1.11680488e+00
 1.11518880e+00
 1.11358137e+00
 1.11199899e+00
 1.11045734e+00
 1.10897155e+00
 1.10755631e+00
 1.10622594e+00
 1.10499429e+00
 1.10387452e+00
 1.10287881e+00
 1.10201798e+00
 1.10130128e+00
 1.10073621e+00
 1.10032854e+00
 1.10008233e+00
 1.10000000e+00
 1.12930794e+00
 1.12925814e+00
 1.12910736e+00
 1.12885182e+00
 1.12848618e+00
 1.12800473e+00
 1.12740258e+00
 1.12667680e+00
 1.12582724e+00
 1.12485707e+00
 1.12377293e+00
 1.12258469e+00
 1.12130500e+00
 1.11994864e+00
 1.11853178e+00
 1.11707131e+00
 1.11558426e+00
 1.11408738e+00
 1.11259691e+00
 1.11112851e+00
 1.10969722e+00
 1.10831758e+00
 1.10700363e+00
 1.10576893e+00
 1.10462645e+00
 1.10358834e+00
 1.10266572e+00
 1.10186839e+00
 1.10120473e+00
 1.10068156e+00
 1.10030415e+00
 1.10007622e+00
 1.10000000e+00
 1.12690116e+00
 1.12685473e+00
 1.12671450e+00
 1.12647786e+00
 1.12614083e+00
 1.12569884e+00
 1.12514767e+00
 1.12448453e+00
 1.12370897e+00
 1.12282348e+00
 1.12183369e+00
 1.12074821e+00
 1.11957823e+00
 1.11833695e+00
 1.11703894e+00
 1.11569952e+00
 1.11433430e+00
 1.11295877e+00
 1.11158807e+00
 1.11023687e+00
 1.10891937e+00
 1.10764926e+00
 1.10643975e+00
 1.10530349e+00
 1.10425246e+00
 1.10329781e+00
 1.10244962e+00
 1.10171681e+00
 1.10110694e+00
 1.10062622e+00
 1.10027945e+00
 1.10007003e+00
 1.10000000e+00
 1.12453936e+00
 1.12449603e+00
 1.12436541e+00
 1.12414560e+00
 1.12383364e+00
 1.12342604e+00
 1.12291953e+00
 1.12231197e+00
 1.12160318e+00
 1.12079546e+00
 1.11989381e+00
 1.11890584e+00
 1.11784142e+00
 1.11671220e+00
 1.11553112e+00
 1.11431189e+00
 1.11306854e+00
 1.11181515e+00
 1.11056556e+00
 1.10933332e+00
 1.10813154e+00
 1.10697293e+00
 1.10586968e+00
 1.10483343e+00
 1.10387514e+00
 1.10300492e+00
 1.10223191e+00
 1.10156416e+00
 1.10100849e+00
 1.10057052e+00
 1.10025459e+00
 1.10006380e+00
 1.10000000e+00
 1.12222818e+00
 1.12218808e+00
 1.12206711e+00
 1.12186344e+00
 1.12157455e+00
 1.12119780e+00
 1.12073104e+00
 1.12017323e+00
 1.11952494e+00
 1.11878877e+00
 1.11796945e+00
 1.11707385e+00
 1.11611066e+00
 1.11509008e+00
 1.11402339e+00
 1.11292259e+00
 1.11180010e+00
 1.11066842e+00
 1.10954000e+00
 1.10842709e+00
 1.10734160e+00
 1.10629509e+00
 1.10529866e+00
 1.10436288e+00
 1.10349763e+00
 1.10271202e+00
 1.10201428e+00
 1.10141160e+00
 1.10091011e+00
 1.10051486e+00
 1.10022976e+00
 1.10005758e+00
 1.10000000e+00
 1.11998914e+00
 1.11995138e+00
 1.11983760e+00
 1.11964654e+00
 1.11937648e+00
 1.11902587e+00
 1.11859375e+00
 1.11808027e+00
 1.11748694e+00
 1.11681684e+00
 1.11607469e+00
 1.11526675e+00
 1.11440066e+00
 1.11348517e+00
 1.11252991e+00
 1.11154516e+00
 1.11054161e+00
 1.10953017e+00
 1.10852179e+00
 1.10752731e+00
 1.10655738e+00
 1.10562234e+00
 1.10473212e+00
 1.10389617e+00
 1.10312333e+00
 1.10242170e+00
 1.10179860e+00
 1.10126042e+00
 1.10081264e+00
 1.10045972e+00
 1.10020515e+00
 1.10005141e+00
 1.10000000e+00
 1.11783079e+00
 1.11779455e+00
 1.11768566e+00
 1.11750369e+00
 1.11724822e+00
 1.11691914e+00
 1.11651694e+00
 1.11604305e+00
 1.11549999e+00
 1.11489142e+00
 1.11422210e+00
 1.11349778e+00
 1.11272503e+00
 1.11191116e+00
 1.11106415e+00
 1.11019252e+00
 1.10930526e+00
 1.10841164e+00
 1.10752106e+00
 1.10664296e+00
 1.10578667e+00
 1.10496127e+00
 1.10417552e+00
 1.10343775e+00
 1.10275574e+00
 1.10213663e+00
 1.10158684e+00
 1.10111202e+00
 1.10071695e+00
 1.10040558e+00
 1.10018099e+00
 1.10004536e+00
 1.10000000e+00
 1.11575280e+00
 1.11571761e+00
 1.11561225e+00
 1.11543736e+00
 1.11519393e+00
 1.11488342e+00
 1.11450788e+00
 1.11407012e+00
 1.11357382e+00
 1.11302332e+00
 1.11242348e+00
 1.11177947e+00
 1.11109677e+00
 1.11038122e+00
 1.10963909e+00
 1.10887721e+00
 1.10810286e+00
 1.10732371e+00
 1.10654768e+00
 1.10578281e+00
 1.10503710e+00
 1.10431840e+00
 1.10363432e+00
 1.10299207e+00
 1.10239841e+00
 1.10185954e+00
 1.10138103e+00
 1.10096778e+00
 1.10062395e+00
 1.10035297e+00
 1.10015751e+00
 1.10003947e+00
 1.10000000e+00
 1.11375249e+00
 1.11371854e+00
 1.11361712e+00
 1.11344948e+00
 1.11321768e+00
 1.11292456e+00
 1.11257382e+00
 1.11216997e+00
 1.11171807e+00
 1.11122330e+00
 1.11069055e+00
 1.11012432e+00
 1.10952883e+00
 1.10890836e+00
 1.10826752e+00
 1.10761148e+00
 1.10694592e+00
 1.10627701e+00
 1.10561126e+00
 1.10495538e+00
 1.10431611e+00
 1.10370011e+00
 1.10311385e+00
 1.10256350e+00
 1.10205483e+00
 1.10159313e+00
 1.10118316e+00
 1.10082911e+00
 1.10053455e+00
 1.10030240e+00
 1.10013494e+00
 1.10003382e+00
 1.10000000e+00
 1.11183984e+00
 1.11180719e+00
 1.11170976e+00
 1.11154918e+00
 1.11132830e+00
 1.11105133e+00
 1.11072379e+00
 1.11035216e+00
 1.10994317e+00
 1.10950278e+00
 1.10903568e+00
 1.10854532e+00
 1.10803445e+00
 1.10750572e+00
 1.10696215e+00
 1.10640738e+00
 1.10584567e+00
 1.10528184e+00
 1.10472109e+00
 1.10416892e+00
 1.10363089e+00
 1.10311255e+00
 1.10261930e+00
 1.10215631e+00
 1.10172840e+00
 1.10134003e+00
 1.10099518e+00
 1.10069738e+00
 1.10044961e+00
 1.10025435e+00
 1.10011350e+00
 1.10002844e+00
 1.10000000e+00
 1.11003149e+00
 1.10999981e+00
 1.10990543e+00
 1.10975041e+00
 1.10953837e+00
 1.10927507e+00
 1.10896844e+00
 1.10862754e+00
 1.10826080e+00
 1.10787449e+00
 1.10747238e+00
 1.10705633e+00
 1.10662740e+00
 1.10618665e+00
 1.10573567e+00
 1.10527679e+00
 1.10481306e+00
 1.10434813e+00
 1.10388609e+00
 1.10343132e+00
 1.10298833e+00
 1.10256162e+00
 1.10215562e+00
 1.10177455e+00
 1.10142237e+00
 1.10110275e+00
 1.10081896e+00
 1.10057389e+00
 1.10037000e+00
 1.10020931e+00
 1.10009340e+00
 1.10002341e+00
 1.10000000e+00
 1.10834656e+00
 1.10831551e+00
 1.10822264e+00
 1.10806976e+00
 1.10786186e+00
 1.10760771e+00
 1.10731905e+00
 1.10700806e+00
 1.10668423e+00
 1.10635283e+00
 1.10601554e+00
 1.10567215e+00
 1.10532194e+00
 1.10496459e+00
 1.10460057e+00
 1.10423119e+00
 1.10385855e+00
 1.10348534e+00
 1.10311469e+00
 1.10275002e+00
 1.10239487e+00
 1.10205284e+00
 1.10172744e+00
 1.10142203e+00
 1.10113981e+00
 1.10088367e+00
 1.10065626e+00
 1.10045987e+00
 1.10029649e+00
 1.10016772e+00
 1.10007485e+00
 1.10001876e+00
 1.10000000e+00
 1.10681418e+00
 1.10678057e+00
 1.10668160e+00
 1.10652212e+00
 1.10631024e+00
 1.10605935e+00
 1.10578667e+00
 1.10550710e+00
 1.10522892e+00
 1.10495418e+00
 1.10468143e+00
 1.10440821e+00
 1.10413237e+00
 1.10385266e+00
 1.10356881e+00
 1.10328145e+00
 1.10299196e+00
 1.10270227e+00
 1.10241472e+00
 1.10213189e+00
 1.10185651e+00
 1.10159132e+00
 1.10133905e+00
 1.10110230e+00
 1.10088352e+00
 1.10068498e+00
 1.10050869e+00
 1.10035647e+00
 1.10022982e+00
 1.10013001e+00
 1.10005802e+00
 1.10001454e+00
 1.10000000e+00
 1.10542216e+00
 1.10538844e+00
 1.10528572e+00
 1.10511494e+00
 1.10489002e+00
 1.10463761e+00
 1.10438333e+00
 1.10414101e+00
 1.10391321e+00
 1.10369674e+00
 1.10348695e+00
 1.10327981e+00
 1.10307246e+00
 1.10286323e+00
 1.10265152e+00
 1.10243757e+00
 1.10222226e+00
 1.10200693e+00
 1.10179327e+00
 1.10158318e+00
 1.10137864e+00
 1.10118169e+00
 1.10099435e+00
 1.10081853e+00
 1.10065607e+00
 1.10050864e+00
 1.10037774e+00
 1.10026470e+00
 1.10017065e+00
 1.10009654e+00
 1.10004308e+00
 1.10001080e+00
 1.10000000e+00
 1.10427044e+00
 1.10422226e+00
 1.10407911e+00
 1.10385844e+00
 1.10360140e+00
 1.10335013e+00
 1.10312607e+00
 1.10293098e+00
 1.10275803e+00
 1.10259930e+00
 1.10244850e+00
 1.10230122e+00
 1.10215470e+00
 1.10200737e+00
 1.10185859e+00
 1.10170841e+00
 1.10155738e+00
 1.10140641e+00
 1.10125663e+00
 1.10110938e+00
 1.10096604e+00
 1.10082803e+00
 1.10069675e+00
 1.10057355e+00
 1.10045971e+00
 1.10035640e+00
 1.10026468e+00
 1.10018547e+00
 1.10011958e+00
 1.10006764e+00
 1.10003019e+00
 1.10000756e+00
 1.10000000e+00
 1.10330920e+00
 1.10322154e+00
 1.10299364e+00
 1.10270677e+00
 1.10243608e+00
 1.10221490e+00
 1.10204156e+00
 1.10190242e+00
 1.10178468e+00
 1.10167931e+00
 1.10158053e+00
 1.10148475e+00
 1.10138981e+00
 1.10129455e+00
 1.10119847e+00
 1.10110155e+00
 1.10100412e+00
 1.10090675e+00
 1.10081017e+00
 1.10071523e+00
 1.10062281e+00
 1.10053383e+00
 1.10044919e+00
 1.10036976e+00
 1.10029637e+00
 1.10022977e+00
 1.10017064e+00
 1.10011957e+00
 1.10007709e+00
 1.10004361e+00
 1.10001946e+00
 1.10000488e+00
 1.10000000e+00
 1.10224178e+00
 1.10214202e+00
 1.10190107e+00
 1.10163716e+00
 1.10142481e+00
 1.10127264e+00
 1.10116341e+00
 1.10108011e+00
 1.10101152e+00
 1.10095100e+00
 1.10089466e+00
 1.10084024e+00
 1.10078640e+00
 1.10073243e+00
 1.10067804e+00
 1.10062318e+00
 1.10056805e+00
 1.10051296e+00
 1.10045832e+00
 1.10040460e+00
 1.10035232e+00
 1.10030198e+00
 1.10025410e+00
 1.10020917e+00
 1.10016765e+00
 1.10012998e+00
 1.10009653e+00
 1.10006764e+00
 1.10004361e+00
 1.10002467e+00
 1.10001101e+00
 1.10000276e+00
 1.10000000e+00
 1.10114918e+00
 1.10107239e+00
 1.10090865e+00
 1.10075564e+00
 1.10064553e+00
 1.10057169e+00
 1.10052072e+00
 1.10048269e+00
 1.10045172e+00
 1.10042455e+00
 1.10039933e+00
 1.10037501e+00
 1.10035095e+00
 1.10032686e+00
 1.10030258e+00
 1.10027810e+00
 1.10025348e+00
 1.10022891e+00
 1.10020452e+00
 1.10018055e+00
 1.10015722e+00
 1.10013476e+00
 1.10011339e+00
 1.10009334e+00
 1.10007481e+00
 1.10005800e+00
 1.10004307e+00
 1.10003018e+00
 1.10001946e+00
 1.10001101e+00
 1.10000491e+00
 1.10000123e+00
 1.10000000e+00
 1.10031355e+00
 1.10028349e+00
 1.10023273e+00
 1.10019110e+00
 1.10016238e+00
 1.10014350e+00
 1.10013059e+00
 1.10012101e+00
 1.10011322e+00
 1.10010640e+00
 1.10010008e+00
 1.10009399e+00
 1.10008795e+00
 1.10008191e+00
 1.10007583e+00
 1.10006969e+00
 1.10006352e+00
 1.10005737e+00
 1.10005125e+00
 1.10004524e+00
 1.10003940e+00
 1.10003377e+00
 1.10002841e+00
 1.10002339e+00
 1.10001875e+00
 1.10001454e+00
 1.10001079e+00
 1.10000756e+00
 1.10000488e+00
 1.10000276e+00
 1.10000123e+00
 1.10000031e+00
 1.10000000e+00
 1.10000000e+00
 1.10000000e+00
 1.10000001e+00
 1.10000000e+00
 1.09999999e+00
 1.10000000e+00
 1.10000001e+00
 1.10000000e+00
 1.10000000e+00
 1.10000000e+00
 1.10000000e+00
 1.10000001e+00
 1.10000000e+00
 1.10000000e+00
 1.10000001e+00
 1.10000000e+00
 1.09999999e+00
 1.10000001e+00
 1.10000000e+00
 1.10000000e+00
 1.10000000e+00
 1.10000000e+00
 1.10000000e+00
 1.10000000e+00
 1.10000000e+00
 1.10000000e+00
 1.10000000e+00
 1.10000000e+00
 1.10000000e+00
 1.10000000e+00
 1.10000000e+00
 1.10000000e+00
 1.10000000e+00
