 1.00000000e+00
 1.00338503e+00
 1.01185482e+00
 1.02124997e+00
 1.02751341e+00
 1.03061971e+00
 1.03723515e+00
 1.04493503e+00
 1.05425915e+00
 1.06760128e+00
 1.07962551e+00
 1.09317095e+00
 1.10858082e+00
 1.12506939e+00
 1.13959892e+00
 1.15512385e+00
 1.17381039e+00
 1.18951736e+00
 1.20627290e+00
 1.22359145e+00
 1.23755136e+00
 1.25150173e+00
 1.26644556e+00
 1.27242327e+00
 1.28308779e+00
 1.29532943e+00
 1.30226026e+00
 1.30776332e+00
 1.31242526e+00
 1.31782367e+00
 1.32348925e+00
 1.32787217e+00
 1.32952400e+00
 1.00000000e+00
 1.00292496e+00
 1.01071243e+00
 1.01987102e+00
 1.02648889e+00
 1.03035508e+00
 1.03699778e+00
 1.04480581e+00
 1.05425386e+00
 1.06735768e+00
 1.07948760e+00
 1.09302961e+00
 1.10838077e+00
 1.12474071e+00
 1.13935482e+00
 1.15492844e+00
 1.17337744e+00
 1.18917432e+00
 1.20586748e+00
 1.22301948e+00
 1.23704756e+00
 1.25100328e+00
 1.26556085e+00
 1.27210740e+00
 1.28264781e+00
 1.29451563e+00
 1.30160053e+00
 1.30717220e+00
 1.31196543e+00
 1.31723869e+00
 1.32244440e+00
 1.32612400e+00
 1.32733780e+00
 1.00000000e+00
 1.00217249e+00
 1.00834644e+00
 1.01661035e+00
 1.02387116e+00
 1.02939709e+00
 1.03630378e+00
 1.04440591e+00
 1.05413823e+00
 1.06670067e+00
 1.07904919e+00
 1.09258869e+00
 1.10776701e+00
 1.12379756e+00
 1.13861279e+00
 1.15428404e+00
 1.17213638e+00
 1.18811648e+00
 1.20463615e+00
 1.22135106e+00
 1.23553210e+00
 1.24944473e+00
 1.26312272e+00
 1.27099225e+00
 1.28125672e+00
 1.29223235e+00
 1.29962506e+00
 1.30540045e+00
 1.31041366e+00
 1.31524000e+00
 1.31918020e+00
 1.32130100e+00
 1.32182307e+00
 9.99999999e-01
 1.00159806e+00
 1.00627122e+00
 1.01322033e+00
 1.02068867e+00
 1.02765865e+00
 1.03516956e+00
 1.04369858e+00
 1.05372014e+00
 1.06576032e+00
 1.07826873e+00
 1.09180147e+00
 1.10671435e+00
 1.12233336e+00
 1.13734657e+00
 1.15306663e+00
 1.17020302e+00
 1.18628779e+00
 1.20254635e+00
 1.21869560e+00
 1.23299134e+00
 1.24673327e+00
 1.25955496e+00
 1.26875614e+00
 1.27876245e+00
 1.28878286e+00
 1.29638666e+00
 1.30241262e+00
 1.30748206e+00
 1.31162147e+00
 1.31426686e+00
 1.31532399e+00
 1.31551929e+00
 9.99999998e-01
 1.00124189e+00
 1.00492140e+00
 1.01072747e+00
 1.01785926e+00
 1.02550502e+00
 1.03365220e+00
 1.04264360e+00
 1.05288542e+00
 1.06459110e+00
 1.07712823e+00
 1.09061222e+00
 1.10520935e+00
 1.12042470e+00
 1.13552426e+00
 1.15117642e+00
 1.16765313e+00
 1.18365429e+00
 1.19957665e+00
 1.21515544e+00
 1.22941818e+00
 1.24287684e+00
 1.25513269e+00
 1.26521201e+00
 1.27504882e+00
 1.28435550e+00
 1.29199473e+00
 1.29818666e+00
 1.30320673e+00
 1.30698303e+00
 1.30934826e+00
 1.31046613e+00
 1.31075980e+00
 1.00000000e+00
 1.00103806e+00
 1.00413027e+00
 1.00914899e+00
 1.01574699e+00
 1.02343604e+00
 1.03192761e+00
 1.04125997e+00
 1.05164069e+00
 1.06316857e+00
 1.07562789e+00
 1.08898719e+00
 1.10325325e+00
 1.11809603e+00
 1.13312301e+00
 1.14857763e+00
 1.16449114e+00
 1.18021858e+00
 1.19573598e+00
 1.21078469e+00
 1.22484111e+00
 1.23797052e+00
 1.24990108e+00
 1.26037524e+00
 1.27009758e+00
 1.27897494e+00
 1.28654631e+00
 1.29280523e+00
 1.29784132e+00
 1.30170989e+00
 1.30453713e+00
 1.30639572e+00
 1.30707758e+00
 1.00000000e+00
 1.00091862e+00
 1.00366148e+00
 1.00816589e+00
 1.01426890e+00
 1.02170214e+00
 1.03020306e+00
 1.03965013e+00
 1.05006287e+00
 1.06146267e+00
 1.07377136e+00
 1.08692558e+00
 1.10085260e+00
 1.11533244e+00
 1.13013644e+00
 1.14528139e+00
 1.16068678e+00
 1.17600466e+00
 1.19105809e+00
 1.20560234e+00
 1.21932283e+00
 1.23211256e+00
 1.24380890e+00
 1.25435518e+00
 1.26396562e+00
 1.27260219e+00
 1.28009127e+00
 1.28638458e+00
 1.29148021e+00
 1.29535462e+00
 1.29797801e+00
 1.29940311e+00
 1.29983178e+00
 1.00000000e+00
 1.00084209e+00
 1.00335852e+00
 1.00751070e+00
 1.01320879e+00
 1.02029884e+00
 1.02859292e+00
 1.03793661e+00
 1.04824728e+00
 1.05947891e+00
 1.07157039e+00
 1.08444848e+00
 1.09801528e+00
 1.11211072e+00
 1.12657261e+00
 1.14131735e+00
 1.15621813e+00
 1.17104304e+00
 1.18558556e+00
 1.19962352e+00
 1.21293177e+00
 1.22536710e+00
 1.23681965e+00
 1.24725879e+00
 1.25672872e+00
 1.26520499e+00
 1.27262464e+00
 1.27896177e+00
 1.28421345e+00
 1.28837137e+00
 1.29141416e+00
 1.29329743e+00
 1.29394164e+00
 9.99999997e-01
 1.00078630e+00
 1.00313697e+00
 1.00702315e+00
 1.01238525e+00
 1.01912415e+00
 1.02710724e+00
 1.03619556e+00
 1.04627326e+00
 1.05725161e+00
 1.06905101e+00
 1.08158629e+00
 1.09475364e+00
 1.10842083e+00
 1.12244993e+00
 1.13672013e+00
 1.15108837e+00
 1.16536706e+00
 1.17936103e+00
 1.19287376e+00
 1.20572357e+00
 1.21777436e+00
 1.22893466e+00
 1.23916288e+00
 1.24844652e+00
 1.25676207e+00
 1.26408251e+00
 1.27039869e+00
 1.27571688e+00
 1.28003520e+00
 1.28329870e+00
 1.28536931e+00
 1.28608377e+00
 1.00000000e+00
 1.00074035e+00
 1.00295389e+00
 1.00661642e+00
 1.01168208e+00
 1.01807823e+00
 1.02570552e+00
 1.03444783e+00
 1.04418853e+00
 1.05482131e+00
 1.06624869e+00
 1.07837330e+00
 1.09108816e+00
 1.10427198e+00
 1.11779565e+00
 1.13152785e+00
 1.14532310e+00
 1.15901468e+00
 1.17242705e+00
 1.18538788e+00
 1.19774237e+00
 1.20936818e+00
 1.22017939e+00
 1.23012266e+00
 1.23916288e+00
 1.24726826e+00
 1.25440752e+00
 1.26054740e+00
 1.26564207e+00
 1.26962912e+00
 1.27245575e+00
 1.27412041e+00
 1.27466643e+00
 9.99999999e-01
 1.00069858e+00
 1.00278746e+00
 1.00624501e+00
 1.01103247e+00
 1.01709097e+00
 1.02434056e+00
 1.03268364e+00
 1.04201299e+00
 1.05222021e+00
 1.06319948e+00
 1.07484543e+00
 1.08704820e+00
 1.09969003e+00
 1.11264586e+00
 1.12578405e+00
 1.13896306e+00
 1.15203037e+00
 1.16482900e+00
 1.17720730e+00
 1.18902987e+00
 1.20018610e+00
 1.21059257e+00
 1.22018843e+00
 1.22892615e+00
 1.23676295e+00
 1.24365699e+00
 1.24956702e+00
 1.25445477e+00
 1.25828820e+00
 1.26104234e+00
 1.26269944e+00
 1.26325201e+00
 9.99999998e-01
 1.00065828e+00
 1.00262666e+00
 1.00588538e+00
 1.01039997e+00
 1.01611964e+00
 1.02297632e+00
 1.03088579e+00
 1.03975153e+00
 1.04947009e+00
 1.05993518e+00
 1.07103884e+00
 1.08267003e+00
 1.09471270e+00
 1.10704494e+00
 1.11953868e+00
 1.13205913e+00
 1.14446591e+00
 1.15661790e+00
 1.16838044e+00
 1.17963299e+00
 1.19027443e+00
 1.20022398e+00
 1.20941752e+00
 1.21780103e+00
 1.22532420e+00
 1.23193687e+00
 1.23759072e+00
 1.24224852e+00
 1.24589519e+00
 1.24853160e+00
 1.25014376e+00
 1.25068985e+00
 1.00000000e+00
 1.00061800e+00
 1.00246600e+00
 1.00552570e+00
 1.00976575e+00
 1.01514080e+00
 1.02159080e+00
 1.02904130e+00
 1.03740541e+00
 1.04658693e+00
 1.05648363e+00
 1.06698935e+00
 1.07799451e+00
 1.08938551e+00
 1.10104428e+00
 1.11284810e+00
 1.12467002e+00
 1.13638077e+00
 1.14785264e+00
 1.15896482e+00
 1.16960867e+00
 1.17969114e+00
 1.18913520e+00
 1.19787733e+00
 1.20586326e+00
 1.21304357e+00
 1.21936981e+00
 1.22479025e+00
 1.22924476e+00
 1.23266827e+00
 1.23502412e+00
 1.23635681e+00
 1.23677957e+00
 1.00000000e+00
 1.00057715e+00
 1.00230298e+00
 1.00516055e+00
 1.00912112e+00
 1.01414352e+00
 1.02017373e+00
 1.02714494e+00
 1.03497855e+00
 1.04358605e+00
 1.05287140e+00
 1.06273313e+00
 1.07306554e+00
 1.08375916e+00
 1.09470097e+00
 1.10577462e+00
 1.11686146e+00
 1.12784247e+00
 1.13860147e+00
 1.14902911e+00
 1.15902658e+00
 1.16850799e+00
 1.17740075e+00
 1.18564421e+00
 1.19318748e+00
 1.19998755e+00
 1.20600905e+00
 1.21122733e+00
 1.21563467e+00
 1.21923487e+00
 1.22199804e+00
 1.22379551e+00
 1.22442878e+00
 1.00000000e+00
 1.00053549e+00
 1.00213680e+00
 1.00478826e+00
 1.00846347e+00
 1.01312488e+00
 1.01872351e+00
 1.02519895e+00
 1.03247988e+00
 1.04048534e+00
 1.04912637e+00
 1.05830780e+00
 1.06792968e+00
 1.07788827e+00
 1.08807678e+00
 1.09838609e+00
 1.10870596e+00
 1.11892694e+00
 1.12894299e+00
 1.13865447e+00
 1.14797090e+00
 1.15681265e+00
 1.16511140e+00
 1.17280921e+00
 1.17985714e+00
 1.18621348e+00
 1.19184044e+00
 1.19669441e+00
 1.20070885e+00
 1.20379127e+00
 1.20587654e+00
 1.20701608e+00
 1.20736581e+00
 1.00000000e+00
 1.00049312e+00
 1.00196769e+00
 1.00440933e+00
 1.00779390e+00
 1.01208716e+00
 1.01724465e+00
 1.02321165e+00
 1.02992352e+00
 1.03730655e+00
 1.04527917e+00
 1.05375339e+00
 1.06263621e+00
 1.07183084e+00
 1.08123770e+00
 1.09075550e+00
 1.10028254e+00
 1.10971843e+00
 1.11896624e+00
 1.12793483e+00
 1.13654089e+00
 1.14471033e+00
 1.15237858e+00
 1.15948973e+00
 1.16599466e+00
 1.17184944e+00
 1.17701733e+00
 1.18147939e+00
 1.18525040e+00
 1.18837024e+00
 1.19083103e+00
 1.19248292e+00
 1.19307668e+00
 1.00000000e+00
 1.00045020e+00
 1.00179647e+00
 1.00402569e+00
 1.00711589e+00
 1.01103602e+00
 1.01574587e+00
 1.02119601e+00
 1.02732808e+00
 1.03407535e+00
 1.04136371e+00
 1.04911278e+00
 1.05723723e+00
 1.06564799e+00
 1.07425343e+00
 1.08296055e+00
 1.09167624e+00
 1.10030886e+00
 1.10876995e+00
 1.11697601e+00
 1.12485014e+00
 1.13232322e+00
 1.13933447e+00
 1.14583109e+00
 1.15176615e+00
 1.15709363e+00
 1.16175912e+00
 1.16568768e+00
 1.16878079e+00
 1.17095136e+00
 1.17221464e+00
 1.17276657e+00
 1.17290167e+00
 1.00000000e+00
 1.00040709e+00
 1.00162441e+00
 1.00364014e+00
 1.00643445e+00
 1.00997939e+00
 1.01423881e+00
 1.01916834e+00
 1.02471562e+00
 1.03082073e+00
 1.03741691e+00
 1.04443159e+00
 1.05178746e+00
 1.05940365e+00
 1.06719693e+00
 1.07508286e+00
 1.08297705e+00
 1.09079645e+00
 1.09846071e+00
 1.10589355e+00
 1.11302391e+00
 1.11978712e+00
 1.12612595e+00
 1.13199198e+00
 1.13734705e+00
 1.14216497e+00
 1.14643301e+00
 1.15015225e+00
 1.15333302e+00
 1.15597600e+00
 1.15803318e+00
 1.15937854e+00
 1.15985233e+00
 9.99999998e-01
 1.00036413e+00
 1.00145301e+00
 1.00325606e+00
 1.00575557e+00
 1.00892661e+00
 1.01273699e+00
 1.01714722e+00
 1.02211072e+00
 1.02757416e+00
 1.03347807e+00
 1.03975765e+00
 1.04634373e+00
 1.05316389e+00
 1.06014350e+00
 1.06720690e+00
 1.07427847e+00
 1.08128375e+00
 1.08815049e+00
 1.09480949e+00
 1.10119538e+00
 1.10724734e+00
 1.11291015e+00
 1.11813612e+00
 1.12288829e+00
 1.12714517e+00
 1.13090574e+00
 1.13419059e+00
 1.13703026e+00
 1.13943187e+00
 1.14133364e+00
 1.14259009e+00
 1.14303406e+00
 1.00000000e+00
 1.00032176e+00
 1.00128392e+00
 1.00287715e+00
 1.00508581e+00
 1.00788793e+00
 1.01125513e+00
 1.01515266e+00
 1.01953951e+00
 1.02436876e+00
 1.02958803e+00
 1.03514019e+00
 1.04096420e+00
 1.04699605e+00
 1.05316981e+00
 1.05941862e+00
 1.06567571e+00
 1.07187533e+00
 1.07795346e+00
 1.08384838e+00
 1.08950081e+00
 1.09485401e+00
 1.09985385e+00
 1.10444953e+00
 1.10859466e+00
 1.11224809e+00
 1.11537183e+00
 1.11792528e+00
 1.11986236e+00
 1.12115210e+00
 1.12183785e+00
 1.12208825e+00
 1.12213423e+00
 1.00000000e+00
 1.00028039e+00
 1.00111887e+00
 1.00250730e+00
 1.00443206e+00
 1.00687403e+00
 1.00980853e+00
 1.01320536e+00
 1.01702890e+00
 1.02123839e+00
 1.02578831e+00
 1.03062900e+00
 1.03570734e+00
 1.04096766e+00
 1.04635257e+00
 1.05180397e+00
 1.05726391e+00
 1.06267539e+00
 1.06798297e+00
 1.07313307e+00
 1.07807371e+00
 1.08275394e+00
 1.08712292e+00
 1.09112936e+00
 1.09472204e+00
 1.09785232e+00
 1.10048051e+00
 1.10258946e+00
 1.10420632e+00
 1.10541251e+00
 1.10630115e+00
 1.10688996e+00
 1.10710399e+00
 1.00000000e+00
 1.00024049e+00
 1.00095962e+00
 1.00215042e+00
 1.00380123e+00
 1.00589565e+00
 1.00841257e+00
 1.01132612e+00
 1.01460583e+00
 1.01821683e+00
 1.02212018e+00
 1.02627338e+00
 1.03063098e+00
 1.03514533e+00
 1.03976738e+00
 1.04444753e+00
 1.04913645e+00
 1.05378588e+00
 1.05834916e+00
 1.06278151e+00
 1.06703978e+00
 1.07108151e+00
 1.07486345e+00
 1.07834019e+00
 1.08146460e+00
 1.08419194e+00
 1.08648773e+00
 1.08833316e+00
 1.08971936e+00
 1.09063996e+00
 1.09111964e+00
 1.09127503e+00
 1.09129394e+00
 9.99999997e-01
 1.00020245e+00
 1.00080787e+00
 1.00181036e+00
 1.00320013e+00
 1.00496338e+00
 1.00708235e+00
 1.00953530e+00
 1.01229663e+00
 1.01533704e+00
 1.01862383e+00
 1.02212127e+00
 1.02579122e+00
 1.02959366e+00
 1.03348746e+00
 1.03743114e+00
 1.04138364e+00
 1.04530512e+00
 1.04915756e+00
 1.05290531e+00
 1.05651505e+00
 1.05995517e+00
 1.06319417e+00
 1.06619839e+00
 1.06893048e+00
 1.07135168e+00
 1.07343164e+00
 1.07516619e+00
 1.07659404e+00
 1.07778713e+00
 1.07878546e+00
 1.07950980e+00
 1.07978377e+00
 1.00000000e+00
 1.00016672e+00
 1.00066528e+00
 1.00149082e+00
 1.00263529e+00
 1.00408733e+00
 1.00583233e+00
 1.00785240e+00
 1.01012650e+00
 1.01263054e+00
 1.01533762e+00
 1.01821840e+00
 1.02124152e+00
 1.02437413e+00
 1.02758251e+00
 1.03083277e+00
 1.03409153e+00
 1.03732678e+00
 1.04050862e+00
 1.04361005e+00
 1.04660758e+00
 1.04948133e+00
 1.05221405e+00
 1.05478837e+00
 1.05718180e+00
 1.05936100e+00
 1.06127941e+00
 1.06288305e+00
 1.06412403e+00
 1.06497856e+00
 1.06546963e+00
 1.06568297e+00
 1.06573501e+00
 1.00000000e+00
 1.00013367e+00
 1.00053338e+00
 1.00119526e+00
 1.00211283e+00
 1.00327700e+00
 1.00467606e+00
 1.00629569e+00
 1.00811903e+00
 1.01012678e+00
 1.01229743e+00
 1.01460747e+00
 1.01703182e+00
 1.01954421e+00
 1.02211773e+00
 1.02472539e+00
 1.02734082e+00
 1.02993901e+00
 1.03249720e+00
 1.03499597e+00
 1.03742040e+00
 1.03976121e+00
 1.04201529e+00
 1.04418404e+00
 1.04626741e+00
 1.04825154e+00
 1.05009275e+00
 1.05170925e+00
 1.05299629e+00
 1.05386967e+00
 1.05432576e+00
 1.05447833e+00
 1.05450065e+00
 1.00000000e+00
 1.00010365e+00
 1.00041360e+00
 1.00092684e+00
 1.00163835e+00
 1.00254108e+00
 1.00362596e+00
 1.00488190e+00
 1.00629581e+00
 1.00785277e+00
 1.00953610e+00
 1.01132760e+00
 1.01320784e+00
 1.01515650e+00
 1.01715280e+00
 1.01917595e+00
 1.02120574e+00
 1.02322325e+00
 1.02521173e+00
 1.02715779e+00
 1.02905297e+00
 1.03089581e+00
 1.03269407e+00
 1.03446593e+00
 1.03623749e+00
 1.03803184e+00
 1.03984707e+00
 1.04163382e+00
 1.04330235e+00
 1.04476893e+00
 1.04597136e+00
 1.04680507e+00
 1.04711089e+00
 1.00000000e+00
 1.00007699e+00
 1.00030720e+00
 1.00068840e+00
 1.00121687e+00
 1.00188737e+00
 1.00269316e+00
 1.00362601e+00
 1.00467621e+00
 1.00583268e+00
 1.00708303e+00
 1.00841377e+00
 1.00981047e+00
 1.01125809e+00
 1.01274120e+00
 1.01424446e+00
 1.01575301e+00
 1.01725307e+00
 1.01873274e+00
 1.02018310e+00
 1.02159989e+00
 1.02298596e+00
 1.02435459e+00
 1.02573360e+00
 1.02716840e+00
 1.02871943e+00
 1.03044356e+00
 1.03234684e+00
 1.03431901e+00
 1.03612244e+00
 1.03750836e+00
 1.03835238e+00
 1.03863387e+00
 1.00000000e+00
 1.00005395e+00
 1.00021528e+00
 1.00048243e+00
 1.00085279e+00
 1.00132268e+00
 1.00188739e+00
 1.00254114e+00
 1.00327714e+00
 1.00408761e+00
 1.00496390e+00
 1.00589654e+00
 1.00687543e+00
 1.00789004e+00
 1.00892959e+00
 1.00998335e+00
 1.01104099e+00
 1.01209298e+00
 1.01313124e+00
 1.01415006e+00
 1.01514750e+00
 1.01612766e+00
 1.01710417e+00
 1.01810542e+00
 1.01918156e+00
 1.02041153e+00
 1.02190161e+00
 1.02375150e+00
 1.02595177e+00
 1.02823753e+00
 1.03010746e+00
 1.03118452e+00
 1.03150191e+00
 9.99999998e-01
 1.00003478e+00
 1.00013880e+00
 1.00031105e+00
 1.00054983e+00
 1.00085279e+00
 1.00121688e+00
 1.00163839e+00
 1.00211293e+00
 1.00263549e+00
 1.00320048e+00
 1.00380181e+00
 1.00443298e+00
 1.00508718e+00
 1.00575749e+00
 1.00643700e+00
 1.00711907e+00
 1.00779762e+00
 1.00846754e+00
 1.00912534e+00
 1.00977022e+00
 1.01040567e+00
 1.01104235e+00
 1.01170257e+00
 1.01242767e+00
 1.01328918e+00
 1.01440288e+00
 1.01593696e+00
 1.01807825e+00
 1.02087931e+00
 1.02397706e+00
 1.02649946e+00
 1.02748166e+00
 1.00000000e+00
 1.00001968e+00
 1.00007853e+00
 1.00017596e+00
 1.00031105e+00
 1.00048244e+00
 1.00068841e+00
 1.00092686e+00
 1.00119532e+00
 1.00149094e+00
 1.00181057e+00
 1.00215075e+00
 1.00250782e+00
 1.00287793e+00
 1.00325715e+00
 1.00364159e+00
 1.00402749e+00
 1.00441143e+00
 1.00479055e+00
 1.00516295e+00
 1.00552827e+00
 1.00588876e+00
 1.00625100e+00
 1.00662884e+00
 1.00704862e+00
 1.00755802e+00
 1.00824173e+00
 1.00924701e+00
 1.01081100e+00
 1.01320905e+00
 1.01640466e+00
 1.01944546e+00
 1.02072626e+00
 1.00000000e+00
 1.00000878e+00
 1.00003504e+00
 1.00007853e+00
 1.00013880e+00
 1.00021529e+00
 1.00030720e+00
 1.00041361e+00
 1.00053340e+00
 1.00066532e+00
 1.00080796e+00
 1.00095977e+00
 1.00111911e+00
 1.00128427e+00
 1.00145350e+00
 1.00162506e+00
 1.00179727e+00
 1.00196862e+00
 1.00213782e+00
 1.00230405e+00
 1.00246715e+00
 1.00262820e+00
 1.00279020e+00
 1.00295958e+00
 1.00314859e+00
 1.00337992e+00
 1.00369519e+00
 1.00417180e+00
 1.00494915e+00
 1.00623514e+00
 1.00817117e+00
 1.01035252e+00
 1.01140022e+00
 1.00000000e+00
 1.00000223e+00
 1.00000878e+00
 1.00001968e+00
 1.00003479e+00
 1.00005395e+00
 1.00007699e+00
 1.00010365e+00
 1.00013367e+00
 1.00016673e+00
 1.00020248e+00
 1.00024053e+00
 1.00028045e+00
 1.00032184e+00
 1.00036425e+00
 1.00040725e+00
 1.00045040e+00
 1.00049335e+00
 1.00053575e+00
 1.00057741e+00
 1.00061829e+00
 1.00065866e+00
 1.00069927e+00
 1.00074178e+00
 1.00078923e+00
 1.00084747e+00
 1.00092705e+00
 1.00104829e+00
 1.00124813e+00
 1.00158650e+00
 1.00212033e+00
 1.00281095e+00
 1.00323176e+00
 1.00000000e+00
 9.99999998e-01
 1.00000000e+00
 9.99999999e-01
 1.00000000e+00
 9.99999999e-01
 1.00000000e+00
 9.99999998e-01
 1.00000000e+00
 9.99999999e-01
 1.00000000e+00
 1.00000000e+00
 9.99999999e-01
 9.99999998e-01
 1.00000000e+00
 1.00000000e+00
 1.00000000e+00
 9.99999998e-01
 1.00000000e+00
 9.99999999e-01
 1.00000000e+00
 1.00000000e+00
 1.00000000e+00
 1.00000000e+00
 1.00000000e+00
 1.00000000e+00
 1.00000000e+00
 1.00000000e+00
 1.00000000e+00
 1.00000000e+00
 1.00000000e+00
 1.00000000e+00
 1.00000000e+00
