 1.48030200e+00
 1.48020896e+00
 1.47992890e+00
 1.47945918e+00
 1.47879542e+00
 1.47793168e+00
 1.47686074e+00
 1.47557683e+00
 1.47407522e+00
 1.47235155e+00
 1.47040725e+00
 1.46824330e+00
 1.46586436e+00
 1.46327900e+00
 1.46049749e+00
 1.45753557e+00
 1.45441372e+00
 1.45115910e+00
 1.44780868e+00
 1.44440329e+00
 1.44098700e+00
 1.43760651e+00
 1.43430911e+00
 1.43114796e+00
 1.42817103e+00
 1.42542684e+00
 1.42295512e+00
 1.42079471e+00
 1.41898113e+00
 1.41754123e+00
 1.41649658e+00
 1.41586323e+00
 1.41565100e+00
 1.48135881e+00
 1.48116622e+00
 1.48071970e+00
 1.48011646e+00
 1.47936450e+00
 1.47844720e+00
 1.47734419e+00
 1.47604052e+00
 1.47452602e+00
 1.47279360e+00
 1.47084265e+00
 1.46867331e+00
 1.46628960e+00
 1.46369965e+00
 1.46091365e+00
 1.45794724e+00
 1.45482091e+00
 1.45156193e+00
 1.44820707e+00
 1.44479717e+00
 1.44137638e+00
 1.43799151e+00
 1.43469029e+00
 1.43152579e+00
 1.42854669e+00
 1.42580195e+00
 1.42333315e+00
 1.42118158e+00
 1.41938669e+00
 1.41798172e+00
 1.41699338e+00
 1.41643245e+00
 1.41626410e+00
 1.48417450e+00
 1.48382904e+00
 1.48301497e+00
 1.48205644e+00
 1.48105576e+00
 1.47998336e+00
 1.47878628e+00
 1.47742414e+00
 1.47587147e+00
 1.47411291e+00
 1.47214219e+00
 1.46995675e+00
 1.46755883e+00
 1.46495525e+00
 1.46215591e+00
 1.45917612e+00
 1.45603646e+00
 1.45276440e+00
 1.44939624e+00
 1.44597285e+00
 1.44253862e+00
 1.43914068e+00
 1.43582791e+00
 1.43265334e+00
 1.42966758e+00
 1.42692117e+00
 1.42446074e+00
 1.42233464e+00
 1.42059346e+00
 1.41928629e+00
 1.41844665e+00
 1.41804382e+00
 1.41794175e+00
 1.48785302e+00
 1.48743696e+00
 1.48638291e+00
 1.48508280e+00
 1.48377937e+00
 1.48249271e+00
 1.48115565e+00
 1.47970270e+00
 1.47808937e+00
 1.47628846e+00
 1.47428561e+00
 1.47207388e+00
 1.46965266e+00
 1.46702683e+00
 1.46420564e+00
 1.46120392e+00
 1.45804234e+00
 1.45474858e+00
 1.45135838e+00
 1.44791263e+00
 1.44445607e+00
 1.44103649e+00
 1.43770419e+00
 1.43451271e+00
 1.43151518e+00
 1.42876509e+00
 1.42631577e+00
 1.42422454e+00
 1.42255346e+00
 1.42135954e+00
 1.42065561e+00
 1.42034926e+00
 1.42027501e+00
 1.49143963e+00
 1.49107317e+00
 1.49008923e+00
 1.48875399e+00
 1.48731022e+00
 1.48585878e+00
 1.48438294e+00
 1.48282681e+00
 1.48113910e+00
 1.47928373e+00
 1.47723858e+00
 1.47499167e+00
 1.47253896e+00
 1.46988302e+00
 1.46703210e+00
 1.46400049e+00
 1.46080884e+00
 1.45748497e+00
 1.45406418e+00
 1.45058737e+00
 1.44709973e+00
 1.44364994e+00
 1.44028976e+00
 1.43707382e+00
 1.43405780e+00
 1.43129856e+00
 1.42885460e+00
 1.42678703e+00
 1.42515448e+00
 1.42399303e+00
 1.42328116e+00
 1.42292825e+00
 1.42282653e+00
 1.49465789e+00
 1.49443488e+00
 1.49376743e+00
 1.49270585e+00
 1.49137636e+00
 1.48990702e+00
 1.48835628e+00
 1.48671785e+00
 1.48495876e+00
 1.48304527e+00
 1.48095218e+00
 1.47866383e+00
 1.47617313e+00
 1.47348048e+00
 1.47059294e+00
 1.46752427e+00
 1.46429503e+00
 1.46093309e+00
 1.45747346e+00
 1.45395711e+00
 1.45042974e+00
 1.44694101e+00
 1.44354396e+00
 1.44029449e+00
 1.43725016e+00
 1.43446961e+00
 1.43201135e+00
 1.42992944e+00
 1.42826169e+00
 1.42701232e+00
 1.42614950e+00
 1.42563668e+00
 1.42546442e+00
 1.49850462e+00
 1.49834203e+00
 1.49784574e+00
 1.49700943e+00
 1.49586605e+00
 1.49448902e+00
 1.49294814e+00
 1.49127521e+00
 1.48946676e+00
 1.48750313e+00
 1.48536324e+00
 1.48303129e+00
 1.48049877e+00
 1.47776461e+00
 1.47483497e+00
 1.47172314e+00
 1.46844961e+00
 1.46504225e+00
 1.46153600e+00
 1.45797194e+00
 1.45439629e+00
 1.45085953e+00
 1.44741572e+00
 1.44412156e+00
 1.44103507e+00
 1.43821381e+00
 1.43571118e+00
 1.43356961e+00
 1.43181169e+00
 1.43043861e+00
 1.42944493e+00
 1.42883715e+00
 1.42863173e+00
 1.50314611e+00
 1.50299669e+00
 1.50255105e+00
 1.50181515e+00
 1.50080067e+00
 1.49953429e+00
 1.49805508e+00
 1.49639601e+00
 1.49457056e+00
 1.49257474e+00
 1.49039647e+00
 1.48802370e+00
 1.48544886e+00
 1.48267075e+00
 1.47969524e+00
 1.47653546e+00
 1.47321197e+00
 1.46975271e+00
 1.46619267e+00
 1.46257316e+00
 1.45894079e+00
 1.45534667e+00
 1.45184532e+00
 1.44849348e+00
 1.44534819e+00
 1.44246400e+00
 1.43988883e+00
 1.43765933e+00
 1.43579962e+00
 1.43432660e+00
 1.43325724e+00
 1.43260828e+00
 1.43239080e+00
 1.50824933e+00
 1.50812182e+00
 1.50773624e+00
 1.50708733e+00
 1.50617499e+00
 1.50500868e+00
 1.50360713e+00
 1.50199198e+00
 1.50017867e+00
 1.49817205e+00
 1.49596867e+00
 1.49356213e+00
 1.49094780e+00
 1.48812580e+00
 1.48510255e+00
 1.48189155e+00
 1.47851364e+00
 1.47499701e+00
 1.47137687e+00
 1.46769474e+00
 1.46399761e+00
 1.46033684e+00
 1.45676699e+00
 1.45334420e+00
 1.45012394e+00
 1.44715825e+00
 1.44449276e+00
 1.44216514e+00
 1.44020647e+00
 1.43864431e+00
 1.43750436e+00
 1.43680927e+00
 1.43657552e+00
 1.51386189e+00
 1.51374507e+00
 1.51339290e+00
 1.51280073e+00
 1.51196323e+00
 1.51087858e+00
 1.50955133e+00
 1.50799109e+00
 1.50620802e+00
 1.50420847e+00
 1.50199388e+00
 1.49956279e+00
 1.49691419e+00
 1.49405047e+00
 1.49097943e+00
 1.48771545e+00
 1.48427997e+00
 1.48070168e+00
 1.47701613e+00
 1.47326516e+00
 1.46949599e+00
 1.46576010e+00
 1.46211184e+00
 1.45860667e+00
 1.45529909e+00
 1.45224046e+00
 1.44947744e+00
 1.44705190e+00
 1.44500189e+00
 1.44336261e+00
 1.44216568e+00
 1.44143656e+00
 1.44119165e+00
 1.51988421e+00
 1.51977664e+00
 1.51945144e+00
 1.51890217e+00
 1.51812073e+00
 1.51710004e+00
 1.51583630e+00
 1.51432989e+00
 1.51258405e+00
 1.51060246e+00
 1.50838756e+00
 1.50594069e+00
 1.50326384e+00
 1.50036186e+00
 1.49724433e+00
 1.49392692e+00
 1.49043202e+00
 1.48678902e+00
 1.48303400e+00
 1.47920920e+00
 1.47536211e+00
 1.47154430e+00
 1.46781006e+00
 1.46421466e+00
 1.46081274e+00
 1.45765673e+00
 1.45479619e+00
 1.45227761e+00
 1.45014458e+00
 1.44843707e+00
 1.44718975e+00
 1.44642974e+00
 1.44617439e+00
 1.52625412e+00
 1.52615276e+00
 1.52584637e+00
 1.52532830e+00
 1.52458891e+00
 1.52361765e+00
 1.52240542e+00
 1.52094613e+00
 1.51923691e+00
 1.51727737e+00
 1.51506850e+00
 1.51261229e+00
 1.50991249e+00
 1.50697590e+00
 1.50381389e+00
 1.50044358e+00
 1.49688853e+00
 1.49317903e+00
 1.48935187e+00
 1.48544983e+00
 1.48152080e+00
 1.47761668e+00
 1.47379205e+00
 1.47010274e+00
 1.46660450e+00
 1.46335194e+00
 1.46039789e+00
 1.45779293e+00
 1.45558465e+00
 1.45381622e+00
 1.45252446e+00
 1.45173757e+00
 1.45147326e+00
 1.53289066e+00
 1.53279434e+00
 1.53250280e+00
 1.53200869e+00
 1.53130123e+00
 1.53036782e+00
 1.52919603e+00
 1.52777530e+00
 1.52609801e+00
 1.52415971e+00
 1.52195889e+00
 1.51949678e+00
 1.51677760e+00
 1.51380938e+00
 1.51060494e+00
 1.50718278e+00
 1.50356773e+00
 1.49979111e+00
 1.49589060e+00
 1.49190968e+00
 1.48789688e+00
 1.48390474e+00
 1.47998862e+00
 1.47620552e+00
 1.47261295e+00
 1.46926804e+00
 1.46622672e+00
 1.46354279e+00
 1.46126671e+00
 1.45944382e+00
 1.45811233e+00
 1.45730129e+00
 1.45702888e+00
 1.53972059e+00
 1.53962787e+00
 1.53934705e+00
 1.53887058e+00
 1.53818688e+00
 1.53728191e+00
 1.53614090e+00
 1.53475013e+00
 1.53309834e+00
 1.53117760e+00
 1.52898369e+00
 1.52651633e+00
 1.52377937e+00
 1.52078133e+00
 1.51753604e+00
 1.51406323e+00
 1.51038892e+00
 1.50654557e+00
 1.50257186e+00
 1.49851219e+00
 1.49441596e+00
 1.49033665e+00
 1.48633082e+00
 1.48245704e+00
 1.47877488e+00
 1.47534393e+00
 1.47222277e+00
 1.46946773e+00
 1.46713129e+00
 1.46526029e+00
 1.46389388e+00
 1.46306169e+00
 1.46278219e+00
 1.54666553e+00
 1.54657544e+00
 1.54630249e+00
 1.54583889e+00
 1.54517257e+00
 1.54428844e+00
 1.54317007e+00
 1.54180141e+00
 1.54016839e+00
 1.53826020e+00
 1.53607010e+00
 1.53359607e+00
 1.53084114e+00
 1.52781383e+00
 1.52452859e+00
 1.52100614e+00
 1.51727366e+00
 1.51336476e+00
 1.50931921e+00
 1.50518248e+00
 1.50100504e+00
 1.49684156e+00
 1.49275003e+00
 1.48879076e+00
 1.48502539e+00
 1.48151578e+00
 1.47832275e+00
 1.47550458e+00
 1.47311528e+00
 1.47120268e+00
 1.46980647e+00
 1.46895641e+00
 1.46867098e+00
 1.55364671e+00
 1.55355864e+00
 1.55329166e+00
 1.55283770e+00
 1.55218416e+00
 1.55131511e+00
 1.55021285e+00
 1.54885954e+00
 1.54723896e+00
 1.54533794e+00
 1.54314758e+00
 1.54066415e+00
 1.53788969e+00
 1.53483251e+00
 1.53150746e+00
 1.52793609e+00
 1.52414666e+00
 1.52017393e+00
 1.51605886e+00
 1.51184803e+00
 1.50759310e+00
 1.50335004e+00
 1.49917831e+00
 1.49513997e+00
 1.49129858e+00
 1.48771799e+00
 1.48446087e+00
 1.48158701e+00
 1.47915149e+00
 1.47720273e+00
 1.47578066e+00
 1.47491511e+00
 1.47462451e+00
 1.56059082e+00
 1.56050421e+00
 1.56024153e+00
 1.55979445e+00
 1.55914992e+00
 1.55829129e+00
 1.55719978e+00
 1.55585615e+00
 1.55424238e+00
 1.55234335e+00
 1.55014830e+00
 1.54765198e+00
 1.54485552e+00
 1.54176696e+00
 1.53840152e+00
 1.53478155e+00
 1.53093636e+00
 1.52690190e+00
 1.52272029e+00
 1.51843928e+00
 1.51411167e+00
 1.50979469e+00
 1.50554920e+00
 1.50143881e+00
 1.49752877e+00
 1.49388463e+00
 1.49057056e+00
 1.48764757e+00
 1.48517154e+00
 1.48319133e+00
 1.48174696e+00
 1.48086813e+00
 1.48057314e+00
 1.56742760e+00
 1.56734198e+00
 1.56708219e+00
 1.56663972e+00
 1.56600112e+00
 1.56514917e+00
 1.56406416e+00
 1.56272557e+00
 1.56111382e+00
 1.55921206e+00
 1.55700790e+00
 1.55449481e+00
 1.55167321e+00
 1.54855105e+00
 1.54514401e+00
 1.54147534e+00
 1.53757548e+00
 1.53348157e+00
 1.52923687e+00
 1.52489023e+00
 1.52049552e+00
 1.51611102e+00
 1.51179872e+00
 1.50762354e+00
 1.50365208e+00
 1.49995126e+00
 1.49658651e+00
 1.49361983e+00
 1.49110779e+00
 1.48909956e+00
 1.48763526e+00
 1.48674454e+00
 1.48644559e+00
 1.57409013e+00
 1.57400510e+00
 1.57374707e+00
 1.57330746e+00
 1.57267258e+00
 1.57182466e+00
 1.57074310e+00
 1.56940611e+00
 1.56779254e+00
 1.56588391e+00
 1.56366636e+00
 1.56113237e+00
 1.55828196e+00
 1.55512334e+00
 1.55167292e+00
 1.54795506e+00
 1.54400142e+00
 1.53985038e+00
 1.53554635e+00
 1.53113915e+00
 1.52668346e+00
 1.52223834e+00
 1.51786658e+00
 1.51363396e+00
 1.50960808e+00
 1.50585691e+00
 1.50244694e+00
 1.49944104e+00
 1.49689643e+00
 1.49486270e+00
 1.49338013e+00
 1.49247846e+00
 1.49217585e+00
 1.58051365e+00
 1.58042912e+00
 1.58017257e+00
 1.57973530e+00
 1.57910338e+00
 1.57825842e+00
 1.57717883e+00
 1.57584134e+00
 1.57422311e+00
 1.57230399e+00
 1.57006882e+00
 1.56750946e+00
 1.56462604e+00
 1.56142747e+00
 1.55793135e+00
 1.55416339e+00
 1.55015668e+00
 1.54595088e+00
 1.54159147e+00
 1.53712910e+00
 1.53261904e+00
 1.52812070e+00
 1.52369720e+00
 1.51941468e+00
 1.51534132e+00
 1.51154581e+00
 1.50809551e+00
 1.50505416e+00
 1.50247975e+00
 1.50042243e+00
 1.49892288e+00
 1.49801098e+00
 1.49770497e+00
 1.58663923e+00
 1.58655538e+00
 1.58630086e+00
 1.58586680e+00
 1.58523880e+00
 1.58439758e+00
 1.58332016e+00
 1.58198143e+00
 1.58035652e+00
 1.57842350e+00
 1.57616621e+00
 1.57357643e+00
 1.57065508e+00
 1.56741247e+00
 1.56386784e+00
 1.56004858e+00
 1.55598935e+00
 1.55173113e+00
 1.54732045e+00
 1.54280862e+00
 1.53825119e+00
 1.53370755e+00
 1.52924057e+00
 1.52491616e+00
 1.52080249e+00
 1.51696864e+00
 1.51348266e+00
 1.51040923e+00
 1.50780719e+00
 1.50572751e+00
 1.50421149e+00
 1.50328950e+00
 1.50298009e+00
 1.59241695e+00
 1.59233429e+00
 1.59208316e+00
 1.59165426e+00
 1.59103249e+00
 1.59019736e+00
 1.58912384e+00
 1.58778420e+00
 1.58615090e+00
 1.58420019e+00
 1.58191543e+00
 1.57928924e+00
 1.57632429e+00
 1.57303300e+00
 1.56943674e+00
 1.56556482e+00
 1.56145355e+00
 1.55714529e+00
 1.55268753e+00
 1.54813215e+00
 1.54353475e+00
 1.53895427e+00
 1.53445275e+00
 1.53009517e+00
 1.52594900e+00
 1.52208319e+00
 1.51856635e+00
 1.51546421e+00
 1.51283688e+00
 1.51073639e+00
 1.50920484e+00
 1.50827323e+00
 1.50796055e+00
 1.59780552e+00
 1.59772440e+00
 1.59747806e+00
 1.59705728e+00
 1.59644602e+00
 1.59562154e+00
 1.59455536e+00
 1.59321573e+00
 1.59157174e+00
 1.58959817e+00
 1.58727904e+00
 1.58460923e+00
 1.58159429e+00
 1.57824944e+00
 1.57459846e+00
 1.57067265e+00
 1.56650998e+00
 1.56215409e+00
 1.55765347e+00
 1.55306051e+00
 1.54843072e+00
 1.54382232e+00
 1.53929598e+00
 1.53491497e+00
 1.53074512e+00
 1.52685447e+00
 1.52331183e+00
 1.52018422e+00
 1.51753359e+00
 1.51541371e+00
 1.51386796e+00
 1.51292785e+00
 1.51261238e+00
 1.60276163e+00
 1.60268412e+00
 1.60244795e+00
 1.60204250e+00
 1.60144982e+00
 1.60064354e+00
 1.59958958e+00
 1.59825025e+00
 1.59659106e+00
 1.59458674e+00
 1.59222422e+00
 1.58950248e+00
 1.58643096e+00
 1.58302803e+00
 1.57931982e+00
 1.57533944e+00
 1.57112632e+00
 1.56672536e+00
 1.56218602e+00
 1.55756125e+00
 1.55290655e+00
 1.54827926e+00
 1.54373840e+00
 1.53934480e+00
 1.53516158e+00
 1.53125454e+00
 1.52769175e+00
 1.52454143e+00
 1.52186806e+00
 1.51972809e+00
 1.51816673e+00
 1.51721665e+00
 1.51689771e+00
 1.60726436e+00
 1.60719102e+00
 1.60696862e+00
 1.60658729e+00
 1.60602530e+00
 1.60524793e+00
 1.60421092e+00
 1.60286882e+00
 1.60118516e+00
 1.59913836e+00
 1.59672145e+00
 1.59393920e+00
 1.59080532e+00
 1.58734103e+00
 1.58357431e+00
 1.57953964e+00
 1.57527764e+00
 1.57083434e+00
 1.56626023e+00
 1.56160899e+00
 1.55693625e+00
 1.55229867e+00
 1.54775356e+00
 1.54335901e+00
 1.53917447e+00
 1.53526176e+00
 1.53168618e+00
 1.52851608e+00
 1.52581922e+00
 1.52365678e+00
 1.52207810e+00
 1.52111786e+00
 1.52079573e+00
 1.61126130e+00
 1.61120110e+00
 1.61101342e+00
 1.61067931e+00
 1.61016793e+00
 1.60943167e+00
 1.60841155e+00
 1.60705531e+00
 1.60533081e+00
 1.60322615e+00
 1.60074345e+00
 1.59789357e+00
 1.59469372e+00
 1.59116695e+00
 1.58734226e+00
 1.58325493e+00
 1.57894643e+00
 1.57446380e+00
 1.56985861e+00
 1.56518552e+00
 1.56050059e+00
 1.55586010e+00
 1.55132000e+00
 1.54693593e+00
 1.54276341e+00
 1.53885882e+00
 1.53528159e+00
 1.53209689e+00
 1.52937505e+00
 1.52718408e+00
 1.52557948e+00
 1.52460045e+00
 1.52427125e+00
 1.61482503e+00
 1.61477032e+00
 1.61460839e+00
 1.61433082e+00
 1.61389015e+00
 1.61320200e+00
 1.61218454e+00
 1.61078934e+00
 1.60900093e+00
 1.60682252e+00
 1.60426528e+00
 1.60134423e+00
 1.59807817e+00
 1.59449063e+00
 1.59061069e+00
 1.58647388e+00
 1.58212222e+00
 1.57760363e+00
 1.57297082e+00
 1.56827971e+00
 1.56358712e+00
 1.55894926e+00
 1.55442124e+00
 1.55005708e+00
 1.54590937e+00
 1.54202915e+00
 1.53846735e+00
 1.53527969e+00
 1.53253346e+00
 1.53030733e+00
 1.52867490e+00
 1.52768345e+00
 1.52735170e+00
 1.61771130e+00
 1.61770083e+00
 1.61766345e+00
 1.61754460e+00
 1.61722122e+00
 1.61656622e+00
 1.61551008e+00
 1.61403870e+00
 1.61216330e+00
 1.60990041e+00
 1.60726584e+00
 1.60427516e+00
 1.60094661e+00
 1.59730300e+00
 1.59337275e+00
 1.58919118e+00
 1.58480074e+00
 1.58025005e+00
 1.57559299e+00
 1.57088696e+00
 1.56618983e+00
 1.56155802e+00
 1.55704614e+00
 1.55270761e+00
 1.54859391e+00
 1.54475315e+00
 1.54122891e+00
 1.53806249e+00
 1.53530261e+00
 1.53302044e+00
 1.53131035e+00
 1.53025750e+00
 1.52990392e+00
 1.62008556e+00
 1.62018788e+00
 1.62039512e+00
 1.62047535e+00
 1.62021132e+00
 1.61950134e+00
 1.61834091e+00
 1.61675939e+00
 1.61478481e+00
 1.61243687e+00
 1.60972980e+00
 1.60667626e+00
 1.60329260e+00
 1.59960026e+00
 1.59562657e+00
 1.59140637e+00
 1.58698257e+00
 1.58240424e+00
 1.57772635e+00
 1.57300805e+00
 1.56830833e+00
 1.56368401e+00
 1.55918919e+00
 1.55487751e+00
 1.55080090e+00
 1.54700796e+00
 1.54354040e+00
 1.54043034e+00
 1.53770352e+00
 1.53539667e+00
 1.53358994e+00
 1.53241566e+00
 1.53200572e+00
 1.62279616e+00
 1.62293413e+00
 1.62318358e+00
 1.62321009e+00
 1.62279916e+00
 1.62191882e+00
 1.62060853e+00
 1.61890741e+00
 1.61683903e+00
 1.61441635e+00
 1.61164833e+00
 1.60854288e+00
 1.60511426e+00
 1.60138254e+00
 1.59737377e+00
 1.59312225e+00
 1.58867144e+00
 1.58407064e+00
 1.57937566e+00
 1.57464755e+00
 1.56994635e+00
 1.56532939e+00
 1.56084992e+00
 1.55656233e+00
 1.55251956e+00
 1.54877295e+00
 1.54536755e+00
 1.54233738e+00
 1.53970278e+00
 1.53747687e+00
 1.53570289e+00
 1.53451067e+00
 1.53408381e+00
 1.62563681e+00
 1.62571185e+00
 1.62574964e+00
 1.62547379e+00
 1.62478877e+00
 1.62370579e+00
 1.62225381e+00
 1.62045259e+00
 1.61831065e+00
 1.61583128e+00
 1.61301817e+00
 1.60987433e+00
 1.60641274e+00
 1.60265223e+00
 1.59861780e+00
 1.59434319e+00
 1.58987254e+00
 1.58525509e+00
 1.58054726e+00
 1.57581191e+00
 1.57110979e+00
 1.56649896e+00
 1.56203136e+00
 1.55776239e+00
 1.55374570e+00
 1.55003577e+00
 1.54668258e+00
 1.54372739e+00
 1.54120068e+00
 1.53911976e+00
 1.53750472e+00
 1.53642372e+00
 1.53603010e+00
 1.62783647e+00
 1.62778172e+00
 1.62750634e+00
 1.62692385e+00
 1.62601849e+00
 1.62479181e+00
 1.62324622e+00
 1.62138154e+00
 1.61919398e+00
 1.61667976e+00
 1.61383934e+00
 1.61067205e+00
 1.60719039e+00
 1.60341242e+00
 1.59936238e+00
 1.59507361e+00
 1.59059083e+00
 1.58596315e+00
 1.58124728e+00
 1.57650747e+00
 1.57180480e+00
 1.56719803e+00
 1.56273780e+00
 1.55848049e+00
 1.55447989e+00
 1.55079280e+00
 1.54747278e+00
 1.54456691e+00
 1.54211648e+00
 1.54015140e+00
 1.53869597e+00
 1.53777701e+00
 1.53745043e+00
 1.62866600e+00
 1.62852759e+00
 1.62811126e+00
 1.62741401e+00
 1.62643080e+00
 1.62515471e+00
 1.62357728e+00
 1.62169120e+00
 1.61948833e+00
 1.61696241e+00
 1.61411289e+00
 1.61093772e+00
 1.60744934e+00
 1.60366552e+00
 1.59961024e+00
 1.59531669e+00
 1.59082984e+00
 1.58619870e+00
 1.58148009e+00
 1.57673877e+00
 1.57203592e+00
 1.56743057e+00
 1.56297282e+00
 1.55871948e+00
 1.55472428e+00
 1.55104486e+00
 1.54773604e+00
 1.54484689e+00
 1.54242272e+00
 1.54049854e+00
 1.53910276e+00
 1.53825655e+00
 1.53797300e+00
