 1.31450900e+00
 1.31424058e+00
 1.31343689e+00
 1.31210258e+00
 1.31024539e+00
 1.30787621e+00
 1.30500924e+00
 1.30166393e+00
 1.29786323e+00
 1.29363406e+00
 1.28900816e+00
 1.28401903e+00
 1.27870951e+00
 1.27312288e+00
 1.26731397e+00
 1.26134527e+00
 1.25528810e+00
 1.24921943e+00
 1.24321815e+00
 1.23736416e+00
 1.23172666e+00
 1.22636665e+00
 1.22133676e+00
 1.21668368e+00
 1.21244034e+00
 1.20863740e+00
 1.20529812e+00
 1.20244146e+00
 1.20008464e+00
 1.19823937e+00
 1.19691472e+00
 1.19611726e+00
 1.19585100e+00
 1.31484024e+00
 1.31455461e+00
 1.31372185e+00
 1.31236363e+00
 1.31048977e+00
 1.30810928e+00
 1.30523411e+00
 1.30188203e+00
 1.29807506e+00
 1.29383972e+00
 1.28920740e+00
 1.28421184e+00
 1.27889560e+00
 1.27330243e+00
 1.26748712e+00
 1.26151224e+00
 1.25544901e+00
 1.24937424e+00
 1.24336672e+00
 1.23750584e+00
 1.23186078e+00
 1.22649241e+00
 1.22145322e+00
 1.21678911e+00
 1.21253272e+00
 1.20871308e+00
 1.20535114e+00
 1.20246150e+00
 1.20005352e+00
 1.19812797e+00
 1.19668519e+00
 1.19574278e+00
 1.19539053e+00
 1.31577075e+00
 1.31545839e+00
 1.31456095e+00
 1.31313881e+00
 1.31121769e+00
 1.30880425e+00
 1.30590487e+00
 1.30253263e+00
 1.29870701e+00
 1.29445322e+00
 1.28980180e+00
 1.28478699e+00
 1.27945073e+00
 1.27383795e+00
 1.26800341e+00
 1.26200988e+00
 1.25592832e+00
 1.24983509e+00
 1.24380860e+00
 1.23792695e+00
 1.23225919e+00
 1.22686576e+00
 1.22179861e+00
 1.21710167e+00
 1.21280628e+00
 1.20893705e+00
 1.20550799e+00
 1.20252130e+00
 1.19996472e+00
 1.19781201e+00
 1.19605368e+00
 1.19478927e+00
 1.19430355e+00
 1.31713971e+00
 1.31681432e+00
 1.31587289e+00
 1.31438711e+00
 1.31240643e+00
 1.30994574e+00
 1.30700887e+00
 1.30360431e+00
 1.29974829e+00
 1.29546418e+00
 1.29078145e+00
 1.28573473e+00
 1.28036550e+00
 1.27472007e+00
 1.26885338e+00
 1.26282844e+00
 1.25671585e+00
 1.25059133e+00
 1.24453257e+00
 1.23861601e+00
 1.23291025e+00
 1.22747514e+00
 1.22236160e+00
 1.21761089e+00
 1.21325187e+00
 1.20930287e+00
 1.20576821e+00
 1.20263456e+00
 1.19986867e+00
 1.19743350e+00
 1.19536392e+00
 1.19388168e+00
 1.19333120e+00
 1.31877216e+00
 1.31845394e+00
 1.31752040e+00
 1.31602136e+00
 1.31400583e+00
 1.31150217e+00
 1.30852262e+00
 1.30507708e+00
 1.30118061e+00
 1.29685528e+00
 1.29212977e+00
 1.28703893e+00
 1.28162424e+00
 1.27593325e+00
 1.27002136e+00
 1.26395185e+00
 1.25779494e+00
 1.25162564e+00
 1.24552062e+00
 1.23955464e+00
 1.23379557e+00
 1.22830255e+00
 1.22312510e+00
 1.21830186e+00
 1.21385860e+00
 1.20980797e+00
 1.20614732e+00
 1.20285831e+00
 1.19991676e+00
 1.19733038e+00
 1.19520547e+00
 1.19376651e+00
 1.19325260e+00
 1.32060643e+00
 1.32031098e+00
 1.31942612e+00
 1.31796431e+00
 1.31595417e+00
 1.31342831e+00
 1.31041156e+00
 1.30692211e+00
 1.30297816e+00
 1.29860244e+00
 1.29382375e+00
 1.28867734e+00
 1.28320517e+00
 1.27745590e+00
 1.27148567e+00
 1.26535802e+00
 1.25914293e+00
 1.25291465e+00
 1.24674878e+00
 1.24071863e+00
 1.23489125e+00
 1.22932505e+00
 1.22406841e+00
 1.21915811e+00
 1.21461814e+00
 1.21045967e+00
 1.20668297e+00
 1.20328633e+00
 1.20028912e+00
 1.19776500e+00
 1.19584579e+00
 1.19465888e+00
 1.19426110e+00
 1.32279714e+00
 1.32250959e+00
 1.32164659e+00
 1.32021073e+00
 1.31821435e+00
 1.31568038e+00
 1.31263527e+00
 1.30910353e+00
 1.30510838e+00
 1.30067526e+00
 1.29583434e+00
 1.29062188e+00
 1.28508076e+00
 1.27926081e+00
 1.27321903e+00
 1.26701939e+00
 1.26073177e+00
 1.25442982e+00
 1.24818821e+00
 1.24207920e+00
 1.23616923e+00
 1.23051642e+00
 1.22516884e+00
 1.22016333e+00
 1.21552533e+00
 1.21127103e+00
 1.20741408e+00
 1.20397920e+00
 1.20101971e+00
 1.19862052e+00
 1.19686835e+00
 1.19581209e+00
 1.19546071e+00
 1.32535358e+00
 1.32506500e+00
 1.32420094e+00
 1.32276621e+00
 1.32076946e+00
 1.31822539e+00
 1.31515487e+00
 1.31158238e+00
 1.30753405e+00
 1.30303827e+00
 1.29812741e+00
 1.29283937e+00
 1.28721842e+00
 1.28131569e+00
 1.27518924e+00
 1.26890366e+00
 1.26252891e+00
 1.25613838e+00
 1.24980618e+00
 1.24360408e+00
 1.23759848e+00
 1.23184805e+00
 1.22640209e+00
 1.22130003e+00
 1.21657250e+00
 1.21224541e+00
 1.20834758e+00
 1.20491981e+00
 1.20201760e+00
 1.19970029e+00
 1.19801459e+00
 1.19699054e+00
 1.19664684e+00
 1.32819354e+00
 1.32790495e+00
 1.32703987e+00
 1.32560115e+00
 1.32359539e+00
 1.32103425e+00
 1.31793500e+00
 1.31432003e+00
 1.31021586e+00
 1.30565267e+00
 1.30066496e+00
 1.29529254e+00
 1.28958139e+00
 1.28358415e+00
 1.27736010e+00
 1.27097468e+00
 1.26449828e+00
 1.25800438e+00
 1.25156709e+00
 1.24525840e+00
 1.23914554e+00
 1.23328886e+00
 1.22774064e+00
 1.22254513e+00
 1.21774039e+00
 1.21336225e+00
 1.20944935e+00
 1.20604580e+00
 1.20319817e+00
 1.20094783e+00
 1.19932494e+00
 1.19834683e+00
 1.19802034e+00
 1.33130022e+00
 1.33100912e+00
 1.33013672e+00
 1.32868597e+00
 1.32666254e+00
 1.32407610e+00
 1.32094143e+00
 1.31727889e+00
 1.31311419e+00
 1.30847812e+00
 1.30340665e+00
 1.29794135e+00
 1.29212997e+00
 1.28602679e+00
 1.27969250e+00
 1.27319361e+00
 1.26660129e+00
 1.25998961e+00
 1.25343328e+00
 1.24700528e+00
 1.24077458e+00
 1.23480439e+00
 1.22915130e+00
 1.22386554e+00
 1.21899256e+00
 1.21457538e+00
 1.21065639e+00
 1.20727656e+00
 1.20447212e+00
 1.20227068e+00
 1.20068977e+00
 1.19973856e+00
 1.19942112e+00
 1.33463009e+00
 1.33433567e+00
 1.33345316e+00
 1.33198517e+00
 1.32993685e+00
 1.32731697e+00
 1.32413893e+00
 1.32042158e+00
 1.31618968e+00
 1.31147396e+00
 1.30631120e+00
 1.30074436e+00
 1.29482282e+00
 1.28860251e+00
 1.28214564e+00
 1.27552003e+00
 1.26879798e+00
 1.26205459e+00
 1.25536577e+00
 1.24880619e+00
 1.24244734e+00
 1.23635605e+00
 1.23059383e+00
 1.22521682e+00
 1.22027647e+00
 1.21582000e+00
 1.21188998e+00
 1.20852248e+00
 1.20574489e+00
 1.20357496e+00
 1.20202202e+00
 1.20108975e+00
 1.20077897e+00
 1.33814575e+00
 1.33784687e+00
 1.33695101e+00
 1.33546077e+00
 1.33338108e+00
 1.33072015e+00
 1.32749055e+00
 1.32371020e+00
 1.31940310e+00
 1.31459975e+00
 1.30933736e+00
 1.30365991e+00
 1.29761820e+00
 1.29126973e+00
 1.28467828e+00
 1.27791318e+00
 1.27104809e+00
 1.26415956e+00
 1.25732515e+00
 1.25062170e+00
 1.24412363e+00
 1.23790166e+00
 1.23202203e+00
 1.22654599e+00
 1.22152938e+00
 1.21702175e+00
 1.21306480e+00
 1.20969058e+00
 1.20692037e+00
 1.20476522e+00
 1.20322820e+00
 1.20230779e+00
 1.20200138e+00
 1.34180512e+00
 1.34150100e+00
 1.34058940e+00
 1.33907282e+00
 1.33695606e+00
 1.33424707e+00
 1.33095799e+00
 1.32710622e+00
 1.32271530e+00
 1.31781557e+00
 1.31244454e+00
 1.30664702e+00
 1.30047503e+00
 1.29398755e+00
 1.28724992e+00
 1.28033305e+00
 1.27331222e+00
 1.26626562e+00
 1.25927272e+00
 1.25241270e+00
 1.24576291e+00
 1.23939772e+00
 1.23338741e+00
 1.22779725e+00
 1.22268625e+00
 1.21810546e+00
 1.21409605e+00
 1.21068763e+00
 1.20789784e+00
 1.20573350e+00
 1.20419360e+00
 1.20327310e+00
 1.20296695e+00
 1.34556743e+00
 1.34525729e+00
 1.34432764e+00
 1.34278094e+00
 1.34062191e+00
 1.33785839e+00
 1.33450234e+00
 1.33057091e+00
 1.32608744e+00
 1.32108230e+00
 1.31559333e+00
 1.30966611e+00
 1.30335378e+00
 1.29671670e+00
 1.28982178e+00
 1.28274157e+00
 1.27555298e+00
 1.26833597e+00
 1.26117193e+00
 1.25414224e+00
 1.24732688e+00
 1.24080316e+00
 1.23464450e+00
 1.22891912e+00
 1.22368831e+00
 1.21900447e+00
 1.21490911e+00
 1.21143135e+00
 1.20858770e+00
 1.20638350e+00
 1.20481619e+00
 1.20387961e+00
 1.20356815e+00
 1.34939220e+00
 1.34907528e+00
 1.34812531e+00
 1.34654488e+00
 1.34433878e+00
 1.34151482e+00
 1.33808487e+00
 1.33406598e+00
 1.32948153e+00
 1.32436206e+00
 1.31874594e+00
 1.31267953e+00
 1.30621709e+00
 1.29942035e+00
 1.29235777e+00
 1.28510349e+00
 1.27773610e+00
 1.27033724e+00
 1.26299005e+00
 1.25577779e+00
 1.24878246e+00
 1.24208348e+00
 1.23575642e+00
 1.22987144e+00
 1.22449150e+00
 1.21967039e+00
 1.21545092e+00
 1.21186379e+00
 1.20892741e+00
 1.20664927e+00
 1.20502851e+00
 1.20405982e+00
 1.20373768e+00
 1.35323637e+00
 1.35291226e+00
 1.35194071e+00
 1.35032418e+00
 1.34806736e+00
 1.34517799e+00
 1.34166793e+00
 1.33755437e+00
 1.33286095e+00
 1.32761868e+00
 1.32186660e+00
 1.31565201e+00
 1.30903034e+00
 1.30206471e+00
 1.29482510e+00
 1.28738725e+00
 1.27983137e+00
 1.27224063e+00
 1.26469968e+00
 1.25729317e+00
 1.25010445e+00
 1.24321421e+00
 1.23669923e+00
 1.23063082e+00
 1.22507315e+00
 1.22008142e+00
 1.21570040e+00
 1.21196359e+00
 1.20889342e+00
 1.20650241e+00
 1.20479543e+00
 1.20377247e+00
 1.20343180e+00
 1.35706448e+00
 1.35673273e+00
 1.35573815e+00
 1.35408299e+00
 1.35177173e+00
 1.34881205e+00
 1.34521593e+00
 1.34100088e+00
 1.33619103e+00
 1.33081809e+00
 1.32492197e+00
 1.31855104e+00
 1.31176203e+00
 1.30461946e+00
 1.29719485e+00
 1.28956555e+00
 1.28181330e+00
 1.27402272e+00
 1.26627965e+00
 1.25866973e+00
 1.25127698e+00
 1.24418263e+00
 1.23746392e+00
 1.23119280e+00
 1.22543450e+00
 1.22024598e+00
 1.21567471e+00
 1.21175813e+00
 1.20852401e+00
 1.20599178e+00
 1.20417454e+00
 1.20308081e+00
 1.20271567e+00
 1.36084646e+00
 1.36050627e+00
 1.35948637e+00
 1.35778905e+00
 1.35541884e+00
 1.35238354e+00
 1.34869541e+00
 1.34437238e+00
 1.33943926e+00
 1.33392861e+00
 1.32788139e+00
 1.32134719e+00
 1.31438408e+00
 1.30705807e+00
 1.29944225e+00
 1.29161559e+00
 1.28366140e+00
 1.27566565e+00
 1.26771526e+00
 1.25989648e+00
 1.25229350e+00
 1.24498747e+00
 1.23805553e+00
 1.23157001e+00
 1.22559736e+00
 1.22019708e+00
 1.21542076e+00
 1.21131154e+00
 1.20790429e+00
 1.20522642e+00
 1.20329875e+00
 1.20213616e+00
 1.20174762e+00
 1.36454838e+00
 1.36419905e+00
 1.36315182e+00
 1.36140913e+00
 1.35897579e+00
 1.35585997e+00
 1.35207439e+00
 1.34763763e+00
 1.34257534e+00
 1.33692112e+00
 1.33071714e+00
 1.32401431e+00
 1.31687208e+00
 1.30935801e+00
 1.30154681e+00
 1.29351915e+00
 1.28536003e+00
 1.27715688e+00
 1.26899769e+00
 1.26096914e+00
 1.25315531e+00
 1.24563671e+00
 1.23848993e+00
 1.23178730e+00
 1.22559665e+00
 1.21998063e+00
 1.21499595e+00
 1.21069261e+00
 1.20711332e+00
 1.20429310e+00
 1.20225923e+00
 1.20103112e+00
 1.20062045e+00
 1.36813467e+00
 1.36777574e+00
 1.36669977e+00
 1.36490943e+00
 1.36240988e+00
 1.35920974e+00
 1.35532239e+00
 1.35076731e+00
 1.34557129e+00
 1.33976921e+00
 1.33340461e+00
 1.32652974e+00
 1.31920549e+00
 1.31150090e+00
 1.30349239e+00
 1.29526249e+00
 1.28689811e+00
 1.27848848e+00
 1.27012287e+00
 1.26188854e+00
 1.25386925e+00
 1.24614451e+00
 1.23878967e+00
 1.23187649e+00
 1.22547365e+00
 1.21964684e+00
 1.21445801e+00
 1.20996414e+00
 1.20621576e+00
 1.20325555e+00
 1.20111724e+00
 1.19982482e+00
 1.19939247e+00
 1.37157222e+00
 1.37120346e+00
 1.37009801e+00
 1.36825861e+00
 1.36569066e+00
 1.36240335e+00
 1.35841099e+00
 1.35373432e+00
 1.34840162e+00
 1.34244936e+00
 1.33592249e+00
 1.32887460e+00
 1.32136783e+00
 1.31347266e+00
 1.30526723e+00
 1.29683616e+00
 1.28826871e+00
 1.27965638e+00
 1.27109029e+00
 1.26265868e+00
 1.25444512e+00
 1.24652779e+00
 1.23898004e+00
 1.23187186e+00
 1.22527165e+00
 1.21924708e+00
 1.21386477e+00
 1.20918834e+00
 1.20527592e+00
 1.20217771e+00
 1.19993439e+00
 1.19857598e+00
 1.19812107e+00
 1.37483459e+00
 1.37445566e+00
 1.37331970e+00
 1.37142958e+00
 1.36879102e+00
 1.36541399e+00
 1.36131411e+00
 1.35651389e+00
 1.35104350e+00
 1.34494115e+00
 1.33825314e+00
 1.33103405e+00
 1.32334699e+00
 1.31526367e+00
 1.30686399e+00
 1.29823497e+00
 1.28946870e+00
 1.28065973e+00
 1.27190187e+00
 1.26328512e+00
 1.25489334e+00
 1.24680329e+00
 1.23908549e+00
 1.23180660e+00
 1.22503261e+00
 1.21883140e+00
 1.21327309e+00
 1.20842803e+00
 1.20436285e+00
 1.20113640e+00
 1.19879659e+00
 1.19737847e+00
 1.19690339e+00
 1.37789835e+00
 1.37750873e+00
 1.37634080e+00
 1.37439769e+00
 1.37168590e+00
 1.36821666e+00
 1.36400754e+00
 1.35908343e+00
 1.35347682e+00
 1.34722757e+00
 1.34038284e+00
 1.33299758e+00
 1.32513537e+00
 1.31686889e+00
 1.30827986e+00
 1.29945795e+00
 1.29049875e+00
 1.28150074e+00
 1.27256153e+00
 1.26377403e+00
 1.25522334e+00
 1.24698519e+00
 1.23912670e+00
 1.23170943e+00
 1.22479414e+00
 1.21844564e+00
 1.21273525e+00
 1.20773915e+00
 1.20353311e+00
 1.20018592e+00
 1.19775414e+00
 1.19627884e+00
 1.19578440e+00
 1.38073810e+00
 1.38033732e+00
 1.37913607e+00
 1.37713802e+00
 1.37435063e+00
 1.37078716e+00
 1.36646830e+00
 1.36142240e+00
 1.35568449e+00
 1.34929543e+00
 1.34230221e+00
 1.33475925e+00
 1.32672998e+00
 1.31828785e+00
 1.30951642e+00
 1.30050837e+00
 1.29136338e+00
 1.28218479e+00
 1.27307529e+00
 1.26413215e+00
 1.25544309e+00
 1.24708387e+00
 1.23911837e+00
 1.23160175e+00
 1.22458632e+00
 1.21812913e+00
 1.21229812e+00
 1.20717294e+00
 1.20283882e+00
 1.19937646e+00
 1.19685323e+00
 1.19531881e+00
 1.19480385e+00
 1.38333237e+00
 1.38292017e+00
 1.38168428e+00
 1.37962830e+00
 1.37676167e+00
 1.37310180e+00
 1.36867460e+00
 1.36351277e+00
 1.35765318e+00
 1.35113604e+00
 1.34400654e+00
 1.33631759e+00
 1.32813209e+00
 1.31952420e+00
 1.31057939e+00
 1.30139360e+00
 1.29207110e+00
 1.28272093e+00
 1.27345207e+00
 1.26436774e+00
 1.25556000e+00
 1.24710622e+00
 1.23906834e+00
 1.23149519e+00
 1.22442829e+00
 1.21791144e+00
 1.21200180e+00
 1.20677695e+00
 1.20233108e+00
 1.19876110e+00
 1.19615121e+00
 1.19456250e+00
 1.19402940e+00
 1.38567245e+00
 1.38524546e+00
 1.38396724e+00
 1.38184543e+00
 1.37889384e+00
 1.37513630e+00
 1.37060622e+00
 1.36534038e+00
 1.35937471e+00
 1.35274587e+00
 1.34549566e+00
 1.33767501e+00
 1.32934642e+00
 1.32058488e+00
 1.31147786e+00
 1.30212463e+00
 1.29263431e+00
 1.28312222e+00
 1.27370467e+00
 1.26449222e+00
 1.25558298e+00
 1.24705782e+00
 1.23897890e+00
 1.23139082e+00
 1.22432469e+00
 1.21780708e+00
 1.21187480e+00
 1.20659168e+00
 1.20205533e+00
 1.19838147e+00
 1.19567552e+00
 1.19401704e+00
 1.19345792e+00
 1.38770292e+00
 1.38726498e+00
 1.38594980e+00
 1.38376057e+00
 1.38071904e+00
 1.37686637e+00
 1.37224725e+00
 1.36689784e+00
 1.36084744e+00
 1.35412649e+00
 1.34677307e+00
 1.33883665e+00
 1.33037990e+00
 1.32147897e+00
 1.31222326e+00
 1.30271522e+00
 1.29306880e+00
 1.28340578e+00
 1.27385038e+00
 1.26452167e+00
 1.25552508e+00
 1.24694646e+00
 1.23885063e+00
 1.23128165e+00
 1.22426420e+00
 1.21780902e+00
 1.21192563e+00
 1.20664571e+00
 1.20205156e+00
 1.19828300e+00
 1.19549474e+00
 1.19379376e+00
 1.19322377e+00
 1.38951167e+00
 1.38904603e+00
 1.38765157e+00
 1.38535265e+00
 1.38220566e+00
 1.37827198e+00
 1.37359199e+00
 1.36818743e+00
 1.36207630e+00
 1.35528328e+00
 1.34784433e+00
 1.33980874e+00
 1.33124022e+00
 1.32221631e+00
 1.31282805e+00
 1.30318069e+00
 1.29339270e+00
 1.28359204e+00
 1.27391090e+00
 1.26447747e+00
 1.25540529e+00
 1.24678572e+00
 1.23868784e+00
 1.23115913e+00
 1.22422401e+00
 1.21788533e+00
 1.21212988e+00
 1.20694472e+00
 1.20235371e+00
 1.19846774e+00
 1.19549203e+00
 1.19363590e+00
 1.19300971e+00
 1.39100582e+00
 1.39048274e+00
 1.38895813e+00
 1.38653628e+00
 1.38331680e+00
 1.37935099e+00
 1.37465126e+00
 1.36922072e+00
 1.36307015e+00
 1.35622286e+00
 1.34871512e+00
 1.34059720e+00
 1.33193461e+00
 1.32280632e+00
 1.31330444e+00
 1.30353648e+00
 1.29362500e+00
 1.28370329e+00
 1.27391103e+00
 1.26438555e+00
 1.25524868e+00
 1.24659663e+00
 1.23850304e+00
 1.23102156e+00
 1.22418139e+00
 1.21798770e+00
 1.21242090e+00
 1.20743998e+00
 1.20300009e+00
 1.19910946e+00
 1.19592472e+00
 1.19377490e+00
 1.19300852e+00
 1.39179218e+00
 1.39124737e+00
 1.38968670e+00
 1.38726100e+00
 1.38406990e+00
 1.38013478e+00
 1.37544923e+00
 1.37001254e+00
 1.36383760e+00
 1.35695063e+00
 1.34938979e+00
 1.34120666e+00
 1.33246900e+00
 1.32325704e+00
 1.31366329e+00
 1.30379687e+00
 1.29378388e+00
 1.28376178e+00
 1.27387663e+00
 1.26427420e+00
 1.25508419e+00
 1.24640625e+00
 1.23831753e+00
 1.23087905e+00
 1.22412640e+00
 1.21807351e+00
 1.21270916e+00
 1.20799627e+00
 1.20387138e+00
 1.20027076e+00
 1.19723836e+00
 1.19508327e+00
 1.19428620e+00
 1.39195425e+00
 1.39143314e+00
 1.38995403e+00
 1.38764269e+00
 1.38454682e+00
 1.38066934e+00
 1.37600893e+00
 1.37057400e+00
 1.36438409e+00
 1.35746969e+00
 1.34987088e+00
 1.34164024e+00
 1.33284783e+00
 1.32357473e+00
 1.31391336e+00
 1.30397383e+00
 1.29388513e+00
 1.28378748e+00
 1.27383185e+00
 1.26417083e+00
 1.25494092e+00
 1.24624359e+00
 1.23815785e+00
 1.23075188e+00
 1.22406619e+00
 1.21812452e+00
 1.21292798e+00
 1.20845935e+00
 1.20468002e+00
 1.20153312e+00
 1.19898983e+00
 1.19717791e+00
 1.19648573e+00
 1.39183167e+00
 1.39136571e+00
 1.39001828e+00
 1.38783121e+00
 1.38481731e+00
 1.38098425e+00
 1.37634263e+00
 1.37091018e+00
 1.36471181e+00
 1.35778111e+00
 1.35015942e+00
 1.34189978e+00
 1.33307402e+00
 1.32376370e+00
 1.31406093e+00
 1.30407632e+00
 1.29394084e+00
 1.28379618e+00
 1.27379638e+00
 1.26409849e+00
 1.25484375e+00
 1.24613429e+00
 1.23804963e+00
 1.23066339e+00
 1.22401853e+00
 1.21814594e+00
 1.21305529e+00
 1.20874584e+00
 1.20520648e+00
 1.20241254e+00
 1.20034164e+00
 1.19900048e+00
 1.19850198e+00
 1.39174800e+00
 1.39131837e+00
 1.39003110e+00
 1.38789103e+00
 1.38490642e+00
 1.38108886e+00
 1.37645376e+00
 1.37102223e+00
 1.36482107e+00
 1.35788495e+00
 1.35025561e+00
 1.34198620e+00
 1.33314924e+00
 1.32382642e+00
 1.31410971e+00
 1.30410987e+00
 1.29395855e+00
 1.28379792e+00
 1.27378306e+00
 1.26407257e+00
 1.25480940e+00
 1.24609580e+00
 1.23801132e+00
 1.23063166e+00
 1.22400037e+00
 1.21815099e+00
 1.21309595e+00
 1.20884042e+00
 1.20538332e+00
 1.20271338e+00
 1.20081784e+00
 1.19968555e+00
 1.19930900e+00
