 1.20876000e+00
 1.20890213e+00
 1.20932719e+00
 1.21003127e+00
 1.21100754e+00
 1.21224577e+00
 1.21373180e+00
 1.21544418e+00
 1.21735894e+00
 1.21944633e+00
 1.22167112e+00
 1.22400014e+00
 1.22639541e+00
 1.22882292e+00
 1.23125293e+00
 1.23367152e+00
 1.23606371e+00
 1.23841548e+00
 1.24071342e+00
 1.24293818e+00
 1.24507611e+00
 1.24710931e+00
 1.24902285e+00
 1.25080258e+00
 1.25244071e+00
 1.25392410e+00
 1.25524059e+00
 1.25637809e+00
 1.25732359e+00
 1.25806869e+00
 1.25860640e+00
 1.25893131e+00
 1.25904000e+00
 1.20898190e+00
 1.20905065e+00
 1.20935247e+00
 1.20995671e+00
 1.21086555e+00
 1.21206097e+00
 1.21351894e+00
 1.21521182e+00
 1.21711170e+00
 1.21918685e+00
 1.22140131e+00
 1.22372103e+00
 1.22610805e+00
 1.22852818e+00
 1.23095183e+00
 1.23336425e+00
 1.23575027e+00
 1.23809567e+00
 1.24038671e+00
 1.24260434e+00
 1.24473450e+00
 1.24675949e+00
 1.24866417e+00
 1.25043439e+00
 1.25206151e+00
 1.25353195e+00
 1.25483236e+00
 1.25594848e+00
 1.25686396e+00
 1.25756471e+00
 1.25803941e+00
 1.25828842e+00
 1.25835243e+00
 1.20939324e+00
 1.20934871e+00
 1.20937754e+00
 1.20971544e+00
 1.21043374e+00
 1.21150483e+00
 1.21288055e+00
 1.21451569e+00
 1.21637140e+00
 1.21841025e+00
 1.22059386e+00
 1.22288589e+00
 1.22524827e+00
 1.22764632e+00
 1.23005071e+00
 1.23244452e+00
 1.23481193e+00
 1.23713812e+00
 1.23940849e+00
 1.24160466e+00
 1.24371160e+00
 1.24571195e+00
 1.24759011e+00
 1.24933175e+00
 1.25092595e+00
 1.25235771e+00
 1.25361030e+00
 1.25466341e+00
 1.25549122e+00
 1.25606593e+00
 1.25637148e+00
 1.25645068e+00
 1.25644467e+00
 1.20935406e+00
 1.20925588e+00
 1.20910304e+00
 1.20918095e+00
 1.20966386e+00
 1.21056048e+00
 1.21181219e+00
 1.21335652e+00
 1.21514134e+00
 1.21712138e+00
 1.21925443e+00
 1.22150114e+00
 1.22382284e+00
 1.22618429e+00
 1.22855609e+00
 1.23091856e+00
 1.23325468e+00
 1.23554860e+00
 1.23778464e+00
 1.23994492e+00
 1.24201336e+00
 1.24397277e+00
 1.24580700e+00
 1.24750103e+00
 1.24904103e+00
 1.25040968e+00
 1.25158571e+00
 1.25254173e+00
 1.25324301e+00
 1.25365688e+00
 1.25379069e+00
 1.25375062e+00
 1.25370882e+00
 1.20819312e+00
 1.20812873e+00
 1.20801954e+00
 1.20805867e+00
 1.20842035e+00
 1.20917249e+00
 1.21029370e+00
 1.21172954e+00
 1.21342399e+00
 1.21532659e+00
 1.21739154e+00
 1.21957674e+00
 1.22184259e+00
 1.22415328e+00
 1.22647884e+00
 1.22879693e+00
 1.23108877e+00
 1.23333719e+00
 1.23552531e+00
 1.23763537e+00
 1.23965036e+00
 1.24155299e+00
 1.24332649e+00
 1.24495473e+00
 1.24642131e+00
 1.24770661e+00
 1.24878668e+00
 1.24963298e+00
 1.25021730e+00
 1.25053121e+00
 1.25061982e+00
 1.25059153e+00
 1.25056498e+00
 1.20574852e+00
 1.20578610e+00
 1.20589927e+00
 1.20612278e+00
 1.20654531e+00
 1.20725486e+00
 1.20828565e+00
 1.20962059e+00
 1.21121842e+00
 1.21303205e+00
 1.21501548e+00
 1.21712546e+00
 1.21932182e+00
 1.22156831e+00
 1.22383414e+00
 1.22609465e+00
 1.22832910e+00
 1.23051877e+00
 1.23264561e+00
 1.23469150e+00
 1.23663872e+00
 1.23846966e+00
 1.24016700e+00
 1.24171365e+00
 1.24309183e+00
 1.24428176e+00
 1.24526224e+00
 1.24601502e+00
 1.24653632e+00
 1.24685338e+00
 1.24702588e+00
 1.24711351e+00
 1.24714201e+00
 1.20280457e+00
 1.20288259e+00
 1.20310960e+00
 1.20347865e+00
 1.20401016e+00
 1.20475244e+00
 1.20574867e+00
 1.20701081e+00
 1.20852064e+00
 1.21024323e+00
 1.21213761e+00
 1.21416234e+00
 1.21627785e+00
 1.21844802e+00
 1.22064136e+00
 1.22283143e+00
 1.22499564e+00
 1.22711367e+00
 1.22916633e+00
 1.23113491e+00
 1.23300114e+00
 1.23474711e+00
 1.23635527e+00
 1.23780843e+00
 1.23908947e+00
 1.24018189e+00
 1.24107282e+00
 1.24175962e+00
 1.24225824e+00
 1.24260398e+00
 1.24283541e+00
 1.24297347e+00
 1.24302015e+00
 1.19955000e+00
 1.19963274e+00
 1.19988232e+00
 1.20030129e+00
 1.20089500e+00
 1.20167805e+00
 1.20267188e+00
 1.20389039e+00
 1.20532929e+00
 1.20696694e+00
 1.20877103e+00
 1.21070480e+00
 1.21273108e+00
 1.21481476e+00
 1.21692423e+00
 1.21903194e+00
 1.22111379e+00
 1.22314808e+00
 1.22511461e+00
 1.22699403e+00
 1.22876774e+00
 1.23041780e+00
 1.23192709e+00
 1.23327956e+00
 1.23446091e+00
 1.23546046e+00
 1.23627466e+00
 1.23691129e+00
 1.23739000e+00
 1.23773565e+00
 1.23796887e+00
 1.23810305e+00
 1.23814668e+00
 1.19581094e+00
 1.19590420e+00
 1.19618137e+00
 1.19663732e+00
 1.19726947e+00
 1.19808072e+00
 1.19907859e+00
 1.20026992e+00
 1.20165340e+00
 1.20321566e+00
 1.20493268e+00
 1.20677376e+00
 1.20870555e+00
 1.21069498e+00
 1.21271112e+00
 1.21472606e+00
 1.21671476e+00
 1.21865454e+00
 1.22052441e+00
 1.22230461e+00
 1.22397649e+00
 1.22552256e+00
 1.22692688e+00
 1.22817569e+00
 1.22925875e+00
 1.23017132e+00
 1.23091649e+00
 1.23150595e+00
 1.23195746e+00
 1.23228977e+00
 1.23251813e+00
 1.23265230e+00
 1.23269667e+00
 1.19170119e+00
 1.19179636e+00
 1.19208032e+00
 1.19254875e+00
 1.19319606e+00
 1.19401798e+00
 1.19501295e+00
 1.19618042e+00
 1.19751681e+00
 1.19901160e+00
 1.20064621e+00
 1.20239540e+00
 1.20423007e+00
 1.20611993e+00
 1.20803548e+00
 1.20994919e+00
 1.21183577e+00
 1.21367206e+00
 1.21543668e+00
 1.21710977e+00
 1.21867304e+00
 1.22010995e+00
 1.22140634e+00
 1.22255135e+00
 1.22353874e+00
 1.22436832e+00
 1.22504666e+00
 1.22558613e+00
 1.22600206e+00
 1.22630932e+00
 1.22652004e+00
 1.22664287e+00
 1.22668319e+00
 1.18723657e+00
 1.18733189e+00
 1.18761608e+00
 1.18808435e+00
 1.18873017e+00
 1.18954659e+00
 1.19052730e+00
 1.19166648e+00
 1.19295705e+00
 1.19438826e+00
 1.19594402e+00
 1.19760290e+00
 1.19933951e+00
 1.20112653e+00
 1.20293639e+00
 1.20474257e+00
 1.20652017e+00
 1.20824612e+00
 1.20989911e+00
 1.21145961e+00
 1.21291005e+00
 1.21423525e+00
 1.21542309e+00
 1.21646555e+00
 1.21735965e+00
 1.21810811e+00
 1.21871912e+00
 1.21920477e+00
 1.21957884e+00
 1.21985459e+00
 1.22004324e+00
 1.22015312e+00
 1.22018921e+00
 1.18245846e+00
 1.18255175e+00
 1.18283006e+00
 1.18328898e+00
 1.18392178e+00
 1.18472034e+00
 1.18567597e+00
 1.18677965e+00
 1.18802146e+00
 1.18938928e+00
 1.19086765e+00
 1.19243730e+00
 1.19407564e+00
 1.19575799e+00
 1.19745892e+00
 1.19915335e+00
 1.20081731e+00
 1.20242831e+00
 1.20396563e+00
 1.20541043e+00
 1.20674620e+00
 1.20795926e+00
 1.20903955e+00
 1.20998141e+00
 1.21078423e+00
 1.21145254e+00
 1.21199528e+00
 1.21242436e+00
 1.21275280e+00
 1.21299320e+00
 1.21315642e+00
 1.21325082e+00
 1.21328168e+00
 1.17740552e+00
 1.17749559e+00
 1.17776444e+00
 1.17820801e+00
 1.17881989e+00
 1.17959174e+00
 1.18051376e+00
 1.18157506e+00
 1.18276367e+00
 1.18406610e+00
 1.18546672e+00
 1.18694731e+00
 1.18848723e+00
 1.19006398e+00
 1.19165419e+00
 1.19323446e+00
 1.19478213e+00
 1.19627577e+00
 1.19769558e+00
 1.19902378e+00
 1.20024510e+00
 1.20134739e+00
 1.20232234e+00
 1.20316616e+00
 1.20387986e+00
 1.20446914e+00
 1.20494347e+00
 1.20531482e+00
 1.20559608e+00
 1.20579968e+00
 1.20593650e+00
 1.20601500e+00
 1.20604055e+00
 1.17211697e+00
 1.17220326e+00
 1.17246093e+00
 1.17288634e+00
 1.17347337e+00
 1.17421358e+00
 1.17509655e+00
 1.17611029e+00
 1.17724157e+00
 1.17847589e+00
 1.17979733e+00
 1.18118828e+00
 1.18262944e+00
 1.18410014e+00
 1.18557889e+00
 1.18704408e+00
 1.18847459e+00
 1.18985034e+00
 1.19115280e+00
 1.19236545e+00
 1.19347432e+00
 1.19446869e+00
 1.19534169e+00
 1.19609086e+00
 1.19671832e+00
 1.19723050e+00
 1.19763735e+00
 1.19795118e+00
 1.19818516e+00
 1.19835203e+00
 1.19846276e+00
 1.19852574e+00
 1.19854614e+00
 1.16663670e+00
 1.16671946e+00
 1.16696645e+00
 1.16737386e+00
 1.16793531e+00
 1.16864203e+00
 1.16948310e+00
 1.17044590e+00
 1.17151653e+00
 1.17268004e+00
 1.17392045e+00
 1.17522071e+00
 1.17656264e+00
 1.17792712e+00
 1.17929444e+00
 1.18064476e+00
 1.18195865e+00
 1.18321760e+00
 1.18440453e+00
 1.18550429e+00
 1.18650426e+00
 1.18739496e+00
 1.18817066e+00
 1.18882976e+00
 1.18937504e+00
 1.18981329e+00
 1.19015476e+00
 1.19041200e+00
 1.19059862e+00
 1.19072787e+00
 1.19081128e+00
 1.19085768e+00
 1.19087253e+00
 1.16102557e+00
 1.16110498e+00
 1.16134176e+00
 1.16173154e+00
 1.16226726e+00
 1.16293945e+00
 1.16373664e+00
 1.16464585e+00
 1.16565297e+00
 1.16674308e+00
 1.16790049e+00
 1.16910882e+00
 1.17035099e+00
 1.17160933e+00
 1.17286578e+00
 1.17410229e+00
 1.17530119e+00
 1.17644566e+00
 1.17752018e+00
 1.17851107e+00
 1.17940701e+00
 1.18019961e+00
 1.18088398e+00
 1.18145910e+00
 1.18192795e+00
 1.18229738e+00
 1.18257753e+00
 1.18278099e+00
 1.18292163e+00
 1.18301334e+00
 1.18306866e+00
 1.18309757e+00
 1.18310648e+00
 1.15535737e+00
 1.15543327e+00
 1.15565925e+00
 1.15603033e+00
 1.15653863e+00
 1.15717394e+00
 1.15792438e+00
 1.15877685e+00
 1.15971739e+00
 1.16073142e+00
 1.16180380e+00
 1.16291897e+00
 1.16406094e+00
 1.16521342e+00
 1.16636001e+00
 1.16748442e+00
 1.16857076e+00
 1.16960398e+00
 1.17057021e+00
 1.17145726e+00
 1.17225507e+00
 1.17295628e+00
 1.17355665e+00
 1.17405545e+00
 1.17445566e+00
 1.17476387e+00
 1.17498991e+00
 1.17514617e+00
 1.17524655e+00
 1.17530537e+00
 1.17533597e+00
 1.17534939e+00
 1.17535300e+00
 1.14971100e+00
 1.14978267e+00
 1.14999577e+00
 1.15034481e+00
 1.15082146e+00
 1.15141530e+00
 1.15211447e+00
 1.15290609e+00
 1.15377656e+00
 1.15471178e+00
 1.15569724e+00
 1.15671819e+00
 1.15775973e+00
 1.15880696e+00
 1.15984508e+00
 1.16085956e+00
 1.16183635e+00
 1.16276218e+00
 1.16362487e+00
 1.16441376e+00
 1.16512008e+00
 1.16573743e+00
 1.16626214e+00
 1.16669366e+00
 1.16703477e+00
 1.16729166e+00
 1.16747369e+00
 1.16759286e+00
 1.16766296e+00
 1.16769832e+00
 1.16771234e+00
 1.16771598e+00
 1.16771636e+00
 1.14416068e+00
 1.14422659e+00
 1.14442261e+00
 1.14474382e+00
 1.14518253e+00
 1.14572892e+00
 1.14637162e+00
 1.14709819e+00
 1.14789541e+00
 1.14874957e+00
 1.14964670e+00
 1.15057282e+00
 1.15151413e+00
 1.15245709e+00
 1.15338851e+00
 1.15429564e+00
 1.15516626e+00
 1.15598892e+00
 1.15675317e+00
 1.15744990e+00
 1.15807167e+00
 1.15861305e+00
 1.15907094e+00
 1.15944492e+00
 1.15973746e+00
 1.15995410e+00
 1.16010340e+00
 1.16019657e+00
 1.16024663e+00
 1.16026726e+00
 1.16027125e+00
 1.16026906e+00
 1.16026754e+00
 1.13875301e+00
 1.13881237e+00
 1.13898908e+00
 1.13927911e+00
 1.13967601e+00
 1.14017119e+00
 1.14075425e+00
 1.14141335e+00
 1.14213564e+00
 1.14290771e+00
 1.14371607e+00
 1.14454751e+00
 1.14538934e+00
 1.14622947e+00
 1.14705636e+00
 1.14785906e+00
 1.14862719e+00
 1.14935110e+00
 1.15002209e+00
 1.15063261e+00
 1.15117660e+00
 1.15164970e+00
 1.15204945e+00
 1.15237555e+00
 1.15263006e+00
 1.15281760e+00
 1.15294549e+00
 1.15302351e+00
 1.15306331e+00
 1.15307728e+00
 1.15307721e+00
 1.15307285e+00
 1.15307065e+00
 1.13352380e+00
 1.13357650e+00
 1.13373363e+00
 1.13399228e+00
 1.13434736e+00
 1.13479156e+00
 1.13531541e+00
 1.13590762e+00
 1.13655562e+00
 1.13724628e+00
 1.13796665e+00
 1.13870441e+00
 1.13944818e+00
 1.14018743e+00
 1.14091241e+00
 1.14161395e+00
 1.14228351e+00
 1.14291320e+00
 1.14349600e+00
 1.14402595e+00
 1.14449840e+00
 1.14491015e+00
 1.14525955e+00
 1.14554653e+00
 1.14577272e+00
 1.14594162e+00
 1.14605883e+00
 1.14613213e+00
 1.14617117e+00
 1.14618656e+00
 1.14618864e+00
 1.14618606e+00
 1.14618453e+00
 1.12850469e+00
 1.12855160e+00
 1.12869158e+00
 1.12892233e+00
 1.12923967e+00
 1.12963712e+00
 1.13010577e+00
 1.13063458e+00
 1.13121113e+00
 1.13182260e+00
 1.13245679e+00
 1.13310264e+00
 1.13375039e+00
 1.13439131e+00
 1.13501748e+00
 1.13562158e+00
 1.13619678e+00
 1.13673687e+00
 1.13723641e+00
 1.13769096e+00
 1.13809728e+00
 1.13845344e+00
 1.13875878e+00
 1.13901375e+00
 1.13921976e+00
 1.13937912e+00
 1.13949533e+00
 1.13957349e+00
 1.13962046e+00
 1.13964443e+00
 1.13965389e+00
 1.13965623e+00
 1.13965643e+00
 1.12373650e+00
 1.12377875e+00
 1.12390491e+00
 1.12411292e+00
 1.12439881e+00
 1.12475617e+00
 1.12517592e+00
 1.12564668e+00
 1.12615587e+00
 1.12669115e+00
 1.12724154e+00
 1.12779778e+00
 1.12835211e+00
 1.12889785e+00
 1.12942896e+00
 1.12993986e+00
 1.13042533e+00
 1.13088065e+00
 1.13130180e+00
 1.13168568e+00
 1.13203041e+00
 1.13233534e+00
 1.13260102e+00
 1.13282881e+00
 1.13302038e+00
 1.13317723e+00
 1.13330069e+00
 1.13339258e+00
 1.13345603e+00
 1.13349586e+00
 1.13351801e+00
 1.13352835e+00
 1.13353125e+00
 1.11926642e+00
 1.11930531e+00
 1.11942130e+00
 1.11961218e+00
 1.11987369e+00
 1.12019868e+00
 1.12057674e+00
 1.12099519e+00
 1.12144107e+00
 1.12190299e+00
 1.12237196e+00
 1.12284120e+00
 1.12330534e+00
 1.12375981e+00
 1.12420040e+00
 1.12462307e+00
 1.12502401e+00
 1.12539976e+00
 1.12574749e+00
 1.12606524e+00
 1.12635223e+00
 1.12660902e+00
 1.12683742e+00
 1.12704014e+00
 1.12721986e+00
 1.12737820e+00
 1.12751493e+00
 1.12762839e+00
 1.12771703e+00
 1.12778106e+00
 1.12782290e+00
 1.12784607e+00
 1.12785345e+00
 1.11514163e+00
 1.11517817e+00
 1.11528750e+00
 1.11546769e+00
 1.11571333e+00
 1.11601465e+00
 1.11635815e+00
 1.11672897e+00
 1.11711420e+00
 1.11750459e+00
 1.11789430e+00
 1.11827956e+00
 1.11865756e+00
 1.11902566e+00
 1.11938124e+00
 1.11972155e+00
 1.12004389e+00
 1.12034585e+00
 1.12062549e+00
 1.12088171e+00
 1.12111457e+00
 1.12132550e+00
 1.12151742e+00
 1.12169451e+00
 1.12186123e+00
 1.12202076e+00
 1.12217299e+00
 1.12231355e+00
 1.12243541e+00
 1.12253215e+00
 1.12260044e+00
 1.12264018e+00
 1.12265309e+00
 1.11139661e+00
 1.11143441e+00
 1.11154592e+00
 1.11172615e+00
 1.11196665e+00
 1.11225325e+00
 1.11256740e+00
 1.11289224e+00
 1.11321694e+00
 1.11353652e+00
 1.11384922e+00
 1.11415445e+00
 1.11445153e+00
 1.11473942e+00
 1.11501663e+00
 1.11528143e+00
 1.11553199e+00
 1.11576662e+00
 1.11598408e+00
 1.11618383e+00
 1.11636640e+00
 1.11653369e+00
 1.11668925e+00
 1.11683835e+00
 1.11698746e+00
 1.11714267e+00
 1.11730672e+00
 1.11747535e+00
 1.11763641e+00
 1.11777480e+00
 1.11787940e+00
 1.11794446e+00
 1.11796662e+00
 1.10810058e+00
 1.10813744e+00
 1.10824956e+00
 1.10843591e+00
 1.10868219e+00
 1.10896106e+00
 1.10924588e+00
 1.10952141e+00
 1.10978329e+00
 1.11003261e+00
 1.11027172e+00
 1.11050238e+00
 1.11072535e+00
 1.11094056e+00
 1.11114730e+00
 1.11134448e+00
 1.11153092e+00
 1.11170547e+00
 1.11186736e+00
 1.11201636e+00
 1.11215317e+00
 1.11227971e+00
 1.11239954e+00
 1.11251819e+00
 1.11264331e+00
 1.11278404e+00
 1.11294847e+00
 1.11313808e+00
 1.11334046e+00
 1.11352827e+00
 1.11367213e+00
 1.11375757e+00
 1.11378521e+00
 1.10520236e+00
 1.10525294e+00
 1.10540324e+00
 1.10563552e+00
 1.10590815e+00
 1.10617832e+00
 1.10642386e+00
 1.10664212e+00
 1.10683879e+00
 1.10702035e+00
 1.10719155e+00
 1.10735519e+00
 1.10751259e+00
 1.10766407e+00
 1.10780934e+00
 1.10794776e+00
 1.10807857e+00
 1.10820104e+00
 1.10831467e+00
 1.10841941e+00
 1.10851588e+00
 1.10860571e+00
 1.10869189e+00
 1.10877931e+00
 1.10887530e+00
 1.10899016e+00
 1.10913676e+00
 1.10932700e+00
 1.10956219e+00
 1.10981872e+00
 1.11004643e+00
 1.11019572e+00
 1.11024592e+00
 1.10279410e+00
 1.10288371e+00
 1.10311719e+00
 1.10341259e+00
 1.10369407e+00
 1.10392781e+00
 1.10411513e+00
 1.10426920e+00
 1.10440218e+00
 1.10452220e+00
 1.10463408e+00
 1.10474038e+00
 1.10484230e+00
 1.10494022e+00
 1.10503403e+00
 1.10512336e+00
 1.10520777e+00
 1.10528678e+00
 1.10536011e+00
 1.10542777e+00
 1.10549020e+00
 1.10554857e+00
 1.10560502e+00
 1.10566315e+00
 1.10572866e+00
 1.10581038e+00
 1.10592154e+00
 1.10608039e+00
 1.10630633e+00
 1.10660353e+00
 1.10693194e+00
 1.10719847e+00
 1.10730191e+00
 1.10120819e+00
 1.10130943e+00
 1.10155435e+00
 1.10182382e+00
 1.10204269e+00
 1.10220214e+00
 1.10231934e+00
 1.10241111e+00
 1.10248830e+00
 1.10255710e+00
 1.10262083e+00
 1.10268120e+00
 1.10273898e+00
 1.10279444e+00
 1.10284754e+00
 1.10289811e+00
 1.10294587e+00
 1.10299059e+00
 1.10303210e+00
 1.10307040e+00
 1.10310579e+00
 1.10313894e+00
 1.10317113e+00
 1.10320454e+00
 1.10324269e+00
 1.10329136e+00
 1.10335998e+00
 1.10346385e+00
 1.10362562e+00
 1.10386812e+00
 1.10418151e+00
 1.10447299e+00
 1.10459452e+00
 1.10038928e+00
 1.10046695e+00
 1.10063287e+00
 1.10078862e+00
 1.10090173e+00
 1.10097887e+00
 1.10103341e+00
 1.10107523e+00
 1.10111004e+00
 1.10114089e+00
 1.10116941e+00
 1.10119639e+00
 1.10122219e+00
 1.10124696e+00
 1.10127065e+00
 1.10129322e+00
 1.10131454e+00
 1.10133450e+00
 1.10135303e+00
 1.10137013e+00
 1.10138593e+00
 1.10140075e+00
 1.10141516e+00
 1.10143015e+00
 1.10144737e+00
 1.10146953e+00
 1.10150123e+00
 1.10155038e+00
 1.10163003e+00
 1.10175751e+00
 1.10194161e+00
 1.10214227e+00
 1.10223702e+00
 1.10007182e+00
 1.10010218e+00
 1.10015355e+00
 1.10019588e+00
 1.10022535e+00
 1.10024506e+00
 1.10025887e+00
 1.10026941e+00
 1.10027816e+00
 1.10028589e+00
 1.10029305e+00
 1.10029983e+00
 1.10030629e+00
 1.10031250e+00
 1.10031842e+00
 1.10032408e+00
 1.10032942e+00
 1.10033443e+00
 1.10033907e+00
 1.10034336e+00
 1.10034732e+00
 1.10035104e+00
 1.10035465e+00
 1.10035841e+00
 1.10036274e+00
 1.10036832e+00
 1.10037632e+00
 1.10038882e+00
 1.10040925e+00
 1.10044261e+00
 1.10049286e+00
 1.10055536e+00
 1.10059268e+00
 1.10000000e+00
 1.09999999e+00
 1.10000000e+00
 1.10000000e+00
 1.09999998e+00
 1.09999998e+00
 1.09999998e+00
 1.10000000e+00
 1.10000000e+00
 1.09999999e+00
 1.10000000e+00
 1.10000002e+00
 1.10000000e+00
 1.10000002e+00
 1.09999999e+00
 1.09999999e+00
 1.09999999e+00
 1.10000000e+00
 1.10000000e+00
 1.10000000e+00
 1.10000000e+00
 1.10000000e+00
 1.10000000e+00
 1.10000000e+00
 1.10000000e+00
 1.10000000e+00
 1.10000000e+00
 1.10000000e+00
 1.10000000e+00
 1.10000000e+00
 1.10000000e+00
 1.10000000e+00
 1.10000000e+00
