 1.25904000e+00
 1.25914875e+00
 1.25947402e+00
 1.26001282e+00
 1.26076039e+00
 1.26171049e+00
 1.26285547e+00
 1.26418513e+00
 1.26568774e+00
 1.26735055e+00
 1.26915946e+00
 1.27110418e+00
 1.27316584e+00
 1.27531980e+00
 1.27752880e+00
 1.27975777e+00
 1.28198174e+00
 1.28417236e+00
 1.28628857e+00
 1.28829327e+00
 1.29015789e+00
 1.29186562e+00
 1.29340285e+00
 1.29475976e+00
 1.29593323e+00
 1.29692104e+00
 1.29773014e+00
 1.29837300e+00
 1.29886499e+00
 1.29922456e+00
 1.29946827e+00
 1.29960902e+00
 1.29965500e+00
 1.25835242e+00
 1.25850541e+00
 1.25890524e+00
 1.25950488e+00
 1.26029382e+00
 1.26127012e+00
 1.26243159e+00
 1.26377184e+00
 1.26528131e+00
 1.26694836e+00
 1.26875967e+00
 1.27070473e+00
 1.27276505e+00
 1.27491605e+00
 1.27712134e+00
 1.27934633e+00
 1.28156577e+00
 1.28375118e+00
 1.28586242e+00
 1.28786302e+00
 1.28972498e+00
 1.29143169e+00
 1.29297018e+00
 1.29433162e+00
 1.29551396e+00
 1.29651736e+00
 1.29735185e+00
 1.29803530e+00
 1.29859226e+00
 1.29905404e+00
 1.29944709e+00
 1.29976975e+00
 1.29992318e+00
 1.25644468e+00
 1.25666633e+00
 1.25723196e+00
 1.25799421e+00
 1.25890021e+00
 1.25995261e+00
 1.26116259e+00
 1.26253419e+00
 1.26406401e+00
 1.26574368e+00
 1.26756197e+00
 1.26950807e+00
 1.27156442e+00
 1.27370683e+00
 1.27590121e+00
 1.27811435e+00
 1.28032029e+00
 1.28249040e+00
 1.28458704e+00
 1.28657557e+00
 1.28842968e+00
 1.29013348e+00
 1.29167588e+00
 1.29305094e+00
 1.29425999e+00
 1.29530989e+00
 1.29621977e+00
 1.29702278e+00
 1.29776868e+00
 1.29852017e+00
 1.29931320e+00
 1.30004171e+00
 1.30036303e+00
 1.25370882e+00
 1.25396403e+00
 1.25464230e+00
 1.25556534e+00
 1.25661704e+00
 1.25777658e+00
 1.25905977e+00
 1.26048050e+00
 1.26204276e+00
 1.26374272e+00
 1.26557192e+00
 1.26751973e+00
 1.26956966e+00
 1.27169853e+00
 1.27387535e+00
 1.27606891e+00
 1.27825273e+00
 1.28039837e+00
 1.28247157e+00
 1.28444072e+00
 1.28628206e+00
 1.28798130e+00
 1.28953038e+00
 1.29092782e+00
 1.29218064e+00
 1.29330529e+00
 1.29433373e+00
 1.29531784e+00
 1.29633106e+00
 1.29744599e+00
 1.29863919e+00
 1.29964864e+00
 1.30005434e+00
 1.25056497e+00
 1.25080183e+00
 1.25145901e+00
 1.25241187e+00
 1.25354218e+00
 1.25479141e+00
 1.25615120e+00
 1.25762953e+00
 1.25923202e+00
 1.26095774e+00
 1.26280047e+00
 1.26475012e+00
 1.26679132e+00
 1.26890242e+00
 1.27105570e+00
 1.27322237e+00
 1.27537602e+00
 1.27748910e+00
 1.27953113e+00
 1.28147435e+00
 1.28329826e+00
 1.28499119e+00
 1.28654900e+00
 1.28797568e+00
 1.28928507e+00
 1.29050293e+00
 1.29167067e+00
 1.29284532e+00
 1.29408597e+00
 1.29540523e+00
 1.29668547e+00
 1.29765542e+00
 1.29802105e+00
 1.24714200e+00
 1.24731981e+00
 1.24784909e+00
 1.24869821e+00
 1.24979782e+00
 1.25107500e+00
 1.25248590e+00
 1.25401460e+00
 1.25565689e+00
 1.25740939e+00
 1.25926583e+00
 1.26121629e+00
 1.26324619e+00
 1.26533564e+00
 1.26745997e+00
 1.26959296e+00
 1.27170912e+00
 1.27378256e+00
 1.27578666e+00
 1.27769790e+00
 1.27949958e+00
 1.28118340e+00
 1.28274955e+00
 1.28420724e+00
 1.28557585e+00
 1.28688535e+00
 1.28817401e+00
 1.28947653e+00
 1.29079408e+00
 1.29205206e+00
 1.29309526e+00
 1.29376691e+00
 1.29399400e+00
 1.24302016e+00
 1.24317488e+00
 1.24363908e+00
 1.24440500e+00
 1.24544224e+00
 1.24669927e+00
 1.24812450e+00
 1.24968271e+00
 1.25135455e+00
 1.25312865e+00
 1.25499536e+00
 1.25694349e+00
 1.25895863e+00
 1.26102234e+00
 1.26311257e+00
 1.26520556e+00
 1.26727756e+00
 1.26930493e+00
 1.27126484e+00
 1.27313803e+00
 1.27491169e+00
 1.27658114e+00
 1.27815032e+00
 1.27963200e+00
 1.28104712e+00
 1.28242158e+00
 1.28377715e+00
 1.28511325e+00
 1.28638411e+00
 1.28749495e+00
 1.28834028e+00
 1.28885640e+00
 1.28902815e+00
 1.23814670e+00
 1.23829868e+00
 1.23874948e+00
 1.23948501e+00
 1.24048264e+00
 1.24170911e+00
 1.24312370e+00
 1.24468793e+00
 1.24637254e+00
 1.24815718e+00
 1.25002651e+00
 1.25196645e+00
 1.25396177e+00
 1.25599482e+00
 1.25804553e+00
 1.26009244e+00
 1.26211394e+00
 1.26408899e+00
 1.26599831e+00
 1.26782653e+00
 1.26956440e+00
 1.27121026e+00
 1.27277039e+00
 1.27425819e+00
 1.27569146e+00
 1.27708595e+00
 1.27844434e+00
 1.27974341e+00
 1.28092986e+00
 1.28193485e+00
 1.28269742e+00
 1.28317413e+00
 1.28333660e+00
 1.23269667e+00
 1.23284129e+00
 1.23327229e+00
 1.23397984e+00
 1.23494528e+00
 1.23614109e+00
 1.23753313e+00
 1.23908534e+00
 1.24076505e+00
 1.24254579e+00
 1.24440659e+00
 1.24632967e+00
 1.24829808e+00
 1.25029422e+00
 1.25229932e+00
 1.25429387e+00
 1.25625842e+00
 1.25817456e+00
 1.26002612e+00
 1.26180092e+00
 1.26349247e+00
 1.26510089e+00
 1.26663281e+00
 1.26809948e+00
 1.26951262e+00
 1.27087741e+00
 1.27218427e+00
 1.27340382e+00
 1.27449048e+00
 1.27539366e+00
 1.27606902e+00
 1.27648520e+00
 1.27662554e+00
 1.22668320e+00
 1.22682443e+00
 1.22724451e+00
 1.22793287e+00
 1.22887225e+00
 1.23003872e+00
 1.23140254e+00
 1.23293065e+00
 1.23459037e+00
 1.23635231e+00
 1.23819155e+00
 1.24008691e+00
 1.24201940e+00
 1.24397086e+00
 1.24592324e+00
 1.24785851e+00
 1.24975917e+00
 1.25160909e+00
 1.25339458e+00
 1.25510575e+00
 1.25673766e+00
 1.25829079e+00
 1.25977029e+00
 1.26118357e+00
 1.26253614e+00
 1.26382608e+00
 1.26503964e+00
 1.26615055e+00
 1.26712439e+00
 1.26792533e+00
 1.26852199e+00
 1.26889029e+00
 1.26901486e+00
 1.22018921e+00
 1.22032649e+00
 1.22073502e+00
 1.22140485e+00
 1.22231945e+00
 1.22345627e+00
 1.22478779e+00
 1.22628318e+00
 1.22791071e+00
 1.22964018e+00
 1.23144451e+00
 1.23330011e+00
 1.23518619e+00
 1.23708386e+00
 1.23897533e+00
 1.24084360e+00
 1.24267272e+00
 1.24444830e+00
 1.24615835e+00
 1.24779428e+00
 1.24935148e+00
 1.25082946e+00
 1.25223074e+00
 1.25355863e+00
 1.25481392e+00
 1.25599156e+00
 1.25707890e+00
 1.25805642e+00
 1.25890077e+00
 1.25958816e+00
 1.26009703e+00
 1.26040999e+00
 1.26051564e+00
 1.21328172e+00
 1.21341533e+00
 1.21381278e+00
 1.21446405e+00
 1.21535300e+00
 1.21645797e+00
 1.21775277e+00
 1.21920808e+00
 1.22079320e+00
 1.22247804e+00
 1.22423468e+00
 1.22603818e+00
 1.22786660e+00
 1.22970040e+00
 1.23152187e+00
 1.23331471e+00
 1.23506404e+00
 1.23675662e+00
 1.23838142e+00
 1.23993014e+00
 1.24139758e+00
 1.24278134e+00
 1.24408094e+00
 1.24529608e+00
 1.24642465e+00
 1.24746121e+00
 1.24839657e+00
 1.24921870e+00
 1.24991441e+00
 1.25047090e+00
 1.25087704e+00
 1.25112428e+00
 1.25120730e+00
 1.20604055e+00
 1.20617000e+00
 1.20655500e+00
 1.20718572e+00
 1.20804633e+00
 1.20911578e+00
 1.21036874e+00
 1.21177687e+00
 1.21331036e+00
 1.21493958e+00
 1.21663656e+00
 1.21837593e+00
 1.22013522e+00
 1.22189463e+00
 1.22363655e+00
 1.22534517e+00
 1.22700628e+00
 1.22860729e+00
 1.23013747e+00
 1.23158817e+00
 1.23295289e+00
 1.23422700e+00
 1.23540709e+00
 1.23649007e+00
 1.23747231e+00
 1.23834937e+00
 1.23911641e+00
 1.23976905e+00
 1.24030414e+00
 1.24072006e+00
 1.24101652e+00
 1.24119399e+00
 1.24125306e+00
 1.19854614e+00
 1.19867074e+00
 1.19904139e+00
 1.19964871e+00
 1.20047745e+00
 1.20150705e+00
 1.20271270e+00
 1.20406665e+00
 1.20553979e+00
 1.20710315e+00
 1.20872924e+00
 1.21039294e+00
 1.21207190e+00
 1.21374646e+00
 1.21539931e+00
 1.21701504e+00
 1.21857992e+00
 1.22008166e+00
 1.22150941e+00
 1.22285380e+00
 1.22410683e+00
 1.22526168e+00
 1.22631249e+00
 1.22725409e+00
 1.22808220e+00
 1.22879399e+00
 1.22938900e+00
 1.22986998e+00
 1.23024317e+00
 1.23051765e+00
 1.23070379e+00
 1.23081106e+00
 1.23084603e+00
 1.19087252e+00
 1.19099228e+00
 1.19134843e+00
 1.19193161e+00
 1.19272659e+00
 1.19371294e+00
 1.19486614e+00
 1.19615902e+00
 1.19756328e+00
 1.19905092e+00
 1.20059540e+00
 1.20217244e+00
 1.20376037e+00
 1.20534011e+00
 1.20689487e+00
 1.20840975e+00
 1.20987141e+00
 1.21126773e+00
 1.21258765e+00
 1.21382103e+00
 1.21495854e+00
 1.21599159e+00
 1.21691245e+00
 1.21771464e+00
 1.21839377e+00
 1.21894872e+00
 1.21938288e+00
 1.21970503e+00
 1.21992927e+00
 1.22007373e+00
 1.22015810e+00
 1.22020024e+00
 1.22021278e+00
 1.18310648e+00
 1.18322150e+00
 1.18356317e+00
 1.18412152e+00
 1.18488066e+00
 1.18581985e+00
 1.18691478e+00
 1.18813903e+00
 1.18946548e+00
 1.19086748e+00
 1.19231994e+00
 1.19379989e+00
 1.19528680e+00
 1.19676255e+00
 1.19821114e+00
 1.19961834e+00
 1.20097127e+00
 1.20225806e+00
 1.20346758e+00
 1.20458921e+00
 1.20561273e+00
 1.20652843e+00
 1.20732749e+00
 1.20800282e+00
 1.20855031e+00
 1.20897046e+00
 1.20926976e+00
 1.20946160e+00
 1.20956593e+00
 1.20960751e+00
 1.20961268e+00
 1.20960488e+00
 1.20960035e+00
 1.17535300e+00
 1.17546245e+00
 1.17578712e+00
 1.17631640e+00
 1.17703384e+00
 1.17791860e+00
 1.17894685e+00
 1.18009319e+00
 1.18133190e+00
 1.18263807e+00
 1.18398832e+00
 1.18536137e+00
 1.18673818e+00
 1.18810187e+00
 1.18943748e+00
 1.19073159e+00
 1.19197200e+00
 1.19314730e+00
 1.19424660e+00
 1.19525930e+00
 1.19617496e+00
 1.19698355e+00
 1.19767596e+00
 1.19824513e+00
 1.19868754e+00
 1.19900504e+00
 1.19920628e+00
 1.19930748e+00
 1.19933176e+00
 1.19930702e+00
 1.19926233e+00
 1.19922347e+00
 1.19920837e+00
 1.16771634e+00
 1.16781809e+00
 1.16811989e+00
 1.16861165e+00
 1.16927754e+00
 1.17009737e+00
 1.17104819e+00
 1.17210584e+00
 1.17324622e+00
 1.17444627e+00
 1.17568463e+00
 1.17694190e+00
 1.17820074e+00
 1.17944570e+00
 1.18066301e+00
 1.18184026e+00
 1.18296608e+00
 1.18402982e+00
 1.18502129e+00
 1.18593047e+00
 1.18674749e+00
 1.18746280e+00
 1.18806780e+00
 1.18855597e+00
 1.18892449e+00
 1.18917596e+00
 1.18931996e+00
 1.18937356e+00
 1.18936050e+00
 1.18930875e+00
 1.18924666e+00
 1.18919851e+00
 1.18918056e+00
 1.16026754e+00
 1.16036033e+00
 1.16063543e+00
 1.16108338e+00
 1.16168936e+00
 1.16243450e+00
 1.16329742e+00
 1.16425580e+00
 1.16528760e+00
 1.16637202e+00
 1.16748991e+00
 1.16862395e+00
 1.16975858e+00
 1.17087988e+00
 1.17197530e+00
 1.17303355e+00
 1.17404428e+00
 1.17499790e+00
 1.17588529e+00
 1.17669766e+00
 1.17742641e+00
 1.17806328e+00
 1.17860089e+00
 1.17903365e+00
 1.17935923e+00
 1.17958017e+00
 1.17970526e+00
 1.17975005e+00
 1.17973594e+00
 1.17968792e+00
 1.17963115e+00
 1.17958727e+00
 1.17957091e+00
 1.15307064e+00
 1.15315341e+00
 1.15339868e+00
 1.15379770e+00
 1.15433687e+00
 1.15499902e+00
 1.15576496e+00
 1.15661484e+00
 1.15752931e+00
 1.15849022e+00
 1.15948096e+00
 1.16048637e+00
 1.16149269e+00
 1.16248744e+00
 1.16345931e+00
 1.16439810e+00
 1.16529462e+00
 1.16614052e+00
 1.16692814e+00
 1.16765037e+00
 1.16830054e+00
 1.16887241e+00
 1.16936041e+00
 1.16976022e+00
 1.17006982e+00
 1.17029078e+00
 1.17042951e+00
 1.17049790e+00
 1.17051277e+00
 1.17049418e+00
 1.17046261e+00
 1.17043571e+00
 1.17042535e+00
 1.14618453e+00
 1.14625620e+00
 1.14646854e+00
 1.14681380e+00
 1.14727999e+00
 1.14785211e+00
 1.14851361e+00
 1.14924769e+00
 1.15003825e+00
 1.15087026e+00
 1.15172980e+00
 1.15260388e+00
 1.15348040e+00
 1.15434812e+00
 1.15519684e+00
 1.15601742e+00
 1.15680180e+00
 1.15754300e+00
 1.15823502e+00
 1.15887278e+00
 1.15945198e+00
 1.15996895e+00
 1.16042058e+00
 1.16080426e+00
 1.16111829e+00
 1.16136269e+00
 1.16154027e+00
 1.16165761e+00
 1.16172512e+00
 1.16175611e+00
 1.16176482e+00
 1.16176404e+00
 1.16176271e+00
 1.13965641e+00
 1.13971633e+00
 1.13989375e+00
 1.14018196e+00
 1.14057070e+00
 1.14104749e+00
 1.14159904e+00
 1.14221237e+00
 1.14287527e+00
 1.14357616e+00
 1.14430381e+00
 1.14504714e+00
 1.14579534e+00
 1.14653817e+00
 1.14726632e+00
 1.14797159e+00
 1.14864703e+00
 1.14928700e+00
 1.14988720e+00
 1.15044465e+00
 1.15095763e+00
 1.15142547e+00
 1.15184804e+00
 1.15222515e+00
 1.15255590e+00
 1.15283874e+00
 1.15307219e+00
 1.15325628e+00
 1.15339361e+00
 1.15348947e+00
 1.15355077e+00
 1.15358428e+00
 1.15359487e+00
 1.13353125e+00
 1.13357892e+00
 1.13371981e+00
 1.13394810e+00
 1.13425549e+00
 1.13463268e+00
 1.13507058e+00
 1.13556091e+00
 1.13609586e+00
 1.13666732e+00
 1.13726632e+00
 1.13788309e+00
 1.13850762e+00
 1.13913035e+00
 1.13974265e+00
 1.14033717e+00
 1.14090799e+00
 1.14145070e+00
 1.14196253e+00
 1.14244245e+00
 1.14289124e+00
 1.14331124e+00
 1.14370579e+00
 1.14407795e+00
 1.14442879e+00
 1.14475602e+00
 1.14505384e+00
 1.14531473e+00
 1.14553205e+00
 1.14570177e+00
 1.14582248e+00
 1.14589437e+00
 1.14591820e+00
 1.12785344e+00
 1.12788770e+00
 1.12798900e+00
 1.12815328e+00
 1.12837503e+00
 1.12864907e+00
 1.12897167e+00
 1.12934014e+00
 1.12975122e+00
 1.13019957e+00
 1.13067745e+00
 1.13117552e+00
 1.13168405e+00
 1.13219388e+00
 1.13269703e+00
 1.13318695e+00
 1.13365864e+00
 1.13410876e+00
 1.13453579e+00
 1.13494025e+00
 1.13532492e+00
 1.13569485e+00
 1.13605683e+00
 1.13641800e+00
 1.13678313e+00
 1.13715138e+00
 1.13751401e+00
 1.13785535e+00
 1.13815725e+00
 1.13840430e+00
 1.13858639e+00
 1.13869782e+00
 1.13873536e+00
 1.12265309e+00
 1.12267354e+00
 1.12273356e+00
 1.12283046e+00
 1.12296275e+00
 1.12313157e+00
 1.12334048e+00
 1.12359314e+00
 1.12388997e+00
 1.12422664e+00
 1.12459507e+00
 1.12498548e+00
 1.12538812e+00
 1.12579426e+00
 1.12619662e+00
 1.12658949e+00
 1.12696876e+00
 1.12733194e+00
 1.12767841e+00
 1.12800969e+00
 1.12832980e+00
 1.12864564e+00
 1.12896685e+00
 1.12930474e+00
 1.12966956e+00
 1.13006556e+00
 1.13048531e+00
 1.13090700e+00
 1.13129895e+00
 1.13162965e+00
 1.13187587e+00
 1.13202548e+00
 1.13207532e+00
 1.11796662e+00
 1.11797033e+00
 1.11798260e+00
 1.11800606e+00
 1.11804522e+00
 1.11810948e+00
 1.11821177e+00
 1.11836160e+00
 1.11856018e+00
 1.11880133e+00
 1.11907516e+00
 1.11937111e+00
 1.11967960e+00
 1.11999264e+00
 1.12030387e+00
 1.12060850e+00
 1.12090325e+00
 1.12118633e+00
 1.12145764e+00
 1.12171912e+00
 1.12197522e+00
 1.12223348e+00
 1.12250497e+00
 1.12280411e+00
 1.12314693e+00
 1.12354646e+00
 1.12400411e+00
 1.12449983e+00
 1.12499012e+00
 1.12542243e+00
 1.12575582e+00
 1.12596593e+00
 1.12603791e+00
 1.11378521e+00
 1.11377677e+00
 1.11374876e+00
 1.11370000e+00
 1.11364404e+00
 1.11360899e+00
 1.11362057e+00
 1.11368923e+00
 1.11381123e+00
 1.11397592e+00
 1.11417136e+00
 1.11438687e+00
 1.11461373e+00
 1.11484509e+00
 1.11507578e+00
 1.11530202e+00
 1.11552129e+00
 1.11573234e+00
 1.11593534e+00
 1.11613215e+00
 1.11632689e+00
 1.11652659e+00
 1.11674199e+00
 1.11698828e+00
 1.11728510e+00
 1.11765448e+00
 1.11811374e+00
 1.11866031e+00
 1.11925228e+00
 1.11980641e+00
 1.12023466e+00
 1.12049154e+00
 1.12057525e+00
 1.11024592e+00
 1.11020918e+00
 1.11010013e+00
 1.10993906e+00
 1.10977492e+00
 1.10965698e+00
 1.10960771e+00
 1.10962445e+00
 1.10969368e+00
 1.10980078e+00
 1.10993347e+00
 1.11008229e+00
 1.11024012e+00
 1.11040170e+00
 1.11056314e+00
 1.11072166e+00
 1.11087549e+00
 1.11102377e+00
 1.11116672e+00
 1.11130588e+00
 1.11144453e+00
 1.11158835e+00
 1.11174626e+00
 1.11193162e+00
 1.11216357e+00
 1.11246814e+00
 1.11287694e+00
 1.11341781e+00
 1.11408860e+00
 1.11481888e+00
 1.11546620e+00
 1.11589091e+00
 1.11603395e+00
 1.10730191e+00
 1.10720715e+00
 1.10696656e+00
 1.10668112e+00
 1.10644348e+00
 1.10629313e+00
 1.10622516e+00
 1.10621930e+00
 1.10625628e+00
 1.10632170e+00
 1.10640548e+00
 1.10650053e+00
 1.10660185e+00
 1.10670581e+00
 1.10680980e+00
 1.10691200e+00
 1.10701123e+00
 1.10710698e+00
 1.10719941e+00
 1.10728960e+00
 1.10737983e+00
 1.10747406e+00
 1.10757864e+00
 1.10770339e+00
 1.10786328e+00
 1.10808105e+00
 1.10839057e+00
 1.10883863e+00
 1.10947462e+00
 1.11030628e+00
 1.11122067e+00
 1.11196053e+00
 1.11224727e+00
 1.10459453e+00
 1.10447790e+00
 1.10420110e+00
 1.10391201e+00
 1.10370321e+00
 1.10358420e+00
 1.10353174e+00
 1.10352269e+00
 1.10354117e+00
 1.10357707e+00
 1.10362395e+00
 1.10367746e+00
 1.10373465e+00
 1.10379340e+00
 1.10385221e+00
 1.10391002e+00
 1.10396617e+00
 1.10402037e+00
 1.10407274e+00
 1.10412389e+00
 1.10417517e+00
 1.10422891e+00
 1.10428887e+00
 1.10436097e+00
 1.10445455e+00
 1.10458454e+00
 1.10477542e+00
 1.10506731e+00
 1.10552007e+00
 1.10619408e+00
 1.10706065e+00
 1.10786429e+00
 1.10819898e+00
 1.10223703e+00
 1.10214447e+00
 1.10195036e+00
 1.10177709e+00
 1.10166465e+00
 1.10160409e+00
 1.10157787e+00
 1.10157276e+00
 1.10158057e+00
 1.10159639e+00
 1.10161722e+00
 1.10164105e+00
 1.10166654e+00
 1.10169276e+00
 1.10171900e+00
 1.10174480e+00
 1.10176985e+00
 1.10179405e+00
 1.10181743e+00
 1.10184028e+00
 1.10186320e+00
 1.10188726e+00
 1.10191415e+00
 1.10194659e+00
 1.10198890e+00
 1.10204814e+00
 1.10213628e+00
 1.10227421e+00
 1.10249666e+00
 1.10285018e+00
 1.10335802e+00
 1.10390983e+00
 1.10417008e+00
 1.10059268e+00
 1.10055591e+00
 1.10049506e+00
 1.10044752e+00
 1.10041794e+00
 1.10040228e+00
 1.10039553e+00
 1.10039419e+00
 1.10039612e+00
 1.10040006e+00
 1.10040529e+00
 1.10041125e+00
 1.10041763e+00
 1.10042421e+00
 1.10043080e+00
 1.10043725e+00
 1.10044353e+00
 1.10044959e+00
 1.10045546e+00
 1.10046118e+00
 1.10046693e+00
 1.10047296e+00
 1.10047971e+00
 1.10048786e+00
 1.10049849e+00
 1.10051341e+00
 1.10053567e+00
 1.10057073e+00
 1.10062776e+00
 1.10072020e+00
 1.10085875e+00
 1.10103048e+00
 1.10113284e+00
 1.10000000e+00
 1.09999999e+00
 1.10000000e+00
 1.10000000e+00
 1.10000001e+00
 1.10000000e+00
 1.10000000e+00
 1.10000000e+00
 1.10000001e+00
 1.09999999e+00
 1.10000000e+00
 1.09999999e+00
 1.09999998e+00
 1.10000000e+00
 1.10000001e+00
 1.10000000e+00
 1.10000000e+00
 1.10000000e+00
 1.10000001e+00
 1.10000000e+00
 1.10000000e+00
 1.10000000e+00
 1.10000000e+00
 1.10000000e+00
 1.10000000e+00
 1.10000000e+00
 1.10000000e+00
 1.10000000e+00
 1.10000000e+00
 1.10000000e+00
 1.10000000e+00
 1.10000000e+00
 1.10000000e+00
