 1.45115000e+00
 1.45070777e+00
 1.44938305e+00
 1.44718163e+00
 1.44411313e+00
 1.44019091e+00
 1.43543238e+00
 1.42986375e+00
 1.42351770e+00
 1.41643010e+00
 1.40864641e+00
 1.40021532e+00
 1.39120184e+00
 1.38167434e+00
 1.37171986e+00
 1.36144852e+00
 1.35098833e+00
 1.34047512e+00
 1.33004110e+00
 1.31982278e+00
 1.30994588e+00
 1.30053179e+00
 1.29168791e+00
 1.28351864e+00
 1.27610022e+00
 1.26948955e+00
 1.26372449e+00
 1.25883049e+00
 1.25482156e+00
 1.25170188e+00
 1.24947309e+00
 1.24813577e+00
 1.24769000e+00
 1.45112375e+00
 1.45070047e+00
 1.44940791e+00
 1.44723304e+00
 1.44418305e+00
 1.44027320e+00
 1.43552347e+00
 1.42996141e+00
 1.42362040e+00
 1.41653711e+00
 1.40875707e+00
 1.40032969e+00
 1.39131967e+00
 1.38179609e+00
 1.37184614e+00
 1.36157958e+00
 1.35112378e+00
 1.34061384e+00
 1.33018188e+00
 1.31996347e+00
 1.31008404e+00
 1.30066386e+00
 1.29180970e+00
 1.28362329e+00
 1.27617890e+00
 1.26952985e+00
 1.26370864e+00
 1.25873071e+00
 1.25459350e+00
 1.25127759e+00
 1.24876675e+00
 1.24708895e+00
 1.24644288e+00
 1.45110720e+00
 1.45071359e+00
 1.44949281e+00
 1.44738917e+00
 1.44439181e+00
 1.44051811e+00
 1.43579428e+00
 1.43025169e+00
 1.42392583e+00
 1.41685545e+00
 1.40908648e+00
 1.40067012e+00
 1.39167057e+00
 1.38215863e+00
 1.37222197e+00
 1.36196933e+00
 1.35152625e+00
 1.34102577e+00
 1.33059950e+00
 1.32038052e+00
 1.31049308e+00
 1.30105444e+00
 1.29216887e+00
 1.28393101e+00
 1.27640881e+00
 1.26964542e+00
 1.26365743e+00
 1.25843225e+00
 1.25392149e+00
 1.25004852e+00
 1.24678066e+00
 1.24434062e+00
 1.24337998e+00
 1.45125580e+00
 1.45087721e+00
 1.44970657e+00
 1.44767495e+00
 1.44474455e+00
 1.44092298e+00
 1.43623891e+00
 1.43072737e+00
 1.42442642e+00
 1.41737731e+00
 1.40962701e+00
 1.40122880e+00
 1.39224680e+00
 1.38275391e+00
 1.37283842e+00
 1.36260763e+00
 1.35218427e+00
 1.34169847e+00
 1.33128033e+00
 1.32105944e+00
 1.31115758e+00
 1.30168754e+00
 1.29274872e+00
 1.28442569e+00
 1.27677613e+00
 1.26982826e+00
 1.26357642e+00
 1.25797405e+00
 1.25293014e+00
 1.24835109e+00
 1.24431607e+00
 1.24133892e+00
 1.24021617e+00
 1.45172979e+00
 1.45134449e+00
 1.45016814e+00
 1.44815453e+00
 1.44526492e+00
 1.44149104e+00
 1.43685155e+00
 1.43137868e+00
 1.42511080e+00
 1.41809063e+00
 1.41036638e+00
 1.40199314e+00
 1.39303561e+00
 1.38356855e+00
 1.37368086e+00
 1.36347813e+00
 1.35307973e+00
 1.34261224e+00
 1.33220315e+00
 1.32197792e+00
 1.31205446e+00
 1.30254001e+00
 1.29352700e+00
 1.28508886e+00
 1.27727140e+00
 1.27008854e+00
 1.26351913e+00
 1.25750836e+00
 1.25199318e+00
 1.24699276e+00
 1.24276293e+00
 1.23983731e+00
 1.23878130e+00
 1.45255886e+00
 1.45214989e+00
 1.45092346e+00
 1.44887280e+00
 1.44597995e+00
 1.44223058e+00
 1.43762838e+00
 1.43219530e+00
 1.42596528e+00
 1.41898009e+00
 1.41128838e+00
 1.40294637e+00
 1.39401962e+00
 1.38458425e+00
 1.37472950e+00
 1.36455912e+00
 1.35418897e+00
 1.34374169e+00
 1.33334118e+00
 1.32310836e+00
 1.31315632e+00
 1.30358615e+00
 1.29448264e+00
 1.28590945e+00
 1.27790366e+00
 1.27047443e+00
 1.26360897e+00
 1.25729567e+00
 1.25158047e+00
 1.24664554e+00
 1.24281799e+00
 1.24042134e+00
 1.23961375e+00
 1.45353317e+00
 1.45311612e+00
 1.45186720e+00
 1.44978987e+00
 1.44688275e+00
 1.44314061e+00
 1.43856386e+00
 1.43316611e+00
 1.42697472e+00
 1.42002810e+00
 1.41237379e+00
 1.40406821e+00
 1.39517744e+00
 1.38577839e+00
 1.37596019e+00
 1.36582468e+00
 1.35548429e+00
 1.34505761e+00
 1.33466442e+00
 1.32442097e+00
 1.31443528e+00
 1.30480270e+00
 1.29560182e+00
 1.28689084e+00
 1.27870625e+00
 1.27106813e+00
 1.26399743e+00
 1.25755057e+00
 1.25186232e+00
 1.24715359e+00
 1.24365995e+00
 1.24153238e+00
 1.24082112e+00
 1.45459150e+00
 1.45417537e+00
 1.45292703e+00
 1.45084735e+00
 1.44793827e+00
 1.44420234e+00
 1.43964447e+00
 1.43427674e+00
 1.42812212e+00
 1.42121514e+00
 1.41360111e+00
 1.40533561e+00
 1.39648459e+00
 1.38712503e+00
 1.37734551e+00
 1.36724594e+00
 1.35693553e+00
 1.34652898e+00
 1.33614197e+00
 1.32588641e+00
 1.31586597e+00
 1.30617194e+00
 1.29688012e+00
 1.28804961e+00
 1.27972598e+00
 1.27195207e+00
 1.26478828e+00
 1.25833627e+00
 1.25274696e+00
 1.24819361e+00
 1.24482783e+00
 1.24276002e+00
 1.24206193e+00
 1.45576296e+00
 1.45534627e+00
 1.45409723e+00
 1.45201850e+00
 1.44911369e+00
 1.44538767e+00
 1.44084800e+00
 1.43550753e+00
 1.42938752e+00
 1.42251974e+00
 1.41494709e+00
 1.40672360e+00
 1.39791447e+00
 1.38859611e+00
 1.37885610e+00
 1.36879246e+00
 1.35851153e+00
 1.34812459e+00
 1.33774373e+00
 1.32747746e+00
 1.31742666e+00
 1.30768129e+00
 1.29831870e+00
 1.28940493e+00
 1.28100077e+00
 1.27317333e+00
 1.26601047e+00
 1.25962910e+00
 1.25416778e+00
 1.24976536e+00
 1.24653945e+00
 1.24457355e+00
 1.24391363e+00
 1.45700337e+00
 1.45658833e+00
 1.45534394e+00
 1.45327249e+00
 1.45037805e+00
 1.44666672e+00
 1.44214756e+00
 1.43683432e+00
 1.43074788e+00
 1.42391845e+00
 1.41638702e+00
 1.40820601e+00
 1.39943937e+00
 1.39016251e+00
 1.38046180e+00
 1.37043343e+00
 1.36018133e+00
 1.34981407e+00
 1.33944111e+00
 1.32916898e+00
 1.31909786e+00
 1.30931931e+00
 1.29991601e+00
 1.29096445e+00
 1.28254127e+00
 1.27473175e+00
 1.26763649e+00
 1.26137074e+00
 1.25605445e+00
 1.25179820e+00
 1.24869218e+00
 1.24680176e+00
 1.24616706e+00
 1.45829404e+00
 1.45788120e+00
 1.45664338e+00
 1.45458275e+00
 1.45170321e+00
 1.44801096e+00
 1.44351547e+00
 1.43823092e+00
 1.43217808e+00
 1.42538634e+00
 1.41789537e+00
 1.40975615e+00
 1.40103135e+00
 1.39179517e+00
 1.38213270e+00
 1.37213855e+00
 1.36191482e+00
 1.35156819e+00
 1.34120671e+00
 1.33093650e+00
 1.32085910e+00
 1.31107006e+00
 1.30165943e+00
 1.29271462e+00
 1.28432494e+00
 1.27658612e+00
 1.26960148e+00
 1.26347795e+00
 1.25831784e+00
 1.25421053e+00
 1.25122690e+00
 1.24941717e+00
 1.24881073e+00
 1.45961301e+00
 1.45920297e+00
 1.45797343e+00
 1.45592618e+00
 1.45306469e+00
 1.44939481e+00
 1.44492578e+00
 1.43967162e+00
 1.43365283e+00
 1.42689822e+00
 1.41944654e+00
 1.41134764e+00
 1.40266303e+00
 1.39346580e+00
 1.38383986e+00
 1.37387862e+00
 1.36368294e+00
 1.35335855e+00
 1.34301326e+00
 1.33275417e+00
 1.32268569e+00
 1.31290863e+00
 1.30352073e+00
 1.29461859e+00
 1.28629997e+00
 1.27866487e+00
 1.27181399e+00
 1.26584419e+00
 1.26084263e+00
 1.25688170e+00
 1.25401618e+00
 1.25228304e+00
 1.25170310e+00
 1.46094200e+00
 1.46053513e+00
 1.45931493e+00
 1.45728275e+00
 1.45444146e+00
 1.45079618e+00
 1.44635550e+00
 1.44113287e+00
 1.43514828e+00
 1.42842996e+00
 1.42101592e+00
 1.41295517e+00
 1.40430831e+00
 1.39514750e+00
 1.38555579e+00
 1.37562576e+00
 1.36545769e+00
 1.35515715e+00
 1.34483263e+00
 1.33459319e+00
 1.32454687e+00
 1.31479987e+00
 1.30545664e+00
 1.29662052e+00
 1.28839392e+00
 1.28087724e+00
 1.27416594e+00
 1.26834653e+00
 1.26349264e+00
 1.25966263e+00
 1.25689924e+00
 1.25523075e+00
 1.25467290e+00
 1.46226650e+00
 1.46186300e+00
 1.46065275e+00
 1.45863660e+00
 1.45581661e+00
 1.45219698e+00
 1.44778535e+00
 1.44259434e+00
 1.43664322e+00
 1.42995958e+00
 1.42258081e+00
 1.41455529e+00
 1.40594292e+00
 1.39681525e+00
 1.38725475e+00
 1.37735364e+00
 1.36721209e+00
 1.35693617e+00
 1.34663559e+00
 1.33642181e+00
 1.32640647e+00
 1.31670048e+00
 1.30741346e+00
 1.29865311e+00
 1.29052392e+00
 1.28312473e+00
 1.27654537e+00
 1.27086322e+00
 1.26614084e+00
 1.26242547e+00
 1.25975034e+00
 1.25813713e+00
 1.25759808e+00
 1.46357607e+00
 1.46317608e+00
 1.46197609e+00
 1.45997626e+00
 1.45717766e+00
 1.45358341e+00
 1.44920007e+00
 1.44403931e+00
 1.43811961e+00
 1.43146792e+00
 1.42412107e+00
 1.41612692e+00
 1.40754492e+00
 1.39844622e+00
 1.38891307e+00
 1.37903765e+00
 1.36892047e+00
 1.35866835e+00
 1.34839252e+00
 1.33820666e+00
 1.32822550e+00
 1.31856351e+00
 1.30933377e+00
 1.30064644e+00
 1.29260654e+00
 1.28531090e+00
 1.27884478e+00
 1.27327893e+00
 1.26866806e+00
 1.26505119e+00
 1.26245374e+00
 1.26089048e+00
 1.26036869e+00
 1.46486778e+00
 1.46447101e+00
 1.46328046e+00
 1.46129569e+00
 1.45851681e+00
 1.45494581e+00
 1.45058813e+00
 1.44545450e+00
 1.43956262e+00
 1.43293881e+00
 1.42561937e+00
 1.41765172e+00
 1.40909500e+00
 1.40002016e+00
 1.39050949e+00
 1.38065542e+00
 1.37055899e+00
 1.36032798e+00
 1.35007493e+00
 1.33991535e+00
 1.32996611e+00
 1.32034390e+00
 1.31116364e+00
 1.30253645e+00
 1.29456693e+00
 1.28735003e+00
 1.28096776e+00
 1.27548667e+00
 1.27095654e+00
 1.26741099e+00
 1.26486978e+00
 1.26334263e+00
 1.26283329e+00
 1.46613969e+00
 1.46574578e+00
 1.46456347e+00
 1.46259153e+00
 1.45982912e+00
 1.45627728e+00
 1.45194067e+00
 1.44682926e+00
 1.44096008e+00
 1.43435881e+00
 1.42706119e+00
 1.41911418e+00
 1.41057667e+00
 1.40151961e+00
 1.39202549e+00
 1.38218722e+00
 1.37210652e+00
 1.36189203e+00
 1.35165735e+00
 1.34151914e+00
 1.33159536e+00
 1.32200357e+00
 1.31285906e+00
 1.30427259e+00
 1.29634765e+00
 1.28917737e+00
 1.28284155e+00
 1.27740436e+00
 1.27291345e+00
 1.26940065e+00
 1.26688431e+00
 1.26537283e+00
 1.26486887e+00
 1.46739679e+00
 1.46700442e+00
 1.46582675e+00
 1.46386243e+00
 1.46111041e+00
 1.45757139e+00
 1.45324955e+00
 1.44815422e+00
 1.44230169e+00
 1.43571683e+00
 1.42843466e+00
 1.42050164e+00
 1.41197643e+00
 1.40293013e+00
 1.39344566e+00
 1.38361656e+00
 1.37354533e+00
 1.36334137e+00
 1.35311896e+00
 1.34299522e+00
 1.33308820e+00
 1.32351509e+00
 1.31439026e+00
 1.30582304e+00
 1.29791523e+00
 1.29075826e+00
 1.28443061e+00
 1.27899580e+00
 1.27450167e+00
 1.27098133e+00
 1.26845555e+00
 1.26693619e+00
 1.26642913e+00
 1.46862740e+00
 1.46823544e+00
 1.46705915e+00
 1.46509766e+00
 1.46235036e+00
 1.45881821e+00
 1.45450521e+00
 1.44942014e+00
 1.44357840e+00
 1.43700382e+00
 1.42973049e+00
 1.42180429e+00
 1.41328379e+00
 1.40424044e+00
 1.39475786e+00
 1.38493048e+00
 1.37486162e+00
 1.36466141e+00
 1.35444446e+00
 1.34432779e+00
 1.33442871e+00
 1.32486302e+00
 1.31574311e+00
 1.30717607e+00
 1.29926159e+00
 1.29208971e+00
 1.28573873e+00
 1.28027360e+00
 1.27574529e+00
 1.27219140e+00
 1.26963763e+00
 1.26809989e+00
 1.26758648e+00
 1.46980757e+00
 1.46941556e+00
 1.46823933e+00
 1.46627850e+00
 1.46353312e+00
 1.46000458e+00
 1.45569689e+00
 1.45061821e+00
 1.44478275e+00
 1.43821302e+00
 1.43094205e+00
 1.42301521e+00
 1.41449127e+00
 1.40544241e+00
 1.39595335e+00
 1.38611967e+00
 1.37604572e+00
 1.36584231e+00
 1.35562424e+00
 1.34550803e+00
 1.33560970e+00
 1.32604294e+00
 1.31691742e+00
 1.30833731e+00
 1.30039984e+00
 1.29319382e+00
 1.28679818e+00
 1.28128064e+00
 1.27669691e+00
 1.27309044e+00
 1.27049307e+00
 1.26892635e+00
 1.26840274e+00
 1.47091421e+00
 1.47052212e+00
 1.46934591e+00
 1.46738581e+00
 1.46464254e+00
 1.46111778e+00
 1.45681518e+00
 1.45174173e+00
 1.44590995e+00
 1.43934063e+00
 1.43206570e+00
 1.42413041e+00
 1.41559429e+00
 1.40653093e+00
 1.39702661e+00
 1.38717841e+00
 1.37709193e+00
 1.36687872e+00
 1.35665380e+00
 1.34653304e+00
 1.33663095e+00
 1.32705876e+00
 1.31792294e+00
 1.30932424e+00
 1.30135698e+00
 1.29410847e+00
 1.28765833e+00
 1.28207760e+00
 1.27742773e+00
 1.27375948e+00
 1.27111211e+00
 1.26951307e+00
 1.26897832e+00
 1.47192628e+00
 1.47153472e+00
 1.47036028e+00
 1.46840365e+00
 1.46566600e+00
 1.46214891e+00
 1.45785476e+00
 1.45278826e+00
 1.44695922e+00
 1.44038632e+00
 1.43310075e+00
 1.42514849e+00
 1.41659084e+00
 1.40750357e+00
 1.39797510e+00
 1.38810433e+00
 1.37799825e+00
 1.36776934e+00
 1.35753293e+00
 1.34740445e+00
 1.33749698e+00
 1.32791930e+00
 1.31877457e+00
 1.31015978e+00
 1.30216584e+00
 1.29487786e+00
 1.28837541e+00
 1.28273215e+00
 1.27801481e+00
 1.27428143e+00
 1.27157945e+00
 1.26994392e+00
 1.26939633e+00
 1.47282737e+00
 1.47243739e+00
 1.47126807e+00
 1.46932075e+00
 1.46659651e+00
 1.46309545e+00
 1.45881687e+00
 1.45376125e+00
 1.44793448e+00
 1.44135318e+00
 1.43404894e+00
 1.42607001e+00
 1.41748083e+00
 1.40836018e+00
 1.39879903e+00
 1.38889821e+00
 1.37876616e+00
 1.36851645e+00
 1.35826500e+00
 1.34812715e+00
 1.33821501e+00
 1.32863525e+00
 1.31948796e+00
 1.31086636e+00
 1.30285751e+00
 1.29554356e+00
 1.28900290e+00
 1.28331055e+00
 1.27853726e+00
 1.27474758e+00
 1.27199692e+00
 1.27032825e+00
 1.26976891e+00
 1.47360433e+00
 1.47321860e+00
 1.47206170e+00
 1.47013426e+00
 1.46743617e+00
 1.46396412e+00
 1.45971116e+00
 1.45467068e+00
 1.44884376e+00
 1.44224636e+00
 1.43491296e+00
 1.42689633e+00
 1.41826538e+00
 1.40910248e+00
 1.39950110e+00
 1.38956384e+00
 1.37940048e+00
 1.36912574e+00
 1.35885651e+00
 1.34870860e+00
 1.33879374e+00
 1.32921723e+00
 1.32007662e+00
 1.31146170e+00
 1.30345557e+00
 1.29613669e+00
 1.28958117e+00
 1.28386401e+00
 1.27905862e+00
 1.27523430e+00
 1.27245244e+00
 1.27076198e+00
 1.27019479e+00
 1.47426098e+00
 1.47388117e+00
 1.47274365e+00
 1.47085050e+00
 1.46819781e+00
 1.46477279e+00
 1.46055625e+00
 1.45553155e+00
 1.44969645e+00
 1.44307034e+00
 1.43569448e+00
 1.42762842e+00
 1.41894626e+00
 1.40973375e+00
 1.40008639e+00
 1.39010797e+00
 1.37990929e+00
 1.36960624e+00
 1.35931706e+00
 1.34915868e+00
 1.33924325e+00
 1.32967544e+00
 1.32055114e+00
 1.31195739e+00
 1.30397355e+00
 1.29667385e+00
 1.29013073e+00
 1.28441755e+00
 1.27960868e+00
 1.27577636e+00
 1.27298568e+00
 1.27128873e+00
 1.27071921e+00
 1.47476938e+00
 1.47440693e+00
 1.47331610e+00
 1.47148869e+00
 1.46891030e+00
 1.46555252e+00
 1.46137749e+00
 1.45635889e+00
 1.45049817e+00
 1.44382540e+00
 1.43639239e+00
 1.42826626e+00
 1.41952572e+00
 1.41025893e+00
 1.40056236e+00
 1.39054024e+00
 1.38030384e+00
 1.36997022e+00
 1.35965938e+00
 1.34949005e+00
 1.33957548e+00
 1.33002052e+00
 1.32092026e+00
 1.31236003e+00
 1.30441617e+00
 1.29715843e+00
 1.29065389e+00
 1.28497164e+00
 1.28018490e+00
 1.27636749e+00
 1.27358612e+00
 1.27189384e+00
 1.27132561e+00
 1.47524747e+00
 1.47489408e+00
 1.47384187e+00
 1.47209577e+00
 1.46962125e+00
 1.46634445e+00
 1.46219805e+00
 1.45715822e+00
 1.45124483e+00
 1.44450534e+00
 1.43700251e+00
 1.42880924e+00
 1.42000695e+00
 1.41068467e+00
 1.40093871e+00
 1.39087282e+00
 1.38059817e+00
 1.37023291e+00
 1.35989922e+00
 1.34971826e+00
 1.33980498e+00
 1.33026490e+00
 1.32119306e+00
 1.31267419e+00
 1.30478295e+00
 1.29758522e+00
 1.29114153e+00
 1.28551266e+00
 1.28076608e+00
 1.27697703e+00
 1.27421799e+00
 1.27254303e+00
 1.27198173e+00
 1.47543070e+00
 1.47513429e+00
 1.47424311e+00
 1.47270607e+00
 1.47039638e+00
 1.46718646e+00
 1.46302105e+00
 1.45791539e+00
 1.45192019e+00
 1.44509856e+00
 1.43751938e+00
 1.42925742e+00
 1.42039462e+00
 1.41101944e+00
 1.40122694e+00
 1.39111975e+00
 1.38080828e+00
 1.37041169e+00
 1.36005478e+00
 1.34986158e+00
 1.33994918e+00
 1.33042391e+00
 1.32138102e+00
 1.31290577e+00
 1.30507261e+00
 1.29794546e+00
 1.29157925e+00
 1.28602377e+00
 1.28133146e+00
 1.27756740e+00
 1.27480968e+00
 1.27312895e+00
 1.27256522e+00
 1.47555101e+00
 1.47539498e+00
 1.47481169e+00
 1.47353526e+00
 1.47132306e+00
 1.46807474e+00
 1.46381028e+00
 1.45859546e+00
 1.45250060e+00
 1.44559249e+00
 1.43793891e+00
 1.42961283e+00
 1.42069524e+00
 1.41127313e+00
 1.40143959e+00
 1.39129586e+00
 1.38095096e+00
 1.37052498e+00
 1.36014564e+00
 1.34994011e+00
 1.34002776e+00
 1.33051566e+00
 1.32149896e+00
 1.31306432e+00
 1.30528709e+00
 1.29823142e+00
 1.29195011e+00
 1.28648548e+00
 1.28187295e+00
 1.27815232e+00
 1.27538715e+00
 1.27366888e+00
 1.27308417e+00
 1.47665919e+00
 1.47655080e+00
 1.47603208e+00
 1.47471201e+00
 1.47234782e+00
 1.46891933e+00
 1.46449678e+00
 1.45915689e+00
 1.45296454e+00
 1.44597824e+00
 1.43826026e+00
 1.42987976e+00
 1.42091669e+00
 1.41145624e+00
 1.40158911e+00
 1.39141551e+00
 1.38104238e+00
 1.37059075e+00
 1.36019129e+00
 1.34997427e+00
 1.34006121e+00
 1.33055979e+00
 1.32156430e+00
 1.31316346e+00
 1.30543369e+00
 1.29844092e+00
 1.29223885e+00
 1.28686928e+00
 1.28236164e+00
 1.27873744e+00
 1.27603315e+00
 1.27433279e+00
 1.27374832e+00
 1.47852734e+00
 1.47834755e+00
 1.47758656e+00
 1.47592065e+00
 1.47324658e+00
 1.46959317e+00
 1.46501621e+00
 1.45956918e+00
 1.45329910e+00
 1.44625237e+00
 1.43848564e+00
 1.43006409e+00
 1.42106726e+00
 1.41157870e+00
 1.40168675e+00
 1.39149124e+00
 1.38109664e+00
 1.37062496e+00
 1.36020943e+00
 1.34998295e+00
 1.34006881e+00
 1.33057526e+00
 1.32159485e+00
 1.31321891e+00
 1.30552429e+00
 1.29857918e+00
 1.29243897e+00
 1.28714868e+00
 1.28274155e+00
 1.27923798e+00
 1.27665662e+00
 1.27504143e+00
 1.27448356e+00
 1.48023994e+00
 1.47990734e+00
 1.47877866e+00
 1.47675577e+00
 1.47382909e+00
 1.47001432e+00
 1.46533409e+00
 1.45981844e+00
 1.45349982e+00
 1.44641549e+00
 1.43861874e+00
 1.43017173e+00
 1.42115424e+00
 1.41164864e+00
 1.40174147e+00
 1.39153268e+00
 1.38112463e+00
 1.37064015e+00
 1.36021418e+00
 1.34998145e+00
 1.34006636e+00
 1.33057769e+00
 1.32160609e+00
 1.31324530e+00
 1.30557192e+00
 1.29865605e+00
 1.29255408e+00
 1.28731394e+00
 1.28297401e+00
 1.27955973e+00
 1.27708940e+00
 1.27558038e+00
 1.27506567e+00
 1.48092600e+00
 1.48049426e+00
 1.47919931e+00
 1.47704245e+00
 1.47402630e+00
 1.47015590e+00
 1.46544040e+00
 1.45990155e+00
 1.45356658e+00
 1.44646956e+00
 1.43866270e+00
 1.43020707e+00
 1.42118263e+00
 1.41167134e+00
 1.40175904e+00
 1.39154582e+00
 1.38113318e+00
 1.37064429e+00
 1.36021470e+00
 1.34997980e+00
 1.34006433e+00
 1.33057732e+00
 1.32160858e+00
 1.31325288e+00
 1.30558655e+00
 1.29868049e+00
 1.29259132e+00
 1.28736806e+00
 1.28305100e+00
 1.27966780e+00
 1.27723820e+00
 1.27577542e+00
 1.27528700e+00
