 1.15717500e+00
 1.15729900e+00
 1.15767001e+00
 1.15828501e+00
 1.15913860e+00
 1.16022275e+00
 1.16152622e+00
 1.16303493e+00
 1.16472927e+00
 1.16658564e+00
 1.16857586e+00
 1.17066788e+00
 1.17283471e+00
 1.17505784e+00
 1.17732499e+00
 1.17962667e+00
 1.18195678e+00
 1.18430991e+00
 1.18668078e+00
 1.18905411e+00
 1.19141316e+00
 1.19374002e+00
 1.19601123e+00
 1.19818866e+00
 1.20023726e+00
 1.20212189e+00
 1.20381372e+00
 1.20528566e+00
 1.20651677e+00
 1.20748999e+00
 1.20819305e+00
 1.20861790e+00
 1.20876000e+00
 1.15672722e+00
 1.15689651e+00
 1.15734408e+00
 1.15802156e+00
 1.15891727e+00
 1.16002731e+00
 1.16134608e+00
 1.16286331e+00
 1.16456198e+00
 1.16641994e+00
 1.16841008e+00
 1.17050133e+00
 1.17266721e+00
 1.17488930e+00
 1.17715526e+00
 1.17945564e+00
 1.18178424e+00
 1.18413559e+00
 1.18650408e+00
 1.18887478e+00
 1.19123106e+00
 1.19355498e+00
 1.19582301e+00
 1.19799822e+00
 1.20004633e+00
 1.20193390e+00
 1.20363413e+00
 1.20512422e+00
 1.20638986e+00
 1.20742394e+00
 1.20822212e+00
 1.20876738e+00
 1.20898191e+00
 1.15554063e+00
 1.15578064e+00
 1.15639887e+00
 1.15724353e+00
 1.15825845e+00
 1.15944367e+00
 1.16080729e+00
 1.16234981e+00
 1.16406137e+00
 1.16592420e+00
 1.16791418e+00
 1.17000311e+00
 1.17216598e+00
 1.17438471e+00
 1.17664687e+00
 1.17894310e+00
 1.18126691e+00
 1.18361264e+00
 1.18597386e+00
 1.18833651e+00
 1.19068428e+00
 1.19299923e+00
 1.19525784e+00
 1.19742640e+00
 1.19947312e+00
 1.20136928e+00
 1.20309434e+00
 1.20463739e+00
 1.20600276e+00
 1.20720794e+00
 1.20825845e+00
 1.20906826e+00
 1.20939324e+00
 1.15401302e+00
 1.15428835e+00
 1.15502393e+00
 1.15603459e+00
 1.15719764e+00
 1.15848796e+00
 1.15991849e+00
 1.16150022e+00
 1.16323221e+00
 1.16510285e+00
 1.16709265e+00
 1.16917751e+00
 1.17133482e+00
 1.17354725e+00
 1.17580234e+00
 1.17809080e+00
 1.18040579e+00
 1.18274126e+00
 1.18508987e+00
 1.18743856e+00
 1.18977156e+00
 1.19207104e+00
 1.19431414e+00
 1.19647148e+00
 1.19851553e+00
 1.20042432e+00
 1.20218651e+00
 1.20380595e+00
 1.20530579e+00
 1.20671469e+00
 1.20800234e+00
 1.20898003e+00
 1.20935406e+00
 1.15257433e+00
 1.15283209e+00
 1.15354862e+00
 1.15459096e+00
 1.15583183e+00
 1.15720658e+00
 1.15870367e+00
 1.16032899e+00
 1.16208485e+00
 1.16396458e+00
 1.16595345e+00
 1.16803189e+00
 1.17018025e+00
 1.17238236e+00
 1.17462601e+00
 1.17690192e+00
 1.17920289e+00
 1.18152233e+00
 1.18385217e+00
 1.18618017e+00
 1.18849130e+00
 1.19076811e+00
 1.19298922e+00
 1.19512986e+00
 1.19716773e+00
 1.19908753e+00
 1.20088536e+00
 1.20257094e+00
 1.20416110e+00
 1.20564836e+00
 1.20694381e+00
 1.20785914e+00
 1.20819312e+00
 1.15136790e+00
 1.15156551e+00
 1.15215066e+00
 1.15308311e+00
 1.15428417e+00
 1.15567431e+00
 1.15720641e+00
 1.15886296e+00
 1.16063778e+00
 1.16252371e+00
 1.16450874e+00
 1.16657696e+00
 1.16871162e+00
 1.17089802e+00
 1.17312440e+00
 1.17538151e+00
 1.17766179e+00
 1.17995807e+00
 1.18226177e+00
 1.18456127e+00
 1.18684230e+00
 1.18908817e+00
 1.19127948e+00
 1.19339553e+00
 1.19541844e+00
 1.19733650e+00
 1.19914521e+00
 1.20084190e+00
 1.20240793e+00
 1.20378148e+00
 1.20485436e+00
 1.20552423e+00
 1.20574853e+00
 1.14999003e+00
 1.15015949e+00
 1.15066568e+00
 1.15149524e+00
 1.15261135e+00
 1.15395743e+00
 1.15547901e+00
 1.15713941e+00
 1.15891794e+00
 1.16080095e+00
 1.16277545e+00
 1.16482717e+00
 1.16694148e+00
 1.16910501e+00
 1.17130657e+00
 1.17353694e+00
 1.17578824e+00
 1.17805274e+00
 1.18032153e+00
 1.18258338e+00
 1.18482472e+00
 1.18702981e+00
 1.18918111e+00
 1.19126067e+00
 1.19325252e+00
 1.19514344e+00
 1.19691993e+00
 1.19855885e+00
 1.20001455e+00
 1.20121764e+00
 1.20210053e+00
 1.20262970e+00
 1.20280457e+00
 1.14836939e+00
 1.14852770e+00
 1.14899759e+00
 1.14976488e+00
 1.15080611e+00
 1.15208642e+00
 1.15356342e+00
 1.15519726e+00
 1.15695747e+00
 1.15882237e+00
 1.16077513e+00
 1.16280086e+00
 1.16488571e+00
 1.16701719e+00
 1.16918452e+00
 1.17137849e+00
 1.17359086e+00
 1.17581346e+00
 1.17803706e+00
 1.18025066e+00
 1.18244120e+00
 1.18459376e+00
 1.18669196e+00
 1.18871883e+00
 1.19065745e+00
 1.19248965e+00
 1.19419189e+00
 1.19572982e+00
 1.19705792e+00
 1.19813006e+00
 1.19891332e+00
 1.19938990e+00
 1.19954999e+00
 1.14661027e+00
 1.14675328e+00
 1.14718111e+00
 1.14788786e+00
 1.14885883e+00
 1.15006885e+00
 1.15148431e+00
 1.15306860e+00
 1.15478838e+00
 1.15661674e+00
 1.15853281e+00
 1.16051981e+00
 1.16256352e+00
 1.16465164e+00
 1.16677350e+00
 1.16891975e+00
 1.17108177e+00
 1.17325093e+00
 1.17541770e+00
 1.17757108e+00
 1.17969828e+00
 1.18178477e+00
 1.18381447e+00
 1.18576992e+00
 1.18763182e+00
 1.18937741e+00
 1.19097812e+00
 1.19239935e+00
 1.19360479e+00
 1.19456370e+00
 1.19525595e+00
 1.19567228e+00
 1.19581094e+00
 1.14464308e+00
 1.14477795e+00
 1.14518078e+00
 1.14584565e+00
 1.14676078e+00
 1.14790667e+00
 1.14925618e+00
 1.15077758e+00
 1.15243909e+00
 1.15421264e+00
 1.15607521e+00
 1.15800837e+00
 1.15999706e+00
 1.16202863e+00
 1.16409218e+00
 1.16617802e+00
 1.16827706e+00
 1.17038015e+00
 1.17247741e+00
 1.17455761e+00
 1.17660795e+00
 1.17861384e+00
 1.18055891e+00
 1.18242469e+00
 1.18419004e+00
 1.18583026e+00
 1.18731713e+00
 1.18862102e+00
 1.18971504e+00
 1.19057911e+00
 1.19120131e+00
 1.19157607e+00
 1.19170119e+00
 1.14249843e+00
 1.14262781e+00
 1.14301370e+00
 1.14364896e+00
 1.14452084e+00
 1.14561068e+00
 1.14689462e+00
 1.14834536e+00
 1.14993489e+00
 1.15163705e+00
 1.15342915e+00
 1.15529226e+00
 1.15721070e+00
 1.15917128e+00
 1.16116261e+00
 1.16317445e+00
 1.16519714e+00
 1.16722095e+00
 1.16923548e+00
 1.17122918e+00
 1.17318896e+00
 1.17509999e+00
 1.17694547e+00
 1.17870639e+00
 1.18036123e+00
 1.18188619e+00
 1.18325634e+00
 1.18444807e+00
 1.18544183e+00
 1.18622379e+00
 1.18678576e+00
 1.18712381e+00
 1.18723657e+00
 1.14023226e+00
 1.14035794e+00
 1.14073139e+00
 1.14134223e+00
 1.14217469e+00
 1.14320920e+00
 1.14442380e+00
 1.14579525e+00
 1.14730001e+00
 1.14891544e+00
 1.15062075e+00
 1.15239766e+00
 1.15423032e+00
 1.15610508e+00
 1.15800993e+00
 1.15993398e+00
 1.16186685e+00
 1.16379818e+00
 1.16571698e+00
 1.16761125e+00
 1.16946759e+00
 1.17127094e+00
 1.17300444e+00
 1.17464934e+00
 1.17618526e+00
 1.17759095e+00
 1.17884572e+00
 1.17993126e+00
 1.18083317e+00
 1.18154147e+00
 1.18205020e+00
 1.18235631e+00
 1.18245847e+00
 1.13795213e+00
 1.13807142e+00
 1.13842466e+00
 1.13899945e+00
 1.13977872e+00
 1.14074355e+00
 1.14187463e+00
 1.14315260e+00
 1.14455804e+00
 1.14607168e+00
 1.14767494e+00
 1.14935049e+00
 1.15108267e+00
 1.15285741e+00
 1.15466210e+00
 1.15648511e+00
 1.15831534e+00
 1.16014173e+00
 1.16195273e+00
 1.16373588e+00
 1.16547755e+00
 1.16716269e+00
 1.16877486e+00
 1.17029637e+00
 1.17170889e+00
 1.17299434e+00
 1.17413614e+00
 1.17512034e+00
 1.17593626e+00
 1.17657650e+00
 1.17703636e+00
 1.17731313e+00
 1.17740552e+00
 1.13575319e+00
 1.13585797e+00
 1.13616945e+00
 1.13667955e+00
 1.13737626e+00
 1.13824532e+00
 1.13927132e+00
 1.14043817e+00
 1.14172916e+00
 1.14312715e+00
 1.14461501e+00
 1.14617614e+00
 1.14779497e+00
 1.14945713e+00
 1.15114941e+00
 1.15285953e+00
 1.15457569e+00
 1.15628616e+00
 1.15797889e+00
 1.15964111e+00
 1.16125910e+00
 1.16281816e+00
 1.16430264e+00
 1.16569643e+00
 1.16698353e+00
 1.16814900e+00
 1.16917984e+00
 1.17006556e+00
 1.17079838e+00
 1.17137290e+00
 1.17178554e+00
 1.17203401e+00
 1.17211697e+00
 1.13358015e+00
 1.13366685e+00
 1.13392640e+00
 1.13435683e+00
 1.13495402e+00
 1.13571095e+00
 1.13661757e+00
 1.13766119e+00
 1.13882717e+00
 1.14009971e+00
 1.14146250e+00
 1.14289938e+00
 1.14439486e+00
 1.14593437e+00
 1.14750426e+00
 1.14909172e+00
 1.15068437e+00
 1.15227000e+00
 1.15383617e+00
 1.15536996e+00
 1.15685782e+00
 1.15828559e+00
 1.15963875e+00
 1.16090285e+00
 1.16206422e+00
 1.16311064e+00
 1.16403200e+00
 1.16482060e+00
 1.16547100e+00
 1.16597964e+00
 1.16634427e+00
 1.16656354e+00
 1.16663671e+00
 1.13131378e+00
 1.13138449e+00
 1.13159780e+00
 1.13195615e+00
 1.13246107e+00
 1.13311116e+00
 1.13390110e+00
 1.13482179e+00
 1.13586112e+00
 1.13700494e+00
 1.13823806e+00
 1.13954502e+00
 1.14091069e+00
 1.14232055e+00
 1.14376085e+00
 1.14521845e+00
 1.14668067e+00
 1.14813499e+00
 1.14956879e+00
 1.15096922e+00
 1.15232308e+00
 1.15361697e+00
 1.15483759e+00
 1.15597217e+00
 1.15700909e+00
 1.15793842e+00
 1.15875236e+00
 1.15944538e+00
 1.16001409e+00
 1.16045678e+00
 1.16077289e+00
 1.16096242e+00
 1.16102557e+00
 1.12887521e+00
 1.12893615e+00
 1.12911978e+00
 1.12942810e+00
 1.12986329e+00
 1.13042610e+00
 1.13111442e+00
 1.13192259e+00
 1.13284156e+00
 1.13385963e+00
 1.13496350e+00
 1.13613904e+00
 1.13737205e+00
 1.13864855e+00
 1.13995503e+00
 1.14127842e+00
 1.14260599e+00
 1.14392518e+00
 1.14522343e+00
 1.14648814e+00
 1.14770666e+00
 1.14886648e+00
 1.14995559e+00
 1.15096281e+00
 1.15187838e+00
 1.15269428e+00
 1.15340459e+00
 1.15400556e+00
 1.15449550e+00
 1.15487441e+00
 1.15514341e+00
 1.15530399e+00
 1.15535736e+00
 1.12630997e+00
 1.12636357e+00
 1.12652488e+00
 1.12679517e+00
 1.12717592e+00
 1.12766785e+00
 1.12826989e+00
 1.12897830e+00
 1.12978649e+00
 1.13068533e+00
 1.13166380e+00
 1.13270974e+00
 1.13381038e+00
 1.13495280e+00
 1.13612415e+00
 1.13731176e+00
 1.13850318e+00
 1.13968605e+00
 1.14084812e+00
 1.14197722e+00
 1.14306141e+00
 1.14408915e+00
 1.14504973e+00
 1.14593356e+00
 1.14673259e+00
 1.14744059e+00
 1.14805330e+00
 1.14856846e+00
 1.14898570e+00
 1.14930621e+00
 1.14953229e+00
 1.14966652e+00
 1.14971101e+00
 1.12367637e+00
 1.12372366e+00
 1.12386586e+00
 1.12410385e+00
 1.12443852e+00
 1.12486999e+00
 1.12539694e+00
 1.12601621e+00
 1.12672273e+00
 1.12750954e+00
 1.12836802e+00
 1.12928819e+00
 1.13025911e+00
 1.13126924e+00
 1.13230670e+00
 1.13335955e+00
 1.13441583e+00
 1.13546367e+00
 1.13649130e+00
 1.13748717e+00
 1.13844010e+00
 1.13933960e+00
 1.14017623e+00
 1.14094195e+00
 1.14163045e+00
 1.14223723e+00
 1.14275971e+00
 1.14319702e+00
 1.14354986e+00
 1.14382013e+00
 1.14401040e+00
 1.14412329e+00
 1.14416068e+00
 1.12101800e+00
 1.12106029e+00
 1.12118733e+00
 1.12139925e+00
 1.12169548e+00
 1.12207453e+00
 1.12253425e+00
 1.12307180e+00
 1.12368351e+00
 1.12436452e+00
 1.12510854e+00
 1.12590783e+00
 1.12675331e+00
 1.12763492e+00
 1.12854191e+00
 1.12946323e+00
 1.13038764e+00
 1.13130392e+00
 1.13220096e+00
 1.13306793e+00
 1.13389447e+00
 1.13467110e+00
 1.13538956e+00
 1.13604328e+00
 1.13662757e+00
 1.13713971e+00
 1.13757877e+00
 1.13794523e+00
 1.13824063e+00
 1.13846704e+00
 1.13862668e+00
 1.13872155e+00
 1.13875300e+00
 1.11839184e+00
 1.11843120e+00
 1.11854795e+00
 1.11873893e+00
 1.11900060e+00
 1.11933006e+00
 1.11972512e+00
 1.12018402e+00
 1.12070480e+00
 1.12128469e+00
 1.12191950e+00
 1.12260340e+00
 1.12332894e+00
 1.12408738e+00
 1.12486911e+00
 1.12566400e+00
 1.12646168e+00
 1.12725173e+00
 1.12802383e+00
 1.12876792e+00
 1.12947448e+00
 1.13013489e+00
 1.13074193e+00
 1.13129019e+00
 1.13177643e+00
 1.13219953e+00
 1.13256016e+00
 1.13286019e+00
 1.13310195e+00
 1.13328768e+00
 1.13341920e+00
 1.13349770e+00
 1.13352380e+00
 1.11590534e+00
 1.11593789e+00
 1.11603471e+00
 1.11619344e+00
 1.11641081e+00
 1.11668382e+00
 1.11701048e+00
 1.11738989e+00
 1.11782149e+00
 1.11830408e+00
 1.11883500e+00
 1.11940971e+00
 1.12002193e+00
 1.12066393e+00
 1.12132708e+00
 1.12200220e+00
 1.12267984e+00
 1.12335051e+00
 1.12400476e+00
 1.12463339e+00
 1.12522767e+00
 1.12577971e+00
 1.12628298e+00
 1.12673287e+00
 1.12712711e+00
 1.12746587e+00
 1.12775130e+00
 1.12798669e+00
 1.12817541e+00
 1.12832022e+00
 1.12842287e+00
 1.12848424e+00
 1.12850467e+00
 1.11357032e+00
 1.11359519e+00
 1.11366903e+00
 1.11379009e+00
 1.11395649e+00
 1.11416699e+00
 1.11442137e+00
 1.11472035e+00
 1.11506480e+00
 1.11545462e+00
 1.11588794e+00
 1.11636082e+00
 1.11686752e+00
 1.11740102e+00
 1.11795349e+00
 1.11851669e+00
 1.11908218e+00
 1.11964148e+00
 1.12018612e+00
 1.12070782e+00
 1.12119862e+00
 1.12165121e+00
 1.12205946e+00
 1.12241898e+00
 1.12272786e+00
 1.12298695e+00
 1.12319965e+00
 1.12337084e+00
 1.12350550e+00
 1.12360752e+00
 1.12367937e+00
 1.12372223e+00
 1.12373650e+00
 1.11139784e+00
 1.11141372e+00
 1.11146144e+00
 1.11154114e+00
 1.11165316e+00
 1.11179867e+00
 1.11198006e+00
 1.11220042e+00
 1.11246219e+00
 1.11276592e+00
 1.11310972e+00
 1.11348952e+00
 1.11389968e+00
 1.11433363e+00
 1.11478429e+00
 1.11524436e+00
 1.11570649e+00
 1.11616328e+00
 1.11660737e+00
 1.11703145e+00
 1.11742839e+00
 1.11779141e+00
 1.11811452e+00
 1.11839308e+00
 1.11862469e+00
 1.11881001e+00
 1.11895307e+00
 1.11906052e+00
 1.11913976e+00
 1.11919695e+00
 1.11923600e+00
 1.11925886e+00
 1.11926640e+00
 1.10938433e+00
 1.10939198e+00
 1.10941494e+00
 1.10945401e+00
 1.10951183e+00
 1.10959323e+00
 1.10970455e+00
 1.10985188e+00
 1.11003897e+00
 1.11026608e+00
 1.11053041e+00
 1.11082722e+00
 1.11115076e+00
 1.11149486e+00
 1.11185325e+00
 1.11221965e+00
 1.11258783e+00
 1.11295159e+00
 1.11330471e+00
 1.11364098e+00
 1.11395416e+00
 1.11423811e+00
 1.11448694e+00
 1.11469550e+00
 1.11486015e+00
 1.11498009e+00
 1.11505867e+00
 1.11510374e+00
 1.11512594e+00
 1.11513537e+00
 1.11513920e+00
 1.11514101e+00
 1.11514163e+00
 1.10755001e+00
 1.10754800e+00
 1.10754347e+00
 1.10754018e+00
 1.10754398e+00
 1.10756408e+00
 1.10761178e+00
 1.10769596e+00
 1.10782007e+00
 1.10798252e+00
 1.10817888e+00
 1.10840361e+00
 1.10865096e+00
 1.10891537e+00
 1.10919149e+00
 1.10947413e+00
 1.10975825e+00
 1.11003886e+00
 1.11031093e+00
 1.11056940e+00
 1.11080907e+00
 1.11102458e+00
 1.11121042e+00
 1.11136102e+00
 1.11147130e+00
 1.11153782e+00
 1.11156102e+00
 1.11154779e+00
 1.11151175e+00
 1.11146879e+00
 1.11143107e+00
 1.11140563e+00
 1.11139661e+00
 1.10588963e+00
 1.10588106e+00
 1.10585439e+00
 1.10581077e+00
 1.10576092e+00
 1.10572452e+00
 1.10571978e+00
 1.10575540e+00
 1.10583118e+00
 1.10594226e+00
 1.10608255e+00
 1.10624618e+00
 1.10642786e+00
 1.10662291e+00
 1.10682703e+00
 1.10703618e+00
 1.10724649e+00
 1.10745414e+00
 1.10765529e+00
 1.10784604e+00
 1.10802230e+00
 1.10817970e+00
 1.10831345e+00
 1.10841817e+00
 1.10848783e+00
 1.10851628e+00
 1.10849904e+00
 1.10843754e+00
 1.10834460e+00
 1.10824492e+00
 1.10816433e+00
 1.10811608e+00
 1.10810058e+00
 1.10448553e+00
 1.10446098e+00
 1.10438845e+00
 1.10428137e+00
 1.10417091e+00
 1.10408871e+00
 1.10405028e+00
 1.10405581e+00
 1.10409864e+00
 1.10417107e+00
 1.10426646e+00
 1.10437948e+00
 1.10450583e+00
 1.10464189e+00
 1.10478449e+00
 1.10493071e+00
 1.10507777e+00
 1.10522294e+00
 1.10536349e+00
 1.10549660e+00
 1.10561930e+00
 1.10572833e+00
 1.10581992e+00
 1.10588954e+00
 1.10593141e+00
 1.10593810e+00
 1.10590075e+00
 1.10581163e+00
 1.10567170e+00
 1.10550175e+00
 1.10534354e+00
 1.10523799e+00
 1.10520237e+00
 1.10331185e+00
 1.10325339e+00
 1.10310447e+00
 1.10292641e+00
 1.10277595e+00
 1.10267814e+00
 1.10263140e+00
 1.10262476e+00
 1.10264759e+00
 1.10269195e+00
 1.10275225e+00
 1.10282447e+00
 1.10290555e+00
 1.10299304e+00
 1.10308481e+00
 1.10317895e+00
 1.10327364e+00
 1.10336712e+00
 1.10345758e+00
 1.10354319e+00
 1.10362199e+00
 1.10369179e+00
 1.10375000e+00
 1.10379334e+00
 1.10381733e+00
 1.10381543e+00
 1.10377796e+00
 1.10369146e+00
 1.10354166e+00
 1.10332637e+00
 1.10307871e+00
 1.10287407e+00
 1.10279410e+00
 1.10215232e+00
 1.10208145e+00
 1.10191281e+00
 1.10173553e+00
 1.10160577e+00
 1.10153002e+00
 1.10149511e+00
 1.10148786e+00
 1.10149926e+00
 1.10152365e+00
 1.10155741e+00
 1.10159807e+00
 1.10164383e+00
 1.10169326e+00
 1.10174513e+00
 1.10179835e+00
 1.10185189e+00
 1.10190474e+00
 1.10195586e+00
 1.10200423e+00
 1.10204872e+00
 1.10208807e+00
 1.10212076e+00
 1.10214483e+00
 1.10215749e+00
 1.10215444e+00
 1.10212863e+00
 1.10206847e+00
 1.10195649e+00
 1.10177506e+00
 1.10153259e+00
 1.10130398e+00
 1.10120819e+00
 1.10107257e+00
 1.10101665e+00
 1.10089906e+00
 1.10079340e+00
 1.10072393e+00
 1.10068564e+00
 1.10066837e+00
 1.10066448e+00
 1.10066930e+00
 1.10068006e+00
 1.10069506e+00
 1.10071317e+00
 1.10073357e+00
 1.10075563e+00
 1.10077876e+00
 1.10080250e+00
 1.10082638e+00
 1.10084997e+00
 1.10087277e+00
 1.10089434e+00
 1.10091418e+00
 1.10093172e+00
 1.10094627e+00
 1.10095693e+00
 1.10096242e+00
 1.10096070e+00
 1.10094832e+00
 1.10091923e+00
 1.10086328e+00
 1.10076686e+00
 1.10062316e+00
 1.10046452e+00
 1.10038928e+00
 1.10028803e+00
 1.10026586e+00
 1.10022907e+00
 1.10020013e+00
 1.10018187e+00
 1.10017200e+00
 1.10016757e+00
 1.10016656e+00
 1.10016776e+00
 1.10017044e+00
 1.10017419e+00
 1.10017872e+00
 1.10018384e+00
 1.10018938e+00
 1.10019516e+00
 1.10020111e+00
 1.10020709e+00
 1.10021301e+00
 1.10021872e+00
 1.10022412e+00
 1.10022909e+00
 1.10023349e+00
 1.10023713e+00
 1.10023980e+00
 1.10024117e+00
 1.10024071e+00
 1.10023756e+00
 1.10023013e+00
 1.10021573e+00
 1.10019043e+00
 1.10015112e+00
 1.10010158e+00
 1.10007182e+00
 1.10000000e+00
 1.10000001e+00
 1.10000001e+00
 1.10000001e+00
 1.09999999e+00
 1.10000000e+00
 1.10000000e+00
 1.10000001e+00
 1.10000002e+00
 1.10000001e+00
 1.10000000e+00
 1.09999999e+00
 1.10000000e+00
 1.10000001e+00
 1.10000000e+00
 1.10000000e+00
 1.10000000e+00
 1.10000001e+00
 1.10000000e+00
 1.09999999e+00
 1.09999999e+00
 1.10000000e+00
 1.10000000e+00
 1.10000000e+00
 1.10000000e+00
 1.10000000e+00
 1.10000000e+00
 1.10000000e+00
 1.10000000e+00
 1.10000000e+00
 1.10000000e+00
 1.10000000e+00
 1.10000000e+00
