 1.10000000e+00
 1.09999999e+00
 1.09999999e+00
 1.10000000e+00
 1.09999998e+00
 1.09999999e+00
 1.10000000e+00
 1.10000002e+00
 1.10000000e+00
 1.10000000e+00
 1.10000001e+00
 1.10000000e+00
 1.09999999e+00
 1.09999999e+00
 1.09999998e+00
 1.10000001e+00
 1.10000000e+00
 1.10000000e+00
 1.10000000e+00
 1.10000000e+00
 1.10000000e+00
 1.10000000e+00
 1.10000000e+00
 1.10000000e+00
 1.10000000e+00
 1.10000000e+00
 1.10000000e+00
 1.10000000e+00
 1.10000000e+00
 1.10000000e+00
 1.09999999e+00
 1.10000000e+00
 1.10000000e+00
 1.10090857e+00
 1.10084761e+00
 1.10074534e+00
 1.10066270e+00
 1.10060729e+00
 1.10057276e+00
 1.10055107e+00
 1.10053679e+00
 1.10052663e+00
 1.10051890e+00
 1.10051258e+00
 1.10050706e+00
 1.10050198e+00
 1.10049713e+00
 1.10049233e+00
 1.10048755e+00
 1.10048265e+00
 1.10047766e+00
 1.10047253e+00
 1.10046728e+00
 1.10046190e+00
 1.10045637e+00
 1.10045065e+00
 1.10044468e+00
 1.10043831e+00
 1.10043121e+00
 1.10042284e+00
 1.10041209e+00
 1.10039703e+00
 1.10037482e+00
 1.10034318e+00
 1.10030497e+00
 1.10028244e+00
 1.10341704e+00
 1.10326208e+00
 1.10293334e+00
 1.10263032e+00
 1.10241842e+00
 1.10228367e+00
 1.10219826e+00
 1.10214156e+00
 1.10210127e+00
 1.10207051e+00
 1.10204532e+00
 1.10202333e+00
 1.10200310e+00
 1.10198374e+00
 1.10196464e+00
 1.10194547e+00
 1.10192596e+00
 1.10190602e+00
 1.10188558e+00
 1.10186463e+00
 1.10184315e+00
 1.10182108e+00
 1.10179829e+00
 1.10177449e+00
 1.10174906e+00
 1.10172083e+00
 1.10168757e+00
 1.10164507e+00
 1.10158610e+00
 1.10150081e+00
 1.10138434e+00
 1.10126079e+00
 1.10120303e+00
 1.10697582e+00
 1.10677642e+00
 1.10629734e+00
 1.10577976e+00
 1.10537522e+00
 1.10510040e+00
 1.10491918e+00
 1.10479602e+00
 1.10470736e+00
 1.10463914e+00
 1.10458302e+00
 1.10453393e+00
 1.10448871e+00
 1.10444538e+00
 1.10440263e+00
 1.10435967e+00
 1.10431598e+00
 1.10427130e+00
 1.10422552e+00
 1.10417859e+00
 1.10413046e+00
 1.10408105e+00
 1.10403006e+00
 1.10397685e+00
 1.10392014e+00
 1.10385748e+00
 1.10378436e+00
 1.10369285e+00
 1.10357063e+00
 1.10340514e+00
 1.10320304e+00
 1.10302010e+00
 1.10294460e+00
 1.11099609e+00
 1.11082498e+00
 1.11038301e+00
 1.10983529e+00
 1.10933405e+00
 1.10894581e+00
 1.10866566e+00
 1.10846437e+00
 1.10831468e+00
 1.10819730e+00
 1.10809965e+00
 1.10801369e+00
 1.10793423e+00
 1.10785789e+00
 1.10778250e+00
 1.10770665e+00
 1.10762951e+00
 1.10755060e+00
 1.10746974e+00
 1.10738685e+00
 1.10730190e+00
 1.10721474e+00
 1.10712492e+00
 1.10703146e+00
 1.10693241e+00
 1.10682424e+00
 1.10670104e+00
 1.10655399e+00
 1.10637359e+00
 1.10615912e+00
 1.10593585e+00
 1.10576016e+00
 1.10569285e+00
 1.11529727e+00
 1.11521126e+00
 1.11495544e+00
 1.11456399e+00
 1.11411881e+00
 1.11370374e+00
 1.11336025e+00
 1.11308992e+00
 1.11287709e+00
 1.11270431e+00
 1.11255754e+00
 1.11242671e+00
 1.11230487e+00
 1.11218730e+00
 1.11207088e+00
 1.11195358e+00
 1.11183418e+00
 1.11171201e+00
 1.11158680e+00
 1.11145849e+00
 1.11132710e+00
 1.11119248e+00
 1.11105415e+00
 1.11091098e+00
 1.11076083e+00
 1.11060023e+00
 1.11042454e+00
 1.11022983e+00
 1.11001847e+00
 1.10980727e+00
 1.10962829e+00
 1.10951267e+00
 1.10947375e+00
 1.12046828e+00
 1.12041674e+00
 1.12025830e+00
 1.11999294e+00
 1.11964630e+00
 1.11926960e+00
 1.11891191e+00
 1.11859868e+00
 1.11833282e+00
 1.11810594e+00
 1.11790699e+00
 1.11772608e+00
 1.11755555e+00
 1.11738979e+00
 1.11722492e+00
 1.11705839e+00
 1.11688862e+00
 1.11671481e+00
 1.11653666e+00
 1.11635421e+00
 1.11616759e+00
 1.11597685e+00
 1.11578174e+00
 1.11558147e+00
 1.11537462e+00
 1.11515952e+00
 1.11493558e+00
 1.11470642e+00
 1.11448387e+00
 1.11428829e+00
 1.11414049e+00
 1.11405145e+00
 1.11402212e+00
 1.12658800e+00
 1.12654227e+00
 1.12640803e+00
 1.12619282e+00
 1.12590959e+00
 1.12558154e+00
 1.12523969e+00
 1.12491093e+00
 1.12460919e+00
 1.12433624e+00
 1.12408700e+00
 1.12385426e+00
 1.12363110e+00
 1.12341189e+00
 1.12319247e+00
 1.12296999e+00
 1.12274270e+00
 1.12250976e+00
 1.12227098e+00
 1.12202660e+00
 1.12177709e+00
 1.12152295e+00
 1.12126455e+00
 1.12100211e+00
 1.12073596e+00
 1.12046743e+00
 1.12020046e+00
 1.11994354e+00
 1.11970985e+00
 1.11951394e+00
 1.11936711e+00
 1.11927625e+00
 1.11924546e+00
 1.13342856e+00
 1.13339409e+00
 1.13329014e+00
 1.13311728e+00
 1.13288132e+00
 1.13259526e+00
 1.13227831e+00
 1.13195110e+00
 1.13162950e+00
 1.13132133e+00
 1.13102734e+00
 1.13074418e+00
 1.13046700e+00
 1.13019107e+00
 1.12991254e+00
 1.12962869e+00
 1.12933788e+00
 1.12903941e+00
 1.12873339e+00
 1.12842048e+00
 1.12810173e+00
 1.12777842e+00
 1.12745201e+00
 1.12712431e+00
 1.12679795e+00
 1.12647731e+00
 1.12616947e+00
 1.12588451e+00
 1.12563418e+00
 1.12542948e+00
 1.12527870e+00
 1.12518682e+00
 1.12515603e+00
 1.14099213e+00
 1.14096202e+00
 1.14087196e+00
 1.14072296e+00
 1.14051769e+00
 1.14026246e+00
 1.13996817e+00
 1.13964868e+00
 1.13931729e+00
 1.13898340e+00
 1.13865132e+00
 1.13832117e+00
 1.13799063e+00
 1.13765657e+00
 1.13731602e+00
 1.13696683e+00
 1.13660777e+00
 1.13623861e+00
 1.13585997e+00
 1.13547320e+00
 1.13508021e+00
 1.13468340e+00
 1.13428568e+00
 1.13389077e+00
 1.13350357e+00
 1.13313079e+00
 1.13278109e+00
 1.13246458e+00
 1.13219147e+00
 1.13197060e+00
 1.13180857e+00
 1.13170971e+00
 1.13167650e+00
 1.14918464e+00
 1.14915808e+00
 1.14907818e+00
 1.14894480e+00
 1.14875899e+00
 1.14852401e+00
 1.14824598e+00
 1.14793357e+00
 1.14759637e+00
 1.14724274e+00
 1.14687816e+00
 1.14650492e+00
 1.14612291e+00
 1.14573073e+00
 1.14532669e+00
 1.14490954e+00
 1.14447883e+00
 1.14403507e+00
 1.14357970e+00
 1.14311499e+00
 1.14264400e+00
 1.14217052e+00
 1.14169913e+00
 1.14123543e+00
 1.14078627e+00
 1.14035991e+00
 1.13996571e+00
 1.13961347e+00
 1.13931237e+00
 1.13907020e+00
 1.13889300e+00
 1.13878500e+00
 1.13874872e+00
 1.15793165e+00
 1.15790672e+00
 1.15783187e+00
 1.15770699e+00
 1.15753233e+00
 1.15730917e+00
 1.15704060e+00
 1.15673163e+00
 1.15638856e+00
 1.15601770e+00
 1.15562415e+00
 1.15521107e+00
 1.15477975e+00
 1.15433029e+00
 1.15386235e+00
 1.15337580e+00
 1.15287124e+00
 1.15235015e+00
 1.15181506e+00
 1.15126945e+00
 1.15071774e+00
 1.15016526e+00
 1.14961831e+00
 1.14908423e+00
 1.14857143e+00
 1.14808926e+00
 1.14764753e+00
 1.14725589e+00
 1.14692312e+00
 1.14665665e+00
 1.14646225e+00
 1.14634401e+00
 1.14630434e+00
 1.16713930e+00
 1.16711551e+00
 1.16704389e+00
 1.16692388e+00
 1.16675504e+00
 1.16653754e+00
 1.16627260e+00
 1.16596277e+00
 1.16561177e+00
 1.16522382e+00
 1.16480289e+00
 1.16435205e+00
 1.16387326e+00
 1.16336765e+00
 1.16283606e+00
 1.16227954e+00
 1.16169984e+00
 1.16109970e+00
 1.16048289e+00
 1.15985431e+00
 1.15921991e+00
 1.15858664e+00
 1.15796249e+00
 1.15735634e+00
 1.15677794e+00
 1.15623750e+00
 1.15574530e+00
 1.15531107e+00
 1.15494352e+00
 1.15464997e+00
 1.15443617e+00
 1.15430625e+00
 1.15426267e+00
 1.17671766e+00
 1.17669420e+00
 1.17662357e+00
 1.17650511e+00
 1.17633796e+00
 1.17612144e+00
 1.17585548e+00
 1.17554086e+00
 1.17517929e+00
 1.17477317e+00
 1.17432511e+00
 1.17383758e+00
 1.17331259e+00
 1.17275189e+00
 1.17215719e+00
 1.17153066e+00
 1.17087527e+00
 1.17019506e+00
 1.16949528e+00
 1.16878235e+00
 1.16806384e+00
 1.16734838e+00
 1.16664552e+00
 1.16596564e+00
 1.16531961e+00
 1.16471854e+00
 1.16417323e+00
 1.16369371e+00
 1.16328888e+00
 1.16296618e+00
 1.16273147e+00
 1.16258895e+00
 1.16254116e+00
 1.18656807e+00
 1.18654456e+00
 1.18647373e+00
 1.18635477e+00
 1.18618650e+00
 1.18596767e+00
 1.18569724e+00
 1.18537467e+00
 1.18500012e+00
 1.18457440e+00
 1.18409882e+00
 1.18357497e+00
 1.18300461e+00
 1.18238966e+00
 1.18173250e+00
 1.18103622e+00
 1.18030500e+00
 1.17954424e+00
 1.17876073e+00
 1.17796253e+00
 1.17715889e+00
 1.17636011e+00
 1.17557727e+00
 1.17482211e+00
 1.17410662e+00
 1.17344278e+00
 1.17284203e+00
 1.17231494e+00
 1.17187078e+00
 1.17151727e+00
 1.17126047e+00
 1.17110467e+00
 1.17105245e+00
 1.19658946e+00
 1.19656568e+00
 1.19649398e+00
 1.19637337e+00
 1.19620237e+00
 1.19597919e+00
 1.19570203e+00
 1.19536932e+00
 1.19497995e+00
 1.19453341e+00
 1.19402978e+00
 1.19346974e+00
 1.19285454e+00
 1.19218607e+00
 1.19146709e+00
 1.19070148e+00
 1.18989452e+00
 1.18905301e+00
 1.18818533e+00
 1.18730127e+00
 1.18641180e+00
 1.18552884e+00
 1.18466501e+00
 1.18383332e+00
 1.18304685e+00
 1.18231845e+00
 1.18166030e+00
 1.18108358e+00
 1.18059808e+00
 1.18021202e+00
 1.17993178e+00
 1.17976188e+00
 1.17970496e+00
 1.20668078e+00
 1.20665655e+00
 1.20658350e+00
 1.20646051e+00
 1.20628581e+00
 1.20605712e+00
 1.20577194e+00
 1.20542779e+00
 1.20502249e+00
 1.20455436e+00
 1.20402239e+00
 1.20342635e+00
 1.20276684e+00
 1.20204556e+00
 1.20126543e+00
 1.20043097e+00
 1.19954847e+00
 1.19862616e+00
 1.19767405e+00
 1.19670373e+00
 1.19572795e+00
 1.19476029e+00
 1.19381483e+00
 1.19290581e+00
 1.19204736e+00
 1.19125320e+00
 1.19053622e+00
 1.18990823e+00
 1.18937962e+00
 1.18895914e+00
 1.18865374e+00
 1.18846846e+00
 1.18840635e+00
 1.21673972e+00
 1.21671513e+00
 1.21664086e+00
 1.21651553e+00
 1.21633696e+00
 1.21610238e+00
 1.21580866e+00
 1.21545253e+00
 1.21503087e+00
 1.21454096e+00
 1.21398078e+00
 1.21334918e+00
 1.21264611e+00
 1.21187285e+00
 1.21103236e+00
 1.21012960e+00
 1.20917183e+00
 1.20816867e+00
 1.20713191e+00
 1.20607504e+00
 1.20501270e+00
 1.20396016e+00
 1.20293291e+00
 1.20194638e+00
 1.20101568e+00
 1.20015537e+00
 1.19937910e+00
 1.19869937e+00
 1.19812720e+00
 1.19767197e+00
 1.19734120e+00
 1.19714046e+00
 1.19707316e+00
 1.22666933e+00
 1.22664424e+00
 1.22656846e+00
 1.22644046e+00
 1.22625778e+00
 1.22601719e+00
 1.22571490e+00
 1.22534685e+00
 1.22490899e+00
 1.22439767e+00
 1.22380988e+00
 1.22314362e+00
 1.22239808e+00
 1.22157402e+00
 1.22067419e+00
 1.21970381e+00
 1.21867100e+00
 1.21758688e+00
 1.21646516e+00
 1.21532149e+00
 1.21417255e+00
 1.21303534e+00
 1.21192672e+00
 1.21086322e+00
 1.20986084e+00
 1.20893493e+00
 1.20809990e+00
 1.20736900e+00
 1.20675395e+00
 1.20626476e+00
 1.20590945e+00
 1.20569388e+00
 1.20562163e+00
 1.23637142e+00
 1.23634592e+00
 1.23626883e+00
 1.23613845e+00
 1.23595201e+00
 1.23570583e+00
 1.23539549e+00
 1.23501611e+00
 1.23456276e+00
 1.23403086e+00
 1.23341656e+00
 1.23271703e+00
 1.23193068e+00
 1.23105752e+00
 1.23009977e+00
 1.22906265e+00
 1.22795502e+00
 1.22678961e+00
 1.22558241e+00
 1.22435159e+00
 1.22311616e+00
 1.22189494e+00
 1.22070609e+00
 1.21956700e+00
 1.21849438e+00
 1.21750426e+00
 1.21661176e+00
 1.21583084e+00
 1.21517390e+00
 1.21465153e+00
 1.21427218e+00
 1.21404205e+00
 1.21396491e+00
 1.24575197e+00
 1.24572617e+00
 1.24564814e+00
 1.24551602e+00
 1.24532672e+00
 1.24507599e+00
 1.24475866e+00
 1.24436901e+00
 1.24390120e+00
 1.24334987e+00
 1.24271053e+00
 1.24197968e+00
 1.24115488e+00
 1.24023508e+00
 1.23922148e+00
 1.23811882e+00
 1.23693655e+00
 1.23568918e+00
 1.23439555e+00
 1.23307699e+00
 1.23175531e+00
 1.23045130e+00
 1.22918420e+00
 1.22797191e+00
 1.22683149e+00
 1.22577940e+00
 1.22483137e+00
 1.22400205e+00
 1.22330453e+00
 1.22275000e+00
 1.22234738e+00
 1.22210318e+00
 1.22202134e+00
 1.25472175e+00
 1.25469593e+00
 1.25461774e+00
 1.25448499e+00
 1.25429413e+00
 1.25404030e+00
 1.25371741e+00
 1.25331868e+00
 1.25283741e+00
 1.25226775e+00
 1.25160502e+00
 1.25084537e+00
 1.24998545e+00
 1.24902260e+00
 1.24795617e+00
 1.24678969e+00
 1.24553287e+00
 1.24420236e+00
 1.24282067e+00
 1.24141333e+00
 1.24000573e+00
 1.23862083e+00
 1.23727857e+00
 1.23599675e+00
 1.23479214e+00
 1.23368125e+00
 1.23268030e+00
 1.23180466e+00
 1.23106818e+00
 1.23048266e+00
 1.23005752e+00
 1.22979964e+00
 1.22971321e+00
 1.26319874e+00
 1.26317302e+00
 1.26309518e+00
 1.26296302e+00
 1.26277245e+00
 1.26251753e+00
 1.26219071e+00
 1.26178382e+00
 1.26128940e+00
 1.26070184e+00
 1.26001720e+00
 1.25923193e+00
 1.25834153e+00
 1.25734077e+00
 1.25622589e+00
 1.25499805e+00
 1.25366672e+00
 1.25225115e+00
 1.25077877e+00
 1.24928093e+00
 1.24778779e+00
 1.24632476e+00
 1.24491195e+00
 1.24356593e+00
 1.24230223e+00
 1.24113681e+00
 1.24008621e+00
 1.23916664e+00
 1.23839300e+00
 1.23777794e+00
 1.23733150e+00
 1.23706082e+00
 1.23697012e+00
 1.27110270e+00
 1.27107800e+00
 1.27100284e+00
 1.27087425e+00
 1.27068721e+00
 1.27043407e+00
 1.27010491e+00
 1.26968957e+00
 1.26918047e+00
 1.26857391e+00
 1.26786847e+00
 1.26706158e+00
 1.26614705e+00
 1.26511556e+00
 1.26395834e+00
 1.26267261e+00
 1.26126684e+00
 1.25976340e+00
 1.25819647e+00
 1.25660550e+00
 1.25502720e+00
 1.25348996e+00
 1.25201314e+00
 1.25061046e+00
 1.24929462e+00
 1.24808015e+00
 1.24698373e+00
 1.24602273e+00
 1.24521344e+00
 1.24456965e+00
 1.24410214e+00
 1.24381858e+00
 1.24372355e+00
 1.27836762e+00
 1.27834400e+00
 1.27827281e+00
 1.27815158e+00
 1.27797329e+00
 1.27772598e+00
 1.27739502e+00
 1.27696796e+00
 1.27643918e+00
 1.27581020e+00
 1.27508462e+00
 1.27426141e+00
 1.27333129e+00
 1.27227853e+00
 1.27108705e+00
 1.26974814e+00
 1.26826820e+00
 1.26667329e+00
 1.26500663e+00
 1.26331889e+00
 1.26165587e+00
 1.26004971e+00
 1.25851778e+00
 1.25706860e+00
 1.25570979e+00
 1.25445314e+00
 1.25331528e+00
 1.25231530e+00
 1.25147168e+00
 1.25080004e+00
 1.25031224e+00
 1.25001643e+00
 1.24991731e+00
 1.28491358e+00
 1.28489605e+00
 1.28484032e+00
 1.28473854e+00
 1.28457848e+00
 1.28434129e+00
 1.28400530e+00
 1.28355724e+00
 1.28299866e+00
 1.28234145e+00
 1.28159669e+00
 1.28076434e+00
 1.27982942e+00
 1.27876688e+00
 1.27755103e+00
 1.27616505e+00
 1.27461176e+00
 1.27292147e+00
 1.27114902e+00
 1.26936012e+00
 1.26761298e+00
 1.26594464e+00
 1.26436905e+00
 1.26288634e+00
 1.26149606e+00
 1.26020556e+00
 1.25903109e+00
 1.25799421e+00
 1.25711675e+00
 1.25641715e+00
 1.25590892e+00
 1.25560084e+00
 1.25549766e+00
 1.29074025e+00
 1.29072382e+00
 1.29067708e+00
 1.29059863e+00
 1.29046650e+00
 1.29024036e+00
 1.28988690e+00
 1.28939947e+00
 1.28879608e+00
 1.28810404e+00
 1.28734263e+00
 1.28651054e+00
 1.28558327e+00
 1.28452327e+00
 1.28329402e+00
 1.28186850e+00
 1.28024381e+00
 1.27845493e+00
 1.27657090e+00
 1.27467660e+00
 1.27284645e+00
 1.27112402e+00
 1.26951841e+00
 1.26801746e+00
 1.26660912e+00
 1.26529441e+00
 1.26408863e+00
 1.26301647e+00
 1.26210472e+00
 1.26137593e+00
 1.26084584e+00
 1.26052422e+00
 1.26041643e+00
 1.29566025e+00
 1.29566825e+00
 1.29568985e+00
 1.29569572e+00
 1.29561805e+00
 1.29539101e+00
 1.29499102e+00
 1.29443783e+00
 1.29377394e+00
 1.29304288e+00
 1.29226992e+00
 1.29144910e+00
 1.29054192e+00
 1.28949554e+00
 1.28826369e+00
 1.28680730e+00
 1.28511491e+00
 1.28322665e+00
 1.28122757e+00
 1.27922545e+00
 1.27731468e+00
 1.27554712e+00
 1.27392621e+00
 1.27242314e+00
 1.27101072e+00
 1.26968221e+00
 1.26845107e+00
 1.26734526e+00
 1.26639810e+00
 1.26563882e+00
 1.26508690e+00
 1.26475258e+00
 1.26464063e+00
 1.29973981e+00
 1.29981397e+00
 1.29997721e+00
 1.30009245e+00
 1.30003386e+00
 1.29975058e+00
 1.29926095e+00
 1.29861796e+00
 1.29788443e+00
 1.29711529e+00
 1.29633797e+00
 1.29553900e+00
 1.29466196e+00
 1.29363651e+00
 1.29241122e+00
 1.29093320e+00
 1.28917907e+00
 1.28719516e+00
 1.28508262e+00
 1.28297456e+00
 1.28098802e+00
 1.27918438e+00
 1.27756217e+00
 1.27607142e+00
 1.27466714e+00
 1.27333485e+00
 1.27208514e+00
 1.27094818e+00
 1.26996407e+00
 1.26917090e+00
 1.26859528e+00
 1.26824900e+00
 1.26813377e+00
 1.30346496e+00
 1.30355919e+00
 1.30374329e+00
 1.30381699e+00
 1.30365374e+00
 1.30324389e+00
 1.30263560e+00
 1.30189563e+00
 1.30109474e+00
 1.30029379e+00
 1.29951917e+00
 1.29874902e+00
 1.29790729e+00
 1.29690449e+00
 1.29569185e+00
 1.29420094e+00
 1.29239372e+00
 1.29032435e+00
 1.28810778e+00
 1.28590263e+00
 1.28384910e+00
 1.28201785e+00
 1.28040521e+00
 1.27893653e+00
 1.27754812e+00
 1.27621997e+00
 1.27495882e+00
 1.27379554e+00
 1.27277542e+00
 1.27194420e+00
 1.27133744e+00
 1.27097280e+00
 1.27085186e+00
 1.30668910e+00
 1.30674473e+00
 1.30679869e+00
 1.30668323e+00
 1.30634059e+00
 1.30578672e+00
 1.30506703e+00
 1.30424410e+00
 1.30338880e+00
 1.30256536e+00
 1.30179761e+00
 1.30105670e+00
 1.30024859e+00
 1.29926473e+00
 1.29806658e+00
 1.29656972e+00
 1.29472107e+00
 1.29258375e+00
 1.29028234e+00
 1.28799790e+00
 1.28589125e+00
 1.28404006e+00
 1.28244235e+00
 1.28099825e+00
 1.27962728e+00
 1.27830736e+00
 1.27704089e+00
 1.27585842e+00
 1.27480884e+00
 1.27394225e+00
 1.27330089e+00
 1.27291199e+00
 1.27278287e+00
 1.30892969e+00
 1.30890734e+00
 1.30877197e+00
 1.30846721e+00
 1.30798152e+00
 1.30732524e+00
 1.30653057e+00
 1.30565346e+00
 1.30476339e+00
 1.30392718e+00
 1.30316609e+00
 1.30244700e+00
 1.30166332e+00
 1.30069132e+00
 1.29950468e+00
 1.29800604e+00
 1.29613074e+00
 1.29394967e+00
 1.29159238e+00
 1.28925563e+00
 1.28711473e+00
 1.28525113e+00
 1.28366666e+00
 1.28224163e+00
 1.28088372e+00
 1.27957143e+00
 1.27830343e+00
 1.27710968e+00
 1.27604158e+00
 1.27515129e+00
 1.27448359e+00
 1.27407195e+00
 1.27393392e+00
 1.30973600e+00
 1.30966360e+00
 1.30944327e+00
 1.30906765e+00
 1.30853123e+00
 1.30783936e+00
 1.30701874e+00
 1.30612299e+00
 1.30522102e+00
 1.30438075e+00
 1.30362237e+00
 1.30291136e+00
 1.30213664e+00
 1.30116858e+00
 1.29998634e+00
 1.29848746e+00
 1.29660293e+00
 1.29440675e+00
 1.29202992e+00
 1.28967486e+00
 1.28752212e+00
 1.28565424e+00
 1.28407505e+00
 1.28265718e+00
 1.28130406e+00
 1.27999485e+00
 1.27872668e+00
 1.27752924e+00
 1.27645495e+00
 1.27555657e+00
 1.27487957e+00
 1.27445876e+00
 1.27431600e+00
