 1.29965500e+00
 1.29970062e+00
 1.29983359e+00
 1.30004265e+00
 1.30030972e+00
 1.30061109e+00
 1.30091897e+00
 1.30120355e+00
 1.30143846e+00
 1.30160307e+00
 1.30168911e+00
 1.30170023e+00
 1.30164221e+00
 1.30151695e+00
 1.30133552e+00
 1.30111009e+00
 1.30085110e+00
 1.30057029e+00
 1.30026495e+00
 1.29994012e+00
 1.29962070e+00
 1.29932534e+00
 1.29905980e+00
 1.29882270e+00
 1.29861581e+00
 1.29843955e+00
 1.29829376e+00
 1.29817622e+00
 1.29808519e+00
 1.29801726e+00
 1.29797007e+00
 1.29794221e+00
 1.29793300e+00
 1.29992319e+00
 1.29986111e+00
 1.29981151e+00
 1.29987022e+00
 1.30003375e+00
 1.30026853e+00
 1.30053381e+00
 1.30079109e+00
 1.30100862e+00
 1.30116283e+00
 1.30124324e+00
 1.30125161e+00
 1.30119258e+00
 1.30106782e+00
 1.30088766e+00
 1.30066381e+00
 1.30040653e+00
 1.30012701e+00
 1.29982328e+00
 1.29950081e+00
 1.29918343e+00
 1.29888934e+00
 1.29862445e+00
 1.29838791e+00
 1.29818152e+00
 1.29800610e+00
 1.29786202e+00
 1.29774859e+00
 1.29766650e+00
 1.29761658e+00
 1.29760017e+00
 1.29761352e+00
 1.29762976e+00
 1.30036305e+00
 1.30013242e+00
 1.29967506e+00
 1.29933078e+00
 1.29920061e+00
 1.29924157e+00
 1.29938148e+00
 1.29955763e+00
 1.29972326e+00
 1.29984607e+00
 1.29990918e+00
 1.29990903e+00
 1.29984678e+00
 1.29972327e+00
 1.29954671e+00
 1.29932743e+00
 1.29907512e+00
 1.29879951e+00
 1.29850062e+00
 1.29818485e+00
 1.29787333e+00
 1.29758295e+00
 1.29732002e+00
 1.29708508e+00
 1.29688019e+00
 1.29670712e+00
 1.29656802e+00
 1.29646635e+00
 1.29640982e+00
 1.29640989e+00
 1.29647386e+00
 1.29657541e+00
 1.29662895e+00
 1.30005436e+00
 1.29973834e+00
 1.29899703e+00
 1.29824770e+00
 1.29774759e+00
 1.29751322e+00
 1.29746273e+00
 1.29751080e+00
 1.29759254e+00
 1.29766339e+00
 1.29769706e+00
 1.29768198e+00
 1.29761399e+00
 1.29749181e+00
 1.29732059e+00
 1.29710845e+00
 1.29686389e+00
 1.29659498e+00
 1.29630400e+00
 1.29599835e+00
 1.29569575e+00
 1.29541122e+00
 1.29515158e+00
 1.29491906e+00
 1.29471635e+00
 1.29454658e+00
 1.29441443e+00
 1.29432842e+00
 1.29430366e+00
 1.29435809e+00
 1.29448968e+00
 1.29463882e+00
 1.29470524e+00
 1.29802106e+00
 1.29774378e+00
 1.29703801e+00
 1.29619514e+00
 1.29548186e+00
 1.29500915e+00
 1.29475560e+00
 1.29465118e+00
 1.29462669e+00
 1.29462879e+00
 1.29462183e+00
 1.29458542e+00
 1.29450891e+00
 1.29438752e+00
 1.29422266e+00
 1.29401961e+00
 1.29378506e+00
 1.29352558e+00
 1.29324522e+00
 1.29295200e+00
 1.29266038e+00
 1.29238331e+00
 1.29212807e+00
 1.29189839e+00
 1.29169786e+00
 1.29153080e+00
 1.29140362e+00
 1.29132668e+00
 1.29131362e+00
 1.29137185e+00
 1.29148240e+00
 1.29159125e+00
 1.29163661e+00
 1.29399399e+00
 1.29385364e+00
 1.29344134e+00
 1.29282754e+00
 1.29216463e+00
 1.29160153e+00
 1.29120453e+00
 1.29096240e+00
 1.29082919e+00
 1.29075532e+00
 1.29070088e+00
 1.29063849e+00
 1.29055122e+00
 1.29042988e+00
 1.29027189e+00
 1.29007928e+00
 1.28985653e+00
 1.28960885e+00
 1.28934124e+00
 1.28906172e+00
 1.28878210e+00
 1.28851343e+00
 1.28826315e+00
 1.28803612e+00
 1.28783660e+00
 1.28766916e+00
 1.28753930e+00
 1.28745280e+00
 1.28741151e+00
 1.28740553e+00
 1.28741270e+00
 1.28741531e+00
 1.28741434e+00
 1.28902815e+00
 1.28894125e+00
 1.28867884e+00
 1.28825360e+00
 1.28772505e+00
 1.28719269e+00
 1.28674359e+00
 1.28641419e+00
 1.28619470e+00
 1.28605264e+00
 1.28595215e+00
 1.28586337e+00
 1.28576500e+00
 1.28564371e+00
 1.28549308e+00
 1.28531192e+00
 1.28510236e+00
 1.28486831e+00
 1.28461485e+00
 1.28434949e+00
 1.28408201e+00
 1.28382187e+00
 1.28357640e+00
 1.28335105e+00
 1.28315020e+00
 1.28297750e+00
 1.28283519e+00
 1.28272232e+00
 1.28263237e+00
 1.28255489e+00
 1.28248489e+00
 1.28243141e+00
 1.28241092e+00
 1.28333659e+00
 1.28325682e+00
 1.28302742e+00
 1.28267436e+00
 1.28223706e+00
 1.28177083e+00
 1.28133730e+00
 1.28098113e+00
 1.28071590e+00
 1.28052883e+00
 1.28039427e+00
 1.28028510e+00
 1.28017875e+00
 1.28005925e+00
 1.27991718e+00
 1.27974857e+00
 1.27955338e+00
 1.27933421e+00
 1.27909562e+00
 1.27884427e+00
 1.27858838e+00
 1.27833616e+00
 1.27809463e+00
 1.27786937e+00
 1.27766460e+00
 1.27748275e+00
 1.27732360e+00
 1.27718370e+00
 1.27705801e+00
 1.27694499e+00
 1.27685094e+00
 1.27678765e+00
 1.27676530e+00
 1.27662554e+00
 1.27656550e+00
 1.27638944e+00
 1.27611169e+00
 1.27575978e+00
 1.27537270e+00
 1.27499426e+00
 1.27466202e+00
 1.27439633e+00
 1.27419725e+00
 1.27404993e+00
 1.27393319e+00
 1.27382635e+00
 1.27371294e+00
 1.27358193e+00
 1.27342746e+00
 1.27324781e+00
 1.27304435e+00
 1.27282084e+00
 1.27258294e+00
 1.27233765e+00
 1.27209218e+00
 1.27185319e+00
 1.27162630e+00
 1.27141580e+00
 1.27122413e+00
 1.27105144e+00
 1.27089624e+00
 1.27075757e+00
 1.27063761e+00
 1.27054247e+00
 1.27048043e+00
 1.27045878e+00
 1.26901485e+00
 1.26896791e+00
 1.26883173e+00
 1.26861948e+00
 1.26835152e+00
 1.26805419e+00
 1.26775692e+00
 1.26748664e+00
 1.26726117e+00
 1.26708526e+00
 1.26695151e+00
 1.26684508e+00
 1.26674910e+00
 1.26664865e+00
 1.26653274e+00
 1.26639474e+00
 1.26623197e+00
 1.26604488e+00
 1.26583637e+00
 1.26561119e+00
 1.26537529e+00
 1.26513512e+00
 1.26489701e+00
 1.26466681e+00
 1.26444958e+00
 1.26424928e+00
 1.26406872e+00
 1.26391001e+00
 1.26377533e+00
 1.26366731e+00
 1.26358861e+00
 1.26354100e+00
 1.26352511e+00
 1.26051564e+00
 1.26048466e+00
 1.26039501e+00
 1.26025592e+00
 1.26008129e+00
 1.25988787e+00
 1.25969343e+00
 1.25951429e+00
 1.25936203e+00
 1.25924083e+00
 1.25914685e+00
 1.25907026e+00
 1.25899852e+00
 1.25891959e+00
 1.25882394e+00
 1.25870537e+00
 1.25856105e+00
 1.25839096e+00
 1.25819735e+00
 1.25798417e+00
 1.25775651e+00
 1.25752016e+00
 1.25728118e+00
 1.25704580e+00
 1.25682023e+00
 1.25661064e+00
 1.25642295e+00
 1.25626252e+00
 1.25613337e+00
 1.25603711e+00
 1.25597243e+00
 1.25593594e+00
 1.25592424e+00
 1.25120729e+00
 1.25119572e+00
 1.25116209e+00
 1.25110972e+00
 1.25104381e+00
 1.25097092e+00
 1.25089819e+00
 1.25083220e+00
 1.25077757e+00
 1.25073550e+00
 1.25070305e+00
 1.25067368e+00
 1.25063886e+00
 1.25058998e+00
 1.25051993e+00
 1.25042391e+00
 1.25029967e+00
 1.25014725e+00
 1.24996853e+00
 1.24976686e+00
 1.24954661e+00
 1.24931288e+00
 1.24907142e+00
 1.24882856e+00
 1.24859137e+00
 1.24836760e+00
 1.24816534e+00
 1.24799215e+00
 1.24785358e+00
 1.24775173e+00
 1.24768472e+00
 1.24764782e+00
 1.24763620e+00
 1.24125306e+00
 1.24126191e+00
 1.24128754e+00
 1.24132741e+00
 1.24137791e+00
 1.24143503e+00
 1.24149505e+00
 1.24155492e+00
 1.24161211e+00
 1.24166399e+00
 1.24170713e+00
 1.24173700e+00
 1.24174837e+00
 1.24173607e+00
 1.24169582e+00
 1.24162484e+00
 1.24152202e+00
 1.24138786e+00
 1.24122422e+00
 1.24103400e+00
 1.24082092e+00
 1.24058939e+00
 1.24034448e+00
 1.24009216e+00
 1.23983941e+00
 1.23959428e+00
 1.23936554e+00
 1.23916182e+00
 1.23899038e+00
 1.23885611e+00
 1.23876098e+00
 1.23870472e+00
 1.23868617e+00
 1.23084603e+00
 1.23087518e+00
 1.23095967e+00
 1.23109109e+00
 1.23125699e+00
 1.23144298e+00
 1.23163499e+00
 1.23182099e+00
 1.23199178e+00
 1.23214089e+00
 1.23226383e+00
 1.23235728e+00
 1.23241862e+00
 1.23244573e+00
 1.23243715e+00
 1.23239227e+00
 1.23231143e+00
 1.23219588e+00
 1.23204765e+00
 1.23186939e+00
 1.23166422e+00
 1.23143576e+00
 1.23118820e+00
 1.23092652e+00
 1.23065682e+00
 1.23038640e+00
 1.23012376e+00
 1.22987814e+00
 1.22965904e+00
 1.22947573e+00
 1.22933688e+00
 1.22924999e+00
 1.22922037e+00
 1.22021279e+00
 1.22026033e+00
 1.22039783e+00
 1.22061098e+00
 1.22087912e+00
 1.22117881e+00
 1.22148727e+00
 1.22178504e+00
 1.22205738e+00
 1.22229447e+00
 1.22249068e+00
 1.22264340e+00
 1.22275191e+00
 1.22281657e+00
 1.22283834e+00
 1.22281863e+00
 1.22275919e+00
 1.22266212e+00
 1.22252973e+00
 1.22236454e+00
 1.22216921e+00
 1.22194659e+00
 1.22169987e+00
 1.22143291e+00
 1.22115061e+00
 1.22085931e+00
 1.22056719e+00
 1.22028459e+00
 1.22002403e+00
 1.21979965e+00
 1.21962591e+00
 1.21951563e+00
 1.21947780e+00
 1.20960035e+00
 1.20966069e+00
 1.20983536e+00
 1.21010658e+00
 1.21044827e+00
 1.21083066e+00
 1.21122468e+00
 1.21160544e+00
 1.21195409e+00
 1.21225823e+00
 1.21251119e+00
 1.21271067e+00
 1.21285718e+00
 1.21295280e+00
 1.21300031e+00
 1.21300266e+00
 1.21296275e+00
 1.21288339e+00
 1.21276724e+00
 1.21261676e+00
 1.21243431e+00
 1.21222217e+00
 1.21198279e+00
 1.21171913e+00
 1.21143517e+00
 1.21113651e+00
 1.21083114e+00
 1.21053010e+00
 1.21024774e+00
 1.21000123e+00
 1.20980863e+00
 1.20968585e+00
 1.20964367e+00
 1.19920838e+00
 1.19927483e+00
 1.19946724e+00
 1.19976625e+00
 1.20014368e+00
 1.20056728e+00
 1.20100523e+00
 1.20142990e+00
 1.20182007e+00
 1.20216174e+00
 1.20244746e+00
 1.20267493e+00
 1.20284529e+00
 1.20296153e+00
 1.20302744e+00
 1.20304687e+00
 1.20302344e+00
 1.20296040e+00
 1.20286065e+00
 1.20272673e+00
 1.20256088e+00
 1.20236515e+00
 1.20214166e+00
 1.20189299e+00
 1.20162275e+00
 1.20133630e+00
 1.20104151e+00
 1.20074930e+00
 1.20047365e+00
 1.20023109e+00
 1.20003944e+00
 1.19991573e+00
 1.19987286e+00
 1.18918055e+00
 1.18924526e+00
 1.18943324e+00
 1.18972690e+00
 1.19009981e+00
 1.19052072e+00
 1.19095811e+00
 1.19138415e+00
 1.19177726e+00
 1.19212308e+00
 1.19241391e+00
 1.19264742e+00
 1.19282481e+00
 1.19294923e+00
 1.19302463e+00
 1.19305505e+00
 1.19304423e+00
 1.19299556e+00
 1.19291204e+00
 1.19279631e+00
 1.19265071e+00
 1.19247739e+00
 1.19227859e+00
 1.19205698e+00
 1.19181627e+00
 1.19156191e+00
 1.19130175e+00
 1.19104648e+00
 1.19080947e+00
 1.19060567e+00
 1.19044928e+00
 1.19035126e+00
 1.19031794e+00
 1.17957091e+00
 1.17962935e+00
 1.17979908e+00
 1.18006427e+00
 1.18040135e+00
 1.18078254e+00
 1.18117969e+00
 1.18156773e+00
 1.18192710e+00
 1.18224472e+00
 1.18251357e+00
 1.18273137e+00
 1.18289901e+00
 1.18301911e+00
 1.18309499e+00
 1.18313010e+00
 1.18312779e+00
 1.18309120e+00
 1.18302325e+00
 1.18292669e+00
 1.18280411e+00
 1.18265801e+00
 1.18249101e+00
 1.18230616e+00
 1.18210734e+00
 1.18189981e+00
 1.18169048e+00
 1.18148791e+00
 1.18130192e+00
 1.18114276e+00
 1.18102025e+00
 1.18094280e+00
 1.18091627e+00
 1.17042535e+00
 1.17047310e+00
 1.17061180e+00
 1.17082852e+00
 1.17110390e+00
 1.17141515e+00
 1.17173940e+00
 1.17205659e+00
 1.17235130e+00
 1.17261333e+00
 1.17283718e+00
 1.17302087e+00
 1.17316460e+00
 1.17326979e+00
 1.17333840e+00
 1.17337270e+00
 1.17337512e+00
 1.17334820e+00
 1.17329465e+00
 1.17321728e+00
 1.17311901e+00
 1.17300281e+00
 1.17287180e+00
 1.17272938e+00
 1.17257944e+00
 1.17242666e+00
 1.17227656e+00
 1.17213524e+00
 1.17200877e+00
 1.17190276e+00
 1.17182225e+00
 1.17177167e+00
 1.17175439e+00
 1.16176270e+00
 1.16179676e+00
 1.16189541e+00
 1.16204880e+00
 1.16224262e+00
 1.16246061e+00
 1.16268703e+00
 1.16290862e+00
 1.16311575e+00
 1.16330232e+00
 1.16346492e+00
 1.16360177e+00
 1.16371195e+00
 1.16379503e+00
 1.16385103e+00
 1.16388051e+00
 1.16388462e+00
 1.16386513e+00
 1.16382436e+00
 1.16376516e+00
 1.16369075e+00
 1.16360465e+00
 1.16351047e+00
 1.16341182e+00
 1.16331224e+00
 1.16321538e+00
 1.16312510e+00
 1.16304538e+00
 1.16297987e+00
 1.16293091e+00
 1.16289867e+00
 1.16288118e+00
 1.16287577e+00
 1.15359483e+00
 1.15361242e+00
 1.15366318e+00
 1.15374143e+00
 1.15383913e+00
 1.15394761e+00
 1.15405948e+00
 1.15416973e+00
 1.15427569e+00
 1.15437604e+00
 1.15446946e+00
 1.15455387e+00
 1.15462649e+00
 1.15468443e+00
 1.15472536e+00
 1.15474786e+00
 1.15475168e+00
 1.15473767e+00
 1.15470775e+00
 1.15466471e+00
 1.15461211e+00
 1.15455398e+00
 1.15449444e+00
 1.15443725e+00
 1.15438533e+00
 1.15434056e+00
 1.15430397e+00
 1.15427605e+00
 1.15425692e+00
 1.15424592e+00
 1.15424126e+00
 1.15424021e+00
 1.15424022e+00
 1.14591820e+00
 1.14591816e+00
 1.14591742e+00
 1.14591455e+00
 1.14590827e+00
 1.14589852e+00
 1.14588756e+00
 1.14588000e+00
 1.14588116e+00
 1.14589445e+00
 1.14591978e+00
 1.14595359e+00
 1.14599036e+00
 1.14602425e+00
 1.14605043e+00
 1.14606557e+00
 1.14606811e+00
 1.14605806e+00
 1.14603690e+00
 1.14600736e+00
 1.14597322e+00
 1.14593903e+00
 1.14590954e+00
 1.14588892e+00
 1.14587970e+00
 1.14588194e+00
 1.14589316e+00
 1.14590926e+00
 1.14592603e+00
 1.14594033e+00
 1.14595053e+00
 1.14595631e+00
 1.14595814e+00
 1.13873536e+00
 1.13871747e+00
 1.13866477e+00
 1.13857995e+00
 1.13846781e+00
 1.13833725e+00
 1.13820224e+00
 1.13807923e+00
 1.13798208e+00
 1.13791759e+00
 1.13788464e+00
 1.13787642e+00
 1.13788379e+00
 1.13789794e+00
 1.13791179e+00
 1.13792055e+00
 1.13792162e+00
 1.13791440e+00
 1.13789996e+00
 1.13788090e+00
 1.13786111e+00
 1.13784556e+00
 1.13783974e+00
 1.13784876e+00
 1.13787581e+00
 1.13792046e+00
 1.13797764e+00
 1.13803868e+00
 1.13809427e+00
 1.13813796e+00
 1.13816766e+00
 1.13818440e+00
 1.13818977e+00
 1.13207532e+00
 1.13204125e+00
 1.13193882e+00
 1.13177073e+00
 1.13154839e+00
 1.13129406e+00
 1.13103809e+00
 1.13081081e+00
 1.13063257e+00
 1.13050927e+00
 1.13043506e+00
 1.13039810e+00
 1.13038546e+00
 1.13038590e+00
 1.13039097e+00
 1.13039501e+00
 1.13039494e+00
 1.13038974e+00
 1.13038019e+00
 1.13036866e+00
 1.13035893e+00
 1.13035614e+00
 1.13036646e+00
 1.13039632e+00
 1.13045094e+00
 1.13053183e+00
 1.13063424e+00
 1.13074639e+00
 1.13085270e+00
 1.13093960e+00
 1.13099997e+00
 1.13103361e+00
 1.13104410e+00
 1.12603791e+00
 1.12597818e+00
 1.12580470e+00
 1.12553197e+00
 1.12518379e+00
 1.12480036e+00
 1.12443331e+00
 1.12412510e+00
 1.12389467e+00
 1.12373938e+00
 1.12364501e+00
 1.12359427e+00
 1.12357152e+00
 1.12356445e+00
 1.12356432e+00
 1.12356545e+00
 1.12356471e+00
 1.12356099e+00
 1.12355483e+00
 1.12354825e+00
 1.12354471e+00
 1.12354913e+00
 1.12356786e+00
 1.12360848e+00
 1.12367884e+00
 1.12378485e+00
 1.12392652e+00
 1.12409348e+00
 1.12426463e+00
 1.12441600e+00
 1.12453110e+00
 1.12460255e+00
 1.12462684e+00
 1.12057526e+00
 1.12050065e+00
 1.12027100e+00
 1.11988784e+00
 1.11939626e+00
 1.11888372e+00
 1.11843281e+00
 1.11808464e+00
 1.11784097e+00
 1.11768358e+00
 1.11758953e+00
 1.11753826e+00
 1.11751368e+00
 1.11750414e+00
 1.11750171e+00
 1.11750140e+00
 1.11750045e+00
 1.11749783e+00
 1.11749392e+00
 1.11749035e+00
 1.11748999e+00
 1.11749711e+00
 1.11751760e+00
 1.11755922e+00
 1.11763163e+00
 1.11774556e+00
 1.11790959e+00
 1.11812282e+00
 1.11836538e+00
 1.11859724e+00
 1.11877647e+00
 1.11888269e+00
 1.11891690e+00
 1.11603395e+00
 1.11589730e+00
 1.11549168e+00
 1.11487598e+00
 1.11418956e+00
 1.11357447e+00
 1.11310067e+00
 1.11276977e+00
 1.11255335e+00
 1.11241916e+00
 1.11234056e+00
 1.11229776e+00
 1.11227675e+00
 1.11226799e+00
 1.11226518e+00
 1.11226441e+00
 1.11226354e+00
 1.11226177e+00
 1.11225934e+00
 1.11225745e+00
 1.11225828e+00
 1.11226514e+00
 1.11228283e+00
 1.11231811e+00
 1.11238047e+00
 1.11248292e+00
 1.11264165e+00
 1.11287166e+00
 1.11317340e+00
 1.11351279e+00
 1.11381856e+00
 1.11402027e+00
 1.11408821e+00
 1.11224728e+00
 1.11196466e+00
 1.11123710e+00
 1.11034311e+00
 1.10953973e+00
 1.10893966e+00
 1.10853486e+00
 1.10827559e+00
 1.10811467e+00
 1.10801784e+00
 1.10796194e+00
 1.10793161e+00
 1.10791659e+00
 1.10791015e+00
 1.10790790e+00
 1.10790719e+00
 1.10790656e+00
 1.10790544e+00
 1.10790399e+00
 1.10790300e+00
 1.10790395e+00
 1.10790910e+00
 1.10792184e+00
 1.10794710e+00
 1.10799238e+00
 1.10806912e+00
 1.10819482e+00
 1.10839415e+00
 1.10869372e+00
 1.10909899e+00
 1.10955298e+00
 1.10992380e+00
 1.11006807e+00
 1.10819898e+00
 1.10786662e+00
 1.10706995e+00
 1.10621492e+00
 1.10555691e+00
 1.10512448e+00
 1.10485707e+00
 1.10469461e+00
 1.10459680e+00
 1.10453890e+00
 1.10450574e+00
 1.10448780e+00
 1.10447888e+00
 1.10447501e+00
 1.10447362e+00
 1.10447316e+00
 1.10447278e+00
 1.10447215e+00
 1.10447136e+00
 1.10447087e+00
 1.10447152e+00
 1.10447464e+00
 1.10448223e+00
 1.10449726e+00
 1.10452441e+00
 1.10457124e+00
 1.10465041e+00
 1.10478294e+00
 1.10500040e+00
 1.10533476e+00
 1.10577191e+00
 1.10618046e+00
 1.10635111e+00
 1.10417007e+00
 1.10391086e+00
 1.10336216e+00
 1.10285948e+00
 1.10251310e+00
 1.10229972e+00
 1.10217271e+00
 1.10209726e+00
 1.10205239e+00
 1.10202601e+00
 1.10201094e+00
 1.10200280e+00
 1.10199874e+00
 1.10199698e+00
 1.10199634e+00
 1.10199612e+00
 1.10199594e+00
 1.10199567e+00
 1.10199532e+00
 1.10199511e+00
 1.10199542e+00
 1.10199685e+00
 1.10200030e+00
 1.10200714e+00
 1.10201952e+00
 1.10204104e+00
 1.10207788e+00
 1.10214098e+00
 1.10224856e+00
 1.10242499e+00
 1.10268260e+00
 1.10296461e+00
 1.10309798e+00
 1.10113284e+00
 1.10103074e+00
 1.10085978e+00
 1.10072253e+00
 1.10063188e+00
 1.10057712e+00
 1.10054480e+00
 1.10052572e+00
 1.10051441e+00
 1.10050778e+00
 1.10050396e+00
 1.10050194e+00
 1.10050090e+00
 1.10050046e+00
 1.10050030e+00
 1.10050024e+00
 1.10050019e+00
 1.10050012e+00
 1.10050004e+00
 1.10049998e+00
 1.10050006e+00
 1.10050042e+00
 1.10050129e+00
 1.10050301e+00
 1.10050613e+00
 1.10051156e+00
 1.10052088e+00
 1.10053695e+00
 1.10056457e+00
 1.10061077e+00
 1.10068114e+00
 1.10076907e+00
 1.10082167e+00
 1.10000000e+00
 1.10000000e+00
 1.09999999e+00
 1.10000000e+00
 1.10000000e+00
 1.10000000e+00
 1.10000000e+00
 1.10000000e+00
 1.10000002e+00
 1.10000002e+00
 1.10000000e+00
 1.10000002e+00
 1.10000000e+00
 1.10000001e+00
 1.10000001e+00
 1.10000000e+00
 1.10000000e+00
 1.10000000e+00
 1.10000000e+00
 1.10000000e+00
 1.10000000e+00
 1.10000000e+00
 1.10000000e+00
 1.10000000e+00
 1.10000000e+00
 1.10000000e+00
 1.10000000e+00
 1.10000000e+00
 1.10000000e+00
 1.10000000e+00
 1.10000000e+00
 1.10000000e+00
 1.10000000e+00
