 1.47255000e+00
 1.47294545e+00
 1.47412542e+00
 1.47607097e+00
 1.47875114e+00
 1.48212339e+00
 1.48613497e+00
 1.49072393e+00
 1.49582091e+00
 1.50135360e+00
 1.50724499e+00
 1.51341597e+00
 1.51977978e+00
 1.52625744e+00
 1.53277003e+00
 1.53924065e+00
 1.54560174e+00
 1.55179205e+00
 1.55775788e+00
 1.56345093e+00
 1.56883239e+00
 1.57387291e+00
 1.57855289e+00
 1.58284721e+00
 1.58674092e+00
 1.59021658e+00
 1.59325859e+00
 1.59585187e+00
 1.59798571e+00
 1.59965244e+00
 1.60084659e+00
 1.60156447e+00
 1.60180400e+00
 1.47291478e+00
 1.47324051e+00
 1.47430311e+00
 1.47615330e+00
 1.47876916e+00
 1.48210120e+00
 1.48608778e+00
 1.49066090e+00
 1.49574772e+00
 1.50127368e+00
 1.50716062e+00
 1.51332846e+00
 1.51969051e+00
 1.52616714e+00
 1.53267925e+00
 1.53914995e+00
 1.54551141e+00
 1.55170225e+00
 1.55766850e+00
 1.56336190e+00
 1.56874345e+00
 1.57378360e+00
 1.57846188e+00
 1.58275347e+00
 1.58664251e+00
 1.59011114e+00
 1.59314273e+00
 1.59572076e+00
 1.59783153e+00
 1.59946303e+00
 1.60060642e+00
 1.60126293e+00
 1.60146629e+00
 1.47376640e+00
 1.47398404e+00
 1.47478602e+00
 1.47638154e+00
 1.47881548e+00
 1.48203074e+00
 1.48594387e+00
 1.49047005e+00
 1.49552653e+00
 1.50103239e+00
 1.50690594e+00
 1.51306444e+00
 1.51942109e+00
 1.52589459e+00
 1.53240520e+00
 1.53887604e+00
 1.54523850e+00
 1.55143073e+00
 1.55739816e+00
 1.56309244e+00
 1.56847408e+00
 1.57351278e+00
 1.57818594e+00
 1.58246909e+00
 1.58634408e+00
 1.58979167e+00
 1.59279239e+00
 1.59532545e+00
 1.59736901e+00
 1.59890047e+00
 1.59990773e+00
 1.60042696e+00
 1.60057364e+00
 1.47449190e+00
 1.47465725e+00
 1.47528345e+00
 1.47662855e+00
 1.47883712e+00
 1.48188860e+00
 1.48569118e+00
 1.49014385e+00
 1.49515150e+00
 1.50062457e+00
 1.50647601e+00
 1.51261929e+00
 1.51896675e+00
 1.52543487e+00
 1.53194284e+00
 1.53841354e+00
 1.54477728e+00
 1.55097139e+00
 1.55694041e+00
 1.56263565e+00
 1.56801681e+00
 1.57305226e+00
 1.57771666e+00
 1.58198525e+00
 1.58583703e+00
 1.58925042e+00
 1.59220230e+00
 1.59466665e+00
 1.59661417e+00
 1.59801891e+00
 1.59888860e+00
 1.59931164e+00
 1.59942937e+00
 1.47443918e+00
 1.47463454e+00
 1.47529709e+00
 1.47660008e+00
 1.47869104e+00
 1.48160811e+00
 1.48529647e+00
 1.48966331e+00
 1.49460978e+00
 1.50004013e+00
 1.50586200e+00
 1.51198490e+00
 1.51831947e+00
 1.52477989e+00
 1.53128394e+00
 1.53775382e+00
 1.54411861e+00
 1.55031454e+00
 1.55628502e+00
 1.56198068e+00
 1.56736009e+00
 1.57238970e+00
 1.57704150e+00
 1.58128952e+00
 1.58511009e+00
 1.58847937e+00
 1.59137207e+00
 1.59376151e+00
 1.59562378e+00
 1.59695314e+00
 1.59778885e+00
 1.59822230e+00
 1.59835254e+00
 1.47342217e+00
 1.47371227e+00
 1.47458116e+00
 1.47605485e+00
 1.47820287e+00
 1.48108491e+00
 1.48470063e+00
 1.48899354e+00
 1.49387871e+00
 1.49926248e+00
 1.50505042e+00
 1.51114936e+00
 1.51746807e+00
 1.52391868e+00
 1.53041741e+00
 1.53688545e+00
 1.54325057e+00
 1.54944766e+00
 1.55541889e+00
 1.56111376e+00
 1.56648946e+00
 1.57151029e+00
 1.57614578e+00
 1.58036842e+00
 1.58415283e+00
 1.58747464e+00
 1.59031080e+00
 1.59264320e+00
 1.59446800e+00
 1.59580889e+00
 1.59671776e+00
 1.59724749e+00
 1.59742294e+00
 1.47213000e+00
 1.47245893e+00
 1.47343721e+00
 1.47505191e+00
 1.47730945e+00
 1.48023413e+00
 1.48383616e+00
 1.48808775e+00
 1.49292610e+00
 1.49826822e+00
 1.50402292e+00
 1.51009704e+00
 1.51639841e+00
 1.52283775e+00
 1.52932992e+00
 1.53579495e+00
 1.54215929e+00
 1.54835642e+00
 1.55432711e+00
 1.56001954e+00
 1.56538927e+00
 1.57039857e+00
 1.57501499e+00
 1.57920991e+00
 1.58295788e+00
 1.58623690e+00
 1.58903070e+00
 1.59133413e+00
 1.59315984e+00
 1.59453861e+00
 1.59550571e+00
 1.59608278e+00
 1.59627520e+00
 1.47069311e+00
 1.47102916e+00
 1.47203639e+00
 1.47371023e+00
 1.47604277e+00
 1.47902732e+00
 1.48265490e+00
 1.48690082e+00
 1.49171595e+00
 1.49702952e+00
 1.50275739e+00
 1.50880939e+00
 1.51509411e+00
 1.52152189e+00
 1.52800673e+00
 1.53446769e+00
 1.54083000e+00
 1.54702576e+00
 1.55299436e+00
 1.55868255e+00
 1.56404427e+00
 1.56904014e+00
 1.57363647e+00
 1.57780450e+00
 1.58152047e+00
 1.58476686e+00
 1.58753514e+00
 1.58982900e+00
 1.59166452e+00
 1.59306434e+00
 1.59404895e+00
 1.59463316e+00
 1.59482667e+00
 1.46890411e+00
 1.46925422e+00
 1.47029965e+00
 1.47202792e+00
 1.47442288e+00
 1.47746629e+00
 1.48113620e+00
 1.48540178e+00
 1.49021711e+00
 1.49551916e+00
 1.50123093e+00
 1.50726689e+00
 1.51353797e+00
 1.51995534e+00
 1.52643290e+00
 1.53288912e+00
 1.53924827e+00
 1.54544131e+00
 1.55140633e+00
 1.55708873e+00
 1.56244113e+00
 1.56742301e+00
 1.57200026e+00
 1.57614498e+00
 1.57983615e+00
 1.58306092e+00
 1.58581625e+00
 1.58810931e+00
 1.58995482e+00
 1.59137015e+00
 1.59237074e+00
 1.59296740e+00
 1.59316576e+00
 1.46682582e+00
 1.46718353e+00
 1.46825236e+00
 1.47001951e+00
 1.47246455e+00
 1.47556118e+00
 1.47927798e+00
 1.48357683e+00
 1.48840965e+00
 1.49371606e+00
 1.49942380e+00
 1.50545179e+00
 1.51171408e+00
 1.51812354e+00
 1.52459476e+00
 1.53104613e+00
 1.53740141e+00
 1.54359069e+00
 1.54955101e+00
 1.55522672e+00
 1.56056949e+00
 1.56553825e+00
 1.57009912e+00
 1.57422568e+00
 1.57789960e+00
 1.58111149e+00
 1.58386113e+00
 1.58615623e+00
 1.58800933e+00
 1.58943418e+00
 1.59044281e+00
 1.59104424e+00
 1.59124407e+00
 1.46443713e+00
 1.46480223e+00
 1.46589249e+00
 1.46769323e+00
 1.47018112e+00
 1.47332530e+00
 1.47708826e+00
 1.48142588e+00
 1.48628633e+00
 1.49160876e+00
 1.49732303e+00
 1.50335120e+00
 1.50961023e+00
 1.51601512e+00
 1.52248164e+00
 1.52892868e+00
 1.53527987e+00
 1.54146484e+00
 1.54741996e+00
 1.55308887e+00
 1.55842273e+00
 1.56338039e+00
 1.56792860e+00
 1.57204238e+00
 1.57570548e+00
 1.57891047e+00
 1.58165813e+00
 1.58395556e+00
 1.58581360e+00
 1.58724401e+00
 1.58825749e+00
 1.58886222e+00
 1.58906325e+00
 1.46175341e+00
 1.46212481e+00
 1.46323352e+00
 1.46506352e+00
 1.46758904e+00
 1.47077576e+00
 1.47458190e+00
 1.47895887e+00
 1.48385123e+00
 1.48919640e+00
 1.49492454e+00
 1.50095941e+00
 1.50722018e+00
 1.51362382e+00
 1.52008759e+00
 1.52653117e+00
 1.53287853e+00
 1.53905920e+00
 1.54500927e+00
 1.55067204e+00
 1.55599854e+00
 1.56094783e+00
 1.56548738e+00
 1.56959335e+00
 1.57325071e+00
 1.57645289e+00
 1.57920068e+00
 1.58150039e+00
 1.58336162e+00
 1.58479506e+00
 1.58581072e+00
 1.58641664e+00
 1.58661802e+00
 1.45879979e+00
 1.45917633e+00
 1.46030025e+00
 1.46215457e+00
 1.46471186e+00
 1.46793529e+00
 1.47177987e+00
 1.47619354e+00
 1.48111779e+00
 1.48648797e+00
 1.49223362e+00
 1.49827913e+00
 1.50454509e+00
 1.51095008e+00
 1.51741275e+00
 1.52385385e+00
 1.53019790e+00
 1.53637469e+00
 1.54232036e+00
 1.54797823e+00
 1.55329943e+00
 1.55824339e+00
 1.56277818e+00
 1.56688069e+00
 1.57053650e+00
 1.57373919e+00
 1.57648915e+00
 1.57879187e+00
 1.58065609e+00
 1.58209191e+00
 1.58310918e+00
 1.58371600e+00
 1.58391766e+00
 1.45560176e+00
 1.45598268e+00
 1.45711939e+00
 1.45899398e+00
 1.46157762e+00
 1.46483161e+00
 1.46870867e+00
 1.47315417e+00
 1.47810715e+00
 1.48350104e+00
 1.48926442e+00
 1.49532169e+00
 1.50159424e+00
 1.50800183e+00
 1.51446438e+00
 1.52090363e+00
 1.52724488e+00
 1.53341841e+00
 1.53936064e+00
 1.54501514e+00
 1.55033330e+00
 1.55527495e+00
 1.55980859e+00
 1.56391155e+00
 1.56756957e+00
 1.57077607e+00
 1.57353094e+00
 1.57583892e+00
 1.57770799e+00
 1.57914769e+00
 1.58016756e+00
 1.58077577e+00
 1.58097785e+00
 1.45219611e+00
 1.45258015e+00
 1.45372612e+00
 1.45561578e+00
 1.45821944e+00
 1.46149707e+00
 1.46539964e+00
 1.46987054e+00
 1.47484686e+00
 1.48026047e+00
 1.48603896e+00
 1.49210650e+00
 1.49838491e+00
 1.50479483e+00
 1.51125716e+00
 1.51769463e+00
 1.52403334e+00
 1.53020414e+00
 1.53614392e+00
 1.54179660e+00
 1.54711393e+00
 1.55205605e+00
 1.55659181e+00
 1.56069870e+00
 1.56436245e+00
 1.56757619e+00
 1.57033931e+00
 1.57265596e+00
 1.57453347e+00
 1.57598077e+00
 1.57700678e+00
 1.57761903e+00
 1.57782253e+00
 1.44861430e+00
 1.44900077e+00
 1.45015383e+00
 1.45205469e+00
 1.45467290e+00
 1.45796747e+00
 1.46188818e+00
 1.46637708e+00
 1.47136986e+00
 1.47679723e+00
 1.48258601e+00
 1.48866018e+00
 1.49494183e+00
 1.50135225e+00
 1.50781320e+00
 1.51424824e+00
 1.52058420e+00
 1.52675255e+00
 1.53269069e+00
 1.53834291e+00
 1.54366133e+00
 1.54860637e+00
 1.55314704e+00
 1.55726088e+00
 1.56093347e+00
 1.56415758e+00
 1.56693205e+00
 1.56926039e+00
 1.57114922e+00
 1.57260669e+00
 1.57364085e+00
 1.57425843e+00
 1.57446378e+00
 1.44489913e+00
 1.44528693e+00
 1.44644391e+00
 1.44835113e+00
 1.45097777e+00
 1.45428219e+00
 1.45821332e+00
 1.46271220e+00
 1.46771357e+00
 1.47314738e+00
 1.47894005e+00
 1.48501555e+00
 1.49129630e+00
 1.49770418e+00
 1.50416161e+00
 1.51059285e+00
 1.51692536e+00
 1.52309117e+00
 1.52902814e+00
 1.53468095e+00
 1.54000200e+00
 1.54495189e+00
 1.54949972e+00
 1.55362294e+00
 1.55730687e+00
 1.56054383e+00
 1.56333197e+00
 1.56567392e+00
 1.56757539e+00
 1.56904359e+00
 1.57008590e+00
 1.57070853e+00
 1.57091560e+00
 1.44108932e+00
 1.44147760e+00
 1.44263604e+00
 1.44454568e+00
 1.44717545e+00
 1.45048323e+00
 1.45441725e+00
 1.45891785e+00
 1.46391927e+00
 1.46935124e+00
 1.47514026e+00
 1.48121066e+00
 1.48748536e+00
 1.49388677e+00
 1.50033787e+00
 1.50676341e+00
 1.51309135e+00
 1.51925417e+00
 1.52519009e+00
 1.53084413e+00
 1.53616889e+00
 1.54112505e+00
 1.54568164e+00
 1.54981595e+00
 1.55351300e+00
 1.55676460e+00
 1.55956821e+00
 1.56192552e+00
 1.56384115e+00
 1.56532126e+00
 1.56637242e+00
 1.56700042e+00
 1.56720927e+00
 1.43722430e+00
 1.43761279e+00
 1.43877171e+00
 1.44068158e+00
 1.44331064e+00
 1.44661606e+00
 1.45054555e+00
 1.45503921e+00
 1.46003143e+00
 1.46545246e+00
 1.47122954e+00
 1.47728778e+00
 1.48355078e+00
 1.48994147e+00
 1.49638316e+00
 1.50280089e+00
 1.50912289e+00
 1.51528194e+00
 1.52121661e+00
 1.52687216e+00
 1.53220129e+00
 1.53716462e+00
 1.54173096e+00
 1.54587730e+00
 1.54958832e+00
 1.55285546e+00
 1.55567563e+00
 1.55804980e+00
 1.55998162e+00
 1.56147617e+00
 1.56253887e+00
 1.56317438e+00
 1.56338585e+00
 1.43335945e+00
 1.43374764e+00
 1.43490532e+00
 1.43681214e+00
 1.43943535e+00
 1.44273132e+00
 1.44664743e+00
 1.45112414e+00
 1.45609681e+00
 1.46149703e+00
 1.46725349e+00
 1.47329246e+00
 1.47953831e+00
 1.48591428e+00
 1.49234373e+00
 1.49875165e+00
 1.50506629e+00
 1.51122065e+00
 1.51715357e+00
 1.52281058e+00
 1.52814443e+00
 1.53311548e+00
 1.53769207e+00
 1.54185063e+00
 1.54557541e+00
 1.54885754e+00
 1.55169369e+00
 1.55408438e+00
 1.55603244e+00
 1.55754174e+00
 1.55861624e+00
 1.55925938e+00
 1.55947348e+00
 1.42956061e+00
 1.42994715e+00
 1.43109964e+00
 1.43299713e+00
 1.43560610e+00
 1.43888243e+00
 1.44277369e+00
 1.44722144e+00
 1.45216291e+00
 1.45753198e+00
 1.46325936e+00
 1.46927271e+00
 1.47549692e+00
 1.48185514e+00
 1.48827027e+00
 1.49466684e+00
 1.50097287e+00
 1.50712147e+00
 1.51305190e+00
 1.51871008e+00
 1.52404881e+00
 1.52902806e+00
 1.53361528e+00
 1.53778587e+00
 1.54152322e+00
 1.54481814e+00
 1.54766733e+00
 1.55007142e+00
 1.55203297e+00
 1.55355499e+00
 1.55464017e+00
 1.55529048e+00
 1.55550712e+00
 1.42588623e+00
 1.42626957e+00
 1.42741222e+00
 1.42929269e+00
 1.43187692e+00
 1.43512085e+00
 1.43897328e+00
 1.44337821e+00
 1.44827613e+00
 1.45360411e+00
 1.45929527e+00
 1.46527838e+00
 1.47147831e+00
 1.47781738e+00
 1.48421735e+00
 1.49060178e+00
 1.49689821e+00
 1.50303991e+00
 1.50896678e+00
 1.51462551e+00
 1.51996924e+00
 1.52495744e+00
 1.52955618e+00
 1.53373898e+00
 1.53748757e+00
 1.54079189e+00
 1.54364886e+00
 1.54605993e+00
 1.54802841e+00
 1.54955745e+00
 1.55064898e+00
 1.55130381e+00
 1.55152209e+00
 1.42239287e+00
 1.42277104e+00
 1.42389789e+00
 1.42575130e+00
 1.42829726e+00
 1.43149304e+00
 1.43529042e+00
 1.43963776e+00
 1.44448038e+00
 1.44975931e+00
 1.45540984e+00
 1.46136104e+00
 1.46753670e+00
 1.47385733e+00
 1.48024282e+00
 1.48661523e+00
 1.49290135e+00
 1.49903475e+00
 1.50495649e+00
 1.51061472e+00
 1.51596349e+00
 1.52096191e+00
 1.52557424e+00
 1.52977105e+00
 1.53353091e+00
 1.53684163e+00
 1.53969991e+00
 1.54210869e+00
 1.54407352e+00
 1.54559925e+00
 1.54668867e+00
 1.54734254e+00
 1.54756058e+00
 1.41913273e+00
 1.41950254e+00
 1.42060456e+00
 1.42241737e+00
 1.42490824e+00
 1.42803752e+00
 1.43176246e+00
 1.43603835e+00
 1.44081682e+00
 1.44604282e+00
 1.45165264e+00
 1.45757411e+00
 1.46372855e+00
 1.47003371e+00
 1.47640696e+00
 1.48276835e+00
 1.48904371e+00
 1.49516704e+00
 1.50108134e+00
 1.50673726e+00
 1.51209074e+00
 1.51710114e+00
 1.52173078e+00
 1.52594617e+00
 1.52972073e+00
 1.53303779e+00
 1.53589223e+00
 1.53828879e+00
 1.54023727e+00
 1.54174698e+00
 1.54282354e+00
 1.54346913e+00
 1.54368429e+00
 1.41613671e+00
 1.41649589e+00
 1.41756532e+00
 1.41932330e+00
 1.42174011e+00
 1.42478310e+00
 1.42841932e+00
 1.43261398e+00
 1.43732543e+00
 1.44250087e+00
 1.44807527e+00
 1.45397320e+00
 1.46011225e+00
 1.46640678e+00
 1.47277130e+00
 1.47912346e+00
 1.48538773e+00
 1.49149876e+00
 1.49740238e+00
 1.50305314e+00
 1.50841026e+00
 1.51343438e+00
 1.51808630e+00
 1.52232802e+00
 1.52612587e+00
 1.52945531e+00
 1.53230573e+00
 1.53468205e+00
 1.53660018e+00
 1.53807829e+00
 1.53912963e+00
 1.53976027e+00
 1.53997070e+00
 1.41344965e+00
 1.41379125e+00
 1.41481068e+00
 1.41649183e+00
 1.41881176e+00
 1.42174904e+00
 1.42528549e+00
 1.42939775e+00
 1.43404834e+00
 1.43918293e+00
 1.44473227e+00
 1.45061596e+00
 1.45674715e+00
 1.46303685e+00
 1.46939689e+00
 1.47574222e+00
 1.48199528e+00
 1.48809133e+00
 1.49398014e+00
 1.49962181e+00
 1.50498039e+00
 1.51001910e+00
 1.51469833e+00
 1.51897613e+00
 1.52281105e+00
 1.52616755e+00
 1.52902361e+00
 1.53137846e+00
 1.53325346e+00
 1.53468031e+00
 1.53568451e+00
 1.53628090e+00
 1.53647849e+00
 1.41104316e+00
 1.41136999e+00
 1.41233953e+00
 1.41392989e+00
 1.41613055e+00
 1.41894780e+00
 1.42238575e+00
 1.42642794e+00
 1.43103389e+00
 1.43614339e+00
 1.44168108e+00
 1.44756098e+00
 1.45369190e+00
 1.45998234e+00
 1.46634227e+00
 1.47268360e+00
 1.47892563e+00
 1.48500389e+00
 1.49087331e+00
 1.49650126e+00
 1.50185803e+00
 1.50691062e+00
 1.51162048e+00
 1.51594329e+00
 1.51983125e+00
 1.52323747e+00
 1.52612316e+00
 1.52847022e+00
 1.53029574e+00
 1.53165251e+00
 1.53260041e+00
 1.53317017e+00
 1.53336166e+00
 1.40907488e+00
 1.40936192e+00
 1.41021716e+00
 1.41164771e+00
 1.41369275e+00
 1.41639287e+00
 1.41975594e+00
 1.42375479e+00
 1.42833875e+00
 1.43344080e+00
 1.43898007e+00
 1.44486549e+00
 1.45100224e+00
 1.45729763e+00
 1.46366130e+00
 1.47000172e+00
 1.47623338e+00
 1.48229142e+00
 1.48813724e+00
 1.49374706e+00
 1.49909828e+00
 1.50416233e+00
 1.50890305e+00
 1.51327570e+00
 1.51722910e+00
 1.52070894e+00
 1.52366103e+00
 1.52604019e+00
 1.52783103e+00
 1.52907554e+00
 1.52987366e+00
 1.53032617e+00
 1.53047596e+00
 1.40745151e+00
 1.40765639e+00
 1.40832158e+00
 1.40956279e+00
 1.41148306e+00
 1.41411989e+00
 1.41745447e+00
 1.42144199e+00
 1.42602519e+00
 1.43113431e+00
 1.43668519e+00
 1.44258250e+00
 1.44872863e+00
 1.45503113e+00
 1.46140134e+00
 1.46774380e+00
 1.47396640e+00
 1.48000285e+00
 1.48582241e+00
 1.49141107e+00
 1.49675358e+00
 1.50182554e+00
 1.50659414e+00
 1.51101551e+00
 1.51503787e+00
 1.51860555e+00
 1.52165843e+00
 1.52413251e+00
 1.52597102e+00
 1.52715722e+00
 1.52776957e+00
 1.52799617e+00
 1.52804213e+00
 1.40566942e+00
 1.40583756e+00
 1.40643190e+00
 1.40763428e+00
 1.40955754e+00
 1.41221102e+00
 1.41555982e+00
 1.41955869e+00
 1.42415416e+00
 1.42927853e+00
 1.43484610e+00
 1.44075789e+00
 1.44691423e+00
 1.45322383e+00
 1.45960199e+00
 1.46594872e+00
 1.47216414e+00
 1.47817946e+00
 1.48397284e+00
 1.48953985e+00
 1.49487216e+00
 1.49994833e+00
 1.50473949e+00
 1.50920296e+00
 1.51328759e+00
 1.51694063e+00
 1.52010587e+00
 1.52271933e+00
 1.52471282e+00
 1.52602976e+00
 1.52668699e+00
 1.52687210e+00
 1.52688451e+00
 1.40385426e+00
 1.40404500e+00
 1.40472244e+00
 1.40604263e+00
 1.40806068e+00
 1.41077038e+00
 1.41414949e+00
 1.41816691e+00
 1.42277813e+00
 1.42791902e+00
 1.43350320e+00
 1.43942832e+00
 1.44559345e+00
 1.45190857e+00
 1.45829437e+00
 1.46464617e+00
 1.47085665e+00
 1.47685375e+00
 1.48262462e+00
 1.48817273e+00
 1.49349560e+00
 1.49857308e+00
 1.50338042e+00
 1.50787568e+00
 1.51200828e+00
 1.51572935e+00
 1.51899064e+00
 1.52173774e+00
 1.52391724e+00
 1.52548203e+00
 1.52641100e+00
 1.52678568e+00
 1.52685423e+00
 1.40246856e+00
 1.40272424e+00
 1.40355533e+00
 1.40501595e+00
 1.40712206e+00
 1.40987813e+00
 1.41328124e+00
 1.41731315e+00
 1.42193642e+00
 1.42708956e+00
 1.43268577e+00
 1.43862010e+00
 1.44479110e+00
 1.45110945e+00
 1.45750084e+00
 1.46385671e+00
 1.47006441e+00
 1.47604902e+00
 1.48180462e+00
 1.48733977e+00
 1.49265606e+00
 1.49773339e+00
 1.50255035e+00
 1.50706517e+00
 1.51122749e+00
 1.51499111e+00
 1.51831442e+00
 1.52115092e+00
 1.52346312e+00
 1.52522797e+00
 1.52643375e+00
 1.52709078e+00
 1.52727632e+00
 1.40194900e+00
 1.40224884e+00
 1.40315160e+00
 1.40466609e+00
 1.40680408e+00
 1.40957657e+00
 1.41298828e+00
 1.41702545e+00
 1.42165315e+00
 1.42681076e+00
 1.43241135e+00
 1.43834896e+00
 1.44452201e+00
 1.45084139e+00
 1.45723484e+00
 1.46359225e+00
 1.46979909e+00
 1.47577922e+00
 1.48152942e+00
 1.48705995e+00
 1.49237390e+00
 1.49745099e+00
 1.50227113e+00
 1.50679253e+00
 1.51096485e+00
 1.51474281e+00
 1.51808726e+00
 1.52095441e+00
 1.52331244e+00
 1.52514809e+00
 1.52645761e+00
 1.52724189e+00
 1.52750300e+00
