 5.00302000e-01
 5.01522255e-01
 5.04955758e-01
 5.10036767e-01
 5.16194684e-01
 5.23362871e-01
 5.32358277e-01
 5.43085961e-01
 5.54174168e-01
 5.66643586e-01
 5.79447375e-01
 5.93038279e-01
 6.05543625e-01
 6.19015684e-01
 6.31027976e-01
 6.42832149e-01
 6.53393623e-01
 6.63377922e-01
 6.72434637e-01
 6.80129334e-01
 6.86940923e-01
 6.92217432e-01
 6.96550836e-01
 7.00069140e-01
 7.02786595e-01
 7.04708120e-01
 7.05879901e-01
 7.06568003e-01
 7.07051374e-01
 7.07234102e-01
 7.07180806e-01
 7.07051058e-01
 7.06989000e-01
 4.99091388e-01
 5.00306998e-01
 5.03748332e-01
 5.08859439e-01
 5.15098371e-01
 5.22370658e-01
 5.31375816e-01
 5.42027276e-01
 5.53158672e-01
 5.65567011e-01
 5.78373437e-01
 5.91874040e-01
 6.04438132e-01
 6.17807204e-01
 6.29846967e-01
 6.41601540e-01
 6.52172878e-01
 6.62128777e-01
 6.71155166e-01
 6.78848363e-01
 6.85624344e-01
 6.90910862e-01
 6.95239934e-01
 6.98747231e-01
 7.01450733e-01
 7.03360625e-01
 7.04533884e-01
 7.05222495e-01
 7.05670139e-01
 7.05805930e-01
 7.05692600e-01
 7.05487679e-01
 7.05380127e-01
 4.95668695e-01
 4.96868778e-01
 5.00290392e-01
 5.05447677e-01
 5.11857699e-01
 5.19367688e-01
 5.28397347e-01
 5.38880843e-01
 5.50083214e-01
 5.62348821e-01
 5.75129333e-01
 5.88411077e-01
 6.01087928e-01
 6.14205493e-01
 6.26287899e-01
 6.37918844e-01
 6.48499913e-01
 6.58378223e-01
 6.67319173e-01
 6.74997552e-01
 6.81681615e-01
 6.86985912e-01
 6.91302218e-01
 6.94777785e-01
 6.97442367e-01
 6.99321538e-01
 7.00495384e-01
 7.01176796e-01
 7.01536189e-01
 7.01552327e-01
 7.01290033e-01
 7.00933917e-01
 7.00764273e-01
 4.90541165e-01
 4.91687146e-01
 4.94992169e-01
 5.00096370e-01
 5.06607147e-01
 5.14322236e-01
 5.23370436e-01
 5.33689613e-01
 5.44898743e-01
 5.56999984e-01
 5.69677206e-01
 5.82702178e-01
 5.95429602e-01
 6.08253450e-01
 6.20321969e-01
 6.31798969e-01
 6.42352152e-01
 6.52117053e-01
 6.60930644e-01
 6.68560695e-01
 6.75126192e-01
 6.80431443e-01
 6.84724884e-01
 6.88151661e-01
 6.90760057e-01
 6.92598056e-01
 6.93764575e-01
 6.94424889e-01
 6.94694258e-01
 6.94600843e-01
 6.94239815e-01
 6.93832918e-01
 6.93655672e-01
 4.84168782e-01
 4.85205167e-01
 4.88246429e-01
 4.93100805e-01
 4.99511788e-01
 5.07263497e-01
 5.16279888e-01
 5.26458525e-01
 5.37582737e-01
 5.49508260e-01
 5.62001215e-01
 5.74771427e-01
 5.87427569e-01
 5.99972027e-01
 6.11935830e-01
 6.23245687e-01
 6.33711247e-01
 6.43333015e-01
 6.51989975e-01
 6.59526628e-01
 6.65965950e-01
 6.71238565e-01
 6.75493721e-01
 6.78859354e-01
 6.81403412e-01
 6.83197033e-01
 6.84348487e-01
 6.84992296e-01
 6.85234949e-01
 6.85162657e-01
 6.84906054e-01
 6.84642360e-01
 6.84532761e-01
 4.76437868e-01
 4.77330543e-01
 4.80025402e-01
 4.84506321e-01
 4.90648418e-01
 4.98255570e-01
 5.07150757e-01
 5.17172479e-01
 5.28136462e-01
 5.39854974e-01
 5.52106051e-01
 5.64612501e-01
 5.77084744e-01
 5.89358073e-01
 6.01134979e-01
 6.12253829e-01
 6.22570245e-01
 6.32017745e-01
 6.40494775e-01
 6.47895308e-01
 6.54201892e-01
 6.59405348e-01
 6.63601343e-01
 6.66896968e-01
 6.69375158e-01
 6.71125819e-01
 6.72263637e-01
 6.72918777e-01
 6.73221203e-01
 6.73306926e-01
 6.73310683e-01
 6.73314363e-01
 6.73321076e-01
 4.66309277e-01
 4.67171618e-01
 4.69753885e-01
 4.74031633e-01
 4.79932033e-01
 4.87317821e-01
 4.96012392e-01
 5.05828022e-01
 5.16570595e-01
 5.28036762e-01
 5.40003227e-01
 5.52216427e-01
 5.64422880e-01
 5.76407202e-01
 5.87934263e-01
 5.98823015e-01
 6.08934757e-01
 6.18173840e-01
 6.26447529e-01
 6.33677402e-01
 6.39837408e-01
 6.44939455e-01
 6.49053663e-01
 6.52271529e-01
 6.54684580e-01
 6.56395353e-01
 6.57524833e-01
 6.58207836e-01
 6.58584555e-01
 6.58786967e-01
 6.58910086e-01
 6.58989405e-01
 6.59018596e-01
 4.53998270e-01
 4.54849737e-01
 4.57383385e-01
 4.61546924e-01
 4.67264805e-01
 4.74426494e-01
 4.82878881e-01
 4.92438244e-01
 5.02905349e-01
 5.14070622e-01
 5.25711517e-01
 5.37590873e-01
 5.49471424e-01
 5.61130777e-01
 5.72356421e-01
 5.82968446e-01
 5.92825550e-01
 6.01820334e-01
 6.09864907e-01
 6.16895694e-01
 6.22889174e-01
 6.27862553e-01
 6.31873909e-01
 6.35005596e-01
 6.37352576e-01
 6.39023581e-01
 6.40141447e-01
 6.40836846e-01
 6.41236182e-01
 6.41445713e-01
 6.41541406e-01
 6.41574634e-01
 6.41580981e-01
 4.39837254e-01
 4.40647579e-01
 4.43075756e-01
 4.47095942e-01
 4.52635742e-01
 4.59576906e-01
 4.67767719e-01
 4.77032134e-01
 4.87176326e-01
 4.97993385e-01
 5.09265530e-01
 5.20766822e-01
 5.32271314e-01
 5.43562474e-01
 5.54439291e-01
 5.64727033e-01
 5.74283509e-01
 5.82997714e-01
 5.90785300e-01
 5.97591036e-01
 6.03395488e-01
 6.08216607e-01
 6.12106436e-01
 6.15142115e-01
 6.17418484e-01
 6.19044726e-01
 6.20140005e-01
 6.20825323e-01
 6.21213566e-01
 6.21402734e-01
 6.21474461e-01
 6.21491766e-01
 6.21493362e-01
 4.23471338e-01
 4.24293983e-01
 4.26729449e-01
 4.30698089e-01
 4.36100257e-01
 4.42822408e-01
 4.50729905e-01
 4.59663267e-01
 4.69440826e-01
 4.79864103e-01
 4.90723101e-01
 5.01801567e-01
 5.12883727e-01
 5.23761996e-01
 5.34244406e-01
 5.44162235e-01
 5.53375290e-01
 5.61773168e-01
 5.69274801e-01
 5.75830090e-01
 5.81422707e-01
 5.86070417e-01
 5.89821806e-01
 5.92750341e-01
 5.94948446e-01
 5.96522289e-01
 5.97585687e-01
 5.98252652e-01
 5.98629891e-01
 5.98811005e-01
 5.98873813e-01
 5.98880905e-01
 5.98877452e-01
 4.05883145e-01
 4.06650535e-01
 4.08938593e-01
 4.12700603e-01
 4.17853844e-01
 4.24285202e-01
 4.31858204e-01
 4.40415977e-01
 4.49782983e-01
 4.59768287e-01
 4.70170243e-01
 4.80781984e-01
 4.91397670e-01
 5.01819317e-01
 5.11863716e-01
 5.21368840e-01
 5.30198670e-01
 5.38245746e-01
 5.45432419e-01
 5.51712183e-01
 5.57070783e-01
 5.61525607e-01
 5.65122744e-01
 5.67932293e-01
 5.70042986e-01
 5.71556481e-01
 5.72581177e-01
 5.73226123e-01
 5.73595923e-01
 5.73785987e-01
 5.73874939e-01
 5.73914318e-01
 5.73926033e-01
 3.86661351e-01
 3.87384274e-01
 3.89540044e-01
 3.93089164e-01
 3.97963229e-01
 4.04062692e-01
 4.11258989e-01
 4.19400016e-01
 4.28315492e-01
 4.37821441e-01
 4.47724686e-01
 4.57827903e-01
 4.67935320e-01
 4.77858862e-01
 4.87424355e-01
 4.96477233e-01
 5.04887108e-01
 5.12550847e-01
 5.19394490e-01
 5.25374454e-01
 5.30477906e-01
 5.34721705e-01
 5.38149655e-01
 5.40828375e-01
 5.42842280e-01
 5.44287946e-01
 5.45267947e-01
 5.45884234e-01
 5.46231497e-01
 5.46392338e-01
 5.46437547e-01
 5.46430032e-01
 5.46420593e-01
 3.65790670e-01
 3.66475903e-01
 3.68518445e-01
 3.71878200e-01
 3.76487683e-01
 3.82252844e-01
 3.89054530e-01
 3.96750930e-01
 4.05181503e-01
 4.14171803e-01
 4.23538546e-01
 4.33094793e-01
 4.42655381e-01
 4.52042585e-01
 4.61091748e-01
 4.69656494e-01
 4.77613058e-01
 4.84863510e-01
 4.91337865e-01
 4.96995224e-01
 5.01823831e-01
 5.05839837e-01
 5.09084679e-01
 5.11621268e-01
 5.13529317e-01
 5.14900160e-01
 5.15831449e-01
 5.16422107e-01
 5.16767590e-01
 5.16954285e-01
 5.17050974e-01
 5.17099527e-01
 5.17115068e-01
 3.43525262e-01
 3.44172536e-01
 3.46099637e-01
 3.49264487e-01
 3.53601013e-01
 3.59020365e-01
 3.65411097e-01
 3.72640728e-01
 3.80559127e-01
 3.89002889e-01
 3.97800090e-01
 4.06775273e-01
 4.15754651e-01
 4.24571431e-01
 4.33071035e-01
 4.41115914e-01
 4.48589641e-01
 4.55400072e-01
 4.61481468e-01
 4.66795566e-01
 4.71331516e-01
 4.75104605e-01
 4.78153753e-01
 4.80537927e-01
 4.82331704e-01
 4.83620298e-01
 4.84494317e-01
 4.85044448e-01
 4.85356135e-01
 4.85505015e-01
 4.85554974e-01
 4.85558731e-01
 4.85554988e-01
 3.20146027e-01
 3.20744933e-01
 3.22532233e-01
 3.25476560e-01
 3.29519702e-01
 3.34576395e-01
 3.40538777e-01
 3.47281234e-01
 3.54663707e-01
 3.62534528e-01
 3.70734026e-01
 3.79099026e-01
 3.87467779e-01
 3.95684992e-01
 4.03606690e-01
 4.11104686e-01
 4.18070411e-01
 4.24417926e-01
 4.30085960e-01
 4.35038916e-01
 4.39266772e-01
 4.42783839e-01
 4.45626411e-01
 4.47849420e-01
 4.49522261e-01
 4.50724040e-01
 4.51538554e-01
 4.52049576e-01
 4.52337134e-01
 4.52474756e-01
 4.52525883e-01
 4.52538225e-01
 4.52539474e-01
 2.95688367e-01
 2.96256905e-01
 2.97945548e-01
 3.00707512e-01
 3.04475093e-01
 3.09166181e-01
 3.14685002e-01
 3.20920282e-01
 3.27745311e-01
 3.35020855e-01
 3.42599577e-01
 3.50330788e-01
 3.58065145e-01
 3.65659282e-01
 3.72980255e-01
 3.79909648e-01
 3.86347129e-01
 3.92213257e-01
 3.97451403e-01
 4.02028683e-01
 4.05935856e-01
 4.09186169e-01
 4.11813208e-01
 4.13867862e-01
 4.15414585e-01
 4.16527152e-01
 4.17284092e-01
 4.17763912e-01
 4.18040299e-01
 4.18178080e-01
 4.18231269e-01
 4.18242916e-01
 4.18243057e-01
 2.70894978e-01
 2.71403192e-01
 2.72916230e-01
 2.75402478e-01
 2.78813886e-01
 2.83084066e-01
 2.88125607e-01
 2.93831889e-01
 3.00082002e-01
 3.06745539e-01
 3.13686421e-01
 3.20766420e-01
 3.27848884e-01
 3.34802691e-01
 3.41506233e-01
 3.47851151e-01
 3.53745600e-01
 3.59116831e-01
 3.63912971e-01
 3.68103884e-01
 3.71681071e-01
 3.74656619e-01
 3.77061254e-01
 3.78941617e-01
 3.80356948e-01
 3.81375378e-01
 3.82070056e-01
 3.82515197e-01
 3.82781791e-01
 3.82932285e-01
 3.83014287e-01
 3.83056216e-01
 3.83069449e-01
 2.45637415e-01
 2.46075984e-01
 2.47398349e-01
 2.49608296e-01
 2.52679635e-01
 2.56548509e-01
 2.61124602e-01
 2.66303722e-01
 2.71973750e-01
 2.78016517e-01
 2.84309324e-01
 2.90727424e-01
 2.97147301e-01
 3.03450312e-01
 3.09526348e-01
 3.15277254e-01
 3.20619797e-01
 3.25488027e-01
 3.29834891e-01
 3.33633011e-01
 3.36874598e-01
 3.39570486e-01
 3.41748367e-01
 3.43450307e-01
 3.44729676e-01
 3.45647603e-01
 3.46269039e-01
 3.46658626e-01
 3.46876968e-01
 3.46978321e-01
 3.47009861e-01
 3.47010572e-01
 3.47007516e-01
 2.19468553e-01
 2.19927820e-01
 2.21273182e-01
 2.23428857e-01
 2.26314025e-01
 2.29859157e-01
 2.33997977e-01
 2.38655421e-01
 2.43743103e-01
 2.49161053e-01
 2.54801721e-01
 2.60554172e-01
 2.66308000e-01
 2.71956986e-01
 2.77402492e-01
 2.82556566e-01
 2.87344606e-01
 2.91707477e-01
 2.95602959e-01
 2.99006439e-01
 3.01910818e-01
 3.04325644e-01
 3.06275511e-01
 3.07797828e-01
 3.08940056e-01
 3.09756590e-01
 3.10305475e-01
 3.10645151e-01
 3.10831253e-01
 3.10913731e-01
 3.10935270e-01
 3.10931036e-01
 3.10926403e-01
 1.94703200e-01
 1.95063695e-01
 1.96143874e-01
 1.97932270e-01
 2.00396058e-01
 2.03480663e-01
 2.07116962e-01
 2.11226639e-01
 2.15723919e-01
 2.20516539e-01
 2.25507593e-01
 2.30598144e-01
 2.35690159e-01
 2.40689495e-01
 2.45508800e-01
 2.50070198e-01
 2.54307635e-01
 2.58168737e-01
 2.61616085e-01
 2.64627821e-01
 2.67197551e-01
 2.69333569e-01
 2.71057449e-01
 2.72402087e-01
 2.73409325e-01
 2.74127282e-01
 2.74607701e-01
 2.74903765e-01
 2.75068494e-01
 2.75152042e-01
 2.75194869e-01
 2.75218858e-01
 2.75227463e-01
 1.70184867e-01
 1.70483239e-01
 1.71381049e-01
 1.72880298e-01
 1.74969310e-01
 1.77613567e-01
 1.80756383e-01
 1.84325926e-01
 1.88242007e-01
 1.92420045e-01
 1.96773184e-01
 2.01214015e-01
 2.05656539e-01
 2.10018418e-01
 2.14223338e-01
 2.18203292e-01
 2.21900599e-01
 2.25269522e-01
 2.28277370e-01
 2.30905013e-01
 2.33146796e-01
 2.35009842e-01
 2.36512833e-01
 2.37684352e-01
 2.38560906e-01
 2.39184595e-01
 2.39600237e-01
 2.39851617e-01
 2.39977471e-01
 2.40010426e-01
 2.39983122e-01
 2.39936785e-01
 2.39914757e-01
 1.45895782e-01
 1.46173921e-01
 1.46998576e-01
 1.48345558e-01
 1.50184428e-01
 1.52480092e-01
 1.55188958e-01
 1.58256441e-01
 1.61618396e-01
 1.65204379e-01
 1.68940622e-01
 1.72752333e-01
 1.76565730e-01
 1.80310101e-01
 1.83919877e-01
 1.87336618e-01
 1.90510762e-01
 1.93403010e-01
 1.95985271e-01
 1.98241102e-01
 2.00165622e-01
 2.01764894e-01
 2.03054851e-01
 2.04059888e-01
 2.04811301e-01
 2.05345770e-01
 2.05704015e-01
 2.05929608e-01
 2.06067329e-01
 2.06158628e-01
 2.06231097e-01
 2.06287176e-01
 2.06309584e-01
 1.22835939e-01
 1.23070292e-01
 1.23769127e-01
 1.24917602e-01
 1.26488399e-01
 1.28444473e-01
 1.30742951e-01
 1.33336425e-01
 1.36172613e-01
 1.39194576e-01
 1.42341935e-01
 1.45552621e-01
 1.48764846e-01
 1.51919114e-01
 1.54960155e-01
 1.57838685e-01
 1.60512901e-01
 1.62949671e-01
 1.65125324e-01
 1.67026028e-01
 1.68647705e-01
 1.69995499e-01
 1.71082801e-01
 1.71929936e-01
 1.72562687e-01
 1.73010910e-01
 1.73307301e-01
 1.73485807e-01
 1.73578842e-01
 1.73613991e-01
 1.73613811e-01
 1.73599796e-01
 1.73592122e-01
 1.01129529e-01
 1.01330525e-01
 1.01925240e-01
 1.02892433e-01
 1.04204119e-01
 1.05828688e-01
 1.07731006e-01
 1.09872306e-01
 1.12210454e-01
 1.14699960e-01
 1.17292252e-01
 1.19936806e-01
 1.22582901e-01
 1.25181501e-01
 1.27686995e-01
 1.30058710e-01
 1.32262160e-01
 1.34270026e-01
 1.36062819e-01
 1.37629190e-01
 1.38965881e-01
 1.40077279e-01
 1.40974572e-01
 1.41674486e-01
 1.42197670e-01
 1.42567005e-01
 1.42806316e-01
 1.42939843e-01
 1.42992351e-01
 1.42989738e-01
 1.42959365e-01
 1.42927652e-01
 1.42914557e-01
 8.11708055e-02
 8.13277164e-02
 8.17943662e-02
 8.25594186e-02
 8.36046844e-02
 8.49043167e-02
 8.64272277e-02
 8.81410743e-02
 9.00127188e-02
 9.20064961e-02
 9.40836742e-02
 9.62035608e-02
 9.83252179e-02
 1.00409110e-01
 1.02418518e-01
 1.04320737e-01
 1.06088067e-01
 1.07698585e-01
 1.09136676e-01
 1.10393303e-01
 1.11465988e-01
 1.12358503e-01
 1.13080228e-01
 1.13645095e-01
 1.14070013e-01
 1.14372844e-01
 1.14570824e-01
 1.14681206e-01
 1.14724402e-01
 1.14725386e-01
 1.14709251e-01
 1.14694319e-01
 1.14688842e-01
 6.30395803e-02
 6.31539560e-02
 6.35026082e-02
 6.40890835e-02
 6.48975437e-02
 6.58994250e-02
 6.70695163e-02
 6.83874797e-02
 6.98309475e-02
 7.13725143e-02
 7.29810836e-02
 7.46240770e-02
 7.62691070e-02
 7.78851743e-02
 7.94436347e-02
 8.09190419e-02
 8.22898747e-02
 8.35391206e-02
 8.46546869e-02
 8.56296214e-02
 8.64621349e-02
 8.71554318e-02
 8.77173436e-02
 8.81596997e-02
 8.84972165e-02
 8.87454815e-02
 8.89178884e-02
 8.90232971e-02
 8.90689348e-02
 8.90688717e-02
 8.90460785e-02
 8.90224778e-02
 8.90126835e-02
 4.67278904e-02
 4.68469387e-02
 4.71819507e-02
 4.76798289e-02
 4.82962608e-02
 4.90220208e-02
 4.98652670e-02
 5.08253120e-02
 5.18869996e-02
 5.30270464e-02
 5.42196951e-02
 5.54392198e-02
 5.66608309e-02
 5.78611787e-02
 5.90188464e-02
 6.01148716e-02
 6.11332427e-02
 6.20613163e-02
 6.28901219e-02
 6.36145354e-02
 6.42333250e-02
 6.47490957e-02
 6.51681732e-02
 6.55004690e-02
 6.57592363e-02
 6.59601784e-02
 6.61183611e-02
 6.62410604e-02
 6.63201111e-02
 6.63398865e-02
 6.63078565e-02
 6.62650828e-02
 6.62477250e-02
 3.30746898e-02
 3.31670134e-02
 3.33918853e-02
 3.36745284e-02
 3.40116372e-02
 3.44425804e-02
 3.49880529e-02
 3.56391572e-02
 3.63739668e-02
 3.71692261e-02
 3.80036222e-02
 3.88577584e-02
 3.97137168e-02
 4.05549184e-02
 4.13662688e-02
 4.21344440e-02
 4.28482086e-02
 4.34986987e-02
 4.40796339e-02
 4.45874444e-02
 4.50213224e-02
 4.53832268e-02
 4.56779214e-02
 4.59131709e-02
 4.61002795e-02
 4.62549845e-02
 4.63977388e-02
 4.65494046e-02
 4.67149880e-02
 4.68590002e-02
 4.69166084e-02
 4.68790718e-02
 4.68426702e-02
 2.24654319e-02
 2.23893849e-02
 2.22206091e-02
 2.20886171e-02
 2.20980719e-02
 2.22734672e-02
 2.25836839e-02
 2.29883685e-02
 2.34568126e-02
 2.39676727e-02
 2.45049756e-02
 2.50554430e-02
 2.56072474e-02
 2.61496004e-02
 2.66727314e-02
 2.71680355e-02
 2.76282626e-02
 2.80476967e-02
 2.84222907e-02
 2.87497524e-02
 2.90295835e-02
 2.92631065e-02
 2.94535438e-02
 2.96063089e-02
 2.97298050e-02
 2.98372975e-02
 2.99505340e-02
 3.01045870e-02
 3.03468404e-02
 3.07106883e-02
 3.11562993e-02
 3.15424757e-02
 3.16976291e-02
 1.36181408e-02
 1.34426951e-02
 1.30538768e-02
 1.27207624e-02
 1.25857418e-02
 1.26287500e-02
 1.27852701e-02
 1.30082238e-02
 1.32713420e-02
 1.35597211e-02
 1.38634711e-02
 1.41748059e-02
 1.44869486e-02
 1.47937621e-02
 1.50897099e-02
 1.53699173e-02
 1.56302835e-02
 1.58675722e-02
 1.60794968e-02
 1.62647611e-02
 1.64230924e-02
 1.65552539e-02
 1.66631190e-02
 1.67498775e-02
 1.68206736e-02
 1.68841862e-02
 1.69564757e-02
 1.70689864e-02
 1.72802274e-02
 1.76712226e-02
 1.82649767e-02
 1.88709877e-02
 1.91332510e-02
 6.46746037e-03
 6.30115153e-03
 5.97570424e-03
 5.73396682e-03
 5.63539450e-03
 5.64140649e-03
 5.70718588e-03
 5.80548646e-03
 5.92253945e-03
 6.05111620e-03
 6.18662337e-03
 6.32554408e-03
 6.46483110e-03
 6.60174605e-03
 6.73381106e-03
 6.85885459e-03
 6.97504234e-03
 7.08093400e-03
 7.17550516e-03
 7.25818233e-03
 7.32884009e-03
 7.38782777e-03
 7.43598311e-03
 7.47476158e-03
 7.50652033e-03
 7.53537692e-03
 7.56926219e-03
 7.62487863e-03
 7.73651145e-03
 7.96146253e-03
 8.34927711e-03
 8.82109906e-03
 9.05533548e-03
 1.68981214e-03
 1.61877754e-03
 1.51050496e-03
 1.44099520e-03
 1.41344304e-03
 1.41412815e-03
 1.43035159e-03
 1.45492255e-03
 1.48423025e-03
 1.51644886e-03
 1.55040291e-03
 1.58521819e-03
 1.62012234e-03
 1.65443527e-03
 1.68753032e-03
 1.71886780e-03
 1.74798419e-03
 1.77452222e-03
 1.79822121e-03
 1.81894185e-03
 1.83664787e-03
 1.85143278e-03
 1.86349994e-03
 1.87322448e-03
 1.88118933e-03
 1.88845775e-03
 1.89703886e-03
 1.91132908e-03
 1.94041841e-03
 2.00067016e-03
 2.11006471e-03
 2.26392734e-03
 2.36085838e-03
 0.00000000e+00
 4.71024283e-13
 1.85578993e-11
 -2.24427985e-11
 2.32710615e-12
 1.75695634e-11
 4.33524078e-11
 2.10937569e-11
 6.29522961e-12
 8.75453173e-11
 7.56673821e-11
 5.23960143e-11
 -1.09273584e-10
 1.10039437e-10
 1.13497633e-10
 -7.99437102e-11
 7.57359371e-11
 5.04374005e-12
 -6.44428929e-12
 -2.57148170e-11
 -3.42470233e-11
 1.34775523e-11
 4.05093008e-11
 -1.23535541e-11
 -1.27154537e-10
 -3.87559038e-11
 2.19659479e-12
 -1.06228078e-11
 5.16490246e-12
 1.12360709e-12
 1.02464428e-13
 0.00000000e+00
 0.00000000e+00
