 1.10000000e+00
 1.09999999e+00
 1.09999999e+00
 1.10000000e+00
 1.09999998e+00
 1.10000000e+00
 1.10000001e+00
 1.10000002e+00
 1.10000000e+00
 1.10000000e+00
 1.09999999e+00
 1.10000001e+00
 1.10000003e+00
 1.09999999e+00
 1.09999999e+00
 1.09999999e+00
 1.10000000e+00
 1.10000000e+00
 1.10000000e+00
 1.10000000e+00
 1.10000000e+00
 1.10000001e+00
 1.09999999e+00
 1.10000000e+00
 1.10000000e+00
 1.10000000e+00
 1.10000000e+00
 1.10000000e+00
 1.10000000e+00
 1.10000000e+00
 1.10000000e+00
 1.10000000e+00
 1.10000000e+00
 1.10031199e+00
 1.10028117e+00
 1.10022909e+00
 1.10018630e+00
 1.10015664e+00
 1.10013703e+00
 1.10012346e+00
 1.10011329e+00
 1.10010495e+00
 1.10009765e+00
 1.10009095e+00
 1.10008462e+00
 1.10007853e+00
 1.10007255e+00
 1.10006671e+00
 1.10006096e+00
 1.10005533e+00
 1.10004977e+00
 1.10004435e+00
 1.10003906e+00
 1.10003396e+00
 1.10002908e+00
 1.10002444e+00
 1.10002011e+00
 1.10001611e+00
 1.10001249e+00
 1.10000927e+00
 1.10000650e+00
 1.10000419e+00
 1.10000237e+00
 1.10000106e+00
 1.10000026e+00
 1.10000000e+00
 1.10114058e+00
 1.10106181e+00
 1.10089371e+00
 1.10073633e+00
 1.10062262e+00
 1.10054583e+00
 1.10049227e+00
 1.10045186e+00
 1.10041870e+00
 1.10038963e+00
 1.10036292e+00
 1.10033765e+00
 1.10031329e+00
 1.10028951e+00
 1.10026621e+00
 1.10024329e+00
 1.10022076e+00
 1.10019862e+00
 1.10017696e+00
 1.10015588e+00
 1.10013552e+00
 1.10011602e+00
 1.10009754e+00
 1.10008024e+00
 1.10006429e+00
 1.10004983e+00
 1.10003700e+00
 1.10002592e+00
 1.10001671e+00
 1.10000945e+00
 1.10000422e+00
 1.10000106e+00
 1.10000000e+00
 1.10221450e+00
 1.10211202e+00
 1.10186433e+00
 1.10159253e+00
 1.10137295e+00
 1.10121447e+00
 1.10109954e+00
 1.10101094e+00
 1.10093747e+00
 1.10087269e+00
 1.10081302e+00
 1.10075647e+00
 1.10070192e+00
 1.10064870e+00
 1.10059651e+00
 1.10054517e+00
 1.10049468e+00
 1.10044507e+00
 1.10039654e+00
 1.10034931e+00
 1.10030368e+00
 1.10025999e+00
 1.10021857e+00
 1.10017982e+00
 1.10014407e+00
 1.10011166e+00
 1.10008290e+00
 1.10005809e+00
 1.10003745e+00
 1.10002118e+00
 1.10000945e+00
 1.10000237e+00
 1.10000000e+00
 1.10324522e+00
 1.10315490e+00
 1.10291987e+00
 1.10262337e+00
 1.10234240e+00
 1.10211118e+00
 1.10192820e+00
 1.10177984e+00
 1.10165351e+00
 1.10154063e+00
 1.10143596e+00
 1.10133643e+00
 1.10124024e+00
 1.10114634e+00
 1.10105420e+00
 1.10096353e+00
 1.10087431e+00
 1.10078667e+00
 1.10070090e+00
 1.10061744e+00
 1.10053679e+00
 1.10045956e+00
 1.10038636e+00
 1.10031785e+00
 1.10025466e+00
 1.10019737e+00
 1.10014655e+00
 1.10010268e+00
 1.10006620e+00
 1.10003745e+00
 1.10001671e+00
 1.10000419e+00
 1.10000000e+00
 1.10415045e+00
 1.10410025e+00
 1.10395108e+00
 1.10372085e+00
 1.10345173e+00
 1.10318701e+00
 1.10294895e+00
 1.10273991e+00
 1.10255373e+00
 1.10238337e+00
 1.10222345e+00
 1.10207041e+00
 1.10192200e+00
 1.10177687e+00
 1.10163429e+00
 1.10149390e+00
 1.10135568e+00
 1.10121986e+00
 1.10108693e+00
 1.10095753e+00
 1.10083249e+00
 1.10071273e+00
 1.10059923e+00
 1.10049298e+00
 1.10039497e+00
 1.10030612e+00
 1.10022730e+00
 1.10015926e+00
 1.10010267e+00
 1.10005808e+00
 1.10002592e+00
 1.10000649e+00
 1.10000000e+00
 1.10523473e+00
 1.10519898e+00
 1.10509013e+00
 1.10490913e+00
 1.10467025e+00
 1.10440095e+00
 1.10412790e+00
 1.10386614e+00
 1.10361959e+00
 1.10338652e+00
 1.10316377e+00
 1.10294848e+00
 1.10273859e+00
 1.10253273e+00
 1.10233010e+00
 1.10213035e+00
 1.10193353e+00
 1.10174002e+00
 1.10155054e+00
 1.10136606e+00
 1.10118774e+00
 1.10101692e+00
 1.10085500e+00
 1.10070342e+00
 1.10056358e+00
 1.10043681e+00
 1.10032434e+00
 1.10022725e+00
 1.10014651e+00
 1.10008288e+00
 1.10003698e+00
 1.10000927e+00
 1.10000000e+00
 1.10655043e+00
 1.10651439e+00
 1.10640812e+00
 1.10623644e+00
 1.10600755e+00
 1.10573535e+00
 1.10543818e+00
 1.10513265e+00
 1.10482915e+00
 1.10453198e+00
 1.10424180e+00
 1.10395783e+00
 1.10367895e+00
 1.10340425e+00
 1.10313313e+00
 1.10286539e+00
 1.10260126e+00
 1.10234136e+00
 1.10208670e+00
 1.10183863e+00
 1.10159877e+00
 1.10136893e+00
 1.10115102e+00
 1.10094700e+00
 1.10075875e+00
 1.10058809e+00
 1.10043667e+00
 1.10030597e+00
 1.10019725e+00
 1.10011158e+00
 1.10004979e+00
 1.10001248e+00
 1.10000000e+00
 1.10799867e+00
 1.10796467e+00
 1.10786283e+00
 1.10769465e+00
 1.10746502e+00
 1.10718324e+00
 1.10686249e+00
 1.10651732e+00
 1.10616020e+00
 1.10579953e+00
 1.10543984e+00
 1.10508304e+00
 1.10472966e+00
 1.10437970e+00
 1.10403310e+00
 1.10369002e+00
 1.10335099e+00
 1.10301698e+00
 1.10268940e+00
 1.10237007e+00
 1.10206115e+00
 1.10176501e+00
 1.10148417e+00
 1.10122116e+00
 1.10097846e+00
 1.10075841e+00
 1.10056315e+00
 1.10039459e+00
 1.10025439e+00
 1.10014390e+00
 1.10006421e+00
 1.10001609e+00
 1.10000000e+00
 1.10959778e+00
 1.10956209e+00
 1.10945547e+00
 1.10927951e+00
 1.10903784e+00
 1.10873718e+00
 1.10838771e+00
 1.10800184e+00
 1.10759201e+00
 1.10716852e+00
 1.10673865e+00
 1.10630681e+00
 1.10587537e+00
 1.10544557e+00
 1.10501815e+00
 1.10459382e+00
 1.10417360e+00
 1.10375893e+00
 1.10335174e+00
 1.10295444e+00
 1.10256980e+00
 1.10220088e+00
 1.10185088e+00
 1.10152301e+00
 1.10122038e+00
 1.10094596e+00
 1.10070243e+00
 1.10049219e+00
 1.10031731e+00
 1.10017950e+00
 1.10008010e+00
 1.10002007e+00
 1.10000000e+00
 1.11132574e+00
 1.11128669e+00
 1.11117009e+00
 1.11097786e+00
 1.11071393e+00
 1.11038471e+00
 1.10999928e+00
 1.10956872e+00
 1.10910484e+00
 1.10861850e+00
 1.10811840e+00
 1.10761071e+00
 1.10709943e+00
 1.10658702e+00
 1.10607515e+00
 1.10556527e+00
 1.10505900e+00
 1.10455842e+00
 1.10406611e+00
 1.10358517e+00
 1.10311913e+00
 1.10267182e+00
 1.10224723e+00
 1.10184933e+00
 1.10148197e+00
 1.10114878e+00
 1.10085306e+00
 1.10059775e+00
 1.10038537e+00
 1.10021800e+00
 1.10009728e+00
 1.10002438e+00
 1.10000000e+00
 1.11315395e+00
 1.11310994e+00
 1.11297897e+00
 1.11276412e+00
 1.11247051e+00
 1.11210530e+00
 1.11167765e+00
 1.11119824e+00
 1.11067841e+00
 1.11012893e+00
 1.10955905e+00
 1.10897590e+00
 1.10838454e+00
 1.10778847e+00
 1.10719024e+00
 1.10659211e+00
 1.10599645e+00
 1.10540607e+00
 1.10482435e+00
 1.10425524e+00
 1.10370314e+00
 1.10317277e+00
 1.10266901e+00
 1.10219669e+00
 1.10176049e+00
 1.10136476e+00
 1.10101348e+00
 1.10071018e+00
 1.10045786e+00
 1.10025901e+00
 1.10011558e+00
 1.10002896e+00
 1.10000000e+00
 1.11503713e+00
 1.11498785e+00
 1.11484135e+00
 1.11460168e+00
 1.11427526e+00
 1.11387053e+00
 1.11339749e+00
 1.11286713e+00
 1.11229066e+00
 1.11167872e+00
 1.11104053e+00
 1.11038353e+00
 1.10971335e+00
 1.10903419e+00
 1.10834934e+00
 1.10766186e+00
 1.10697492e+00
 1.10629223e+00
 1.10561808e+00
 1.10495740e+00
 1.10431561e+00
 1.10369846e+00
 1.10311183e+00
 1.10256151e+00
 1.10205307e+00
 1.10159168e+00
 1.10118205e+00
 1.10082832e+00
 1.10053403e+00
 1.10030210e+00
 1.10013481e+00
 1.10003378e+00
 1.10000000e+00
 1.11692971e+00
 1.11687530e+00
 1.11671372e+00
 1.11644978e+00
 1.11609104e+00
 1.11564720e+00
 1.11512935e+00
 1.11454915e+00
 1.11391798e+00
 1.11324624e+00
 1.11254290e+00
 1.11181526e+00
 1.11106909e+00
 1.11030895e+00
 1.10953875e+00
 1.10876226e+00
 1.10798357e+00
 1.10720734e+00
 1.10643893e+00
 1.10568439e+00
 1.10495032e+00
 1.10424361e+00
 1.10357126e+00
 1.10294015e+00
 1.10235681e+00
 1.10182731e+00
 1.10135711e+00
 1.10095102e+00
 1.10061315e+00
 1.10034686e+00
 1.10015478e+00
 1.10003879e+00
 1.10000000e+00
 1.11878985e+00
 1.11873072e+00
 1.11855522e+00
 1.11826887e+00
 1.11788041e+00
 1.11740086e+00
 1.11684236e+00
 1.11621708e+00
 1.11553637e+00
 1.11481024e+00
 1.11404711e+00
 1.11325387e+00
 1.11243612e+00
 1.11159859e+00
 1.11074566e+00
 1.10988184e+00
 1.10901213e+00
 1.10814229e+00
 1.10727887e+00
 1.10642921e+00
 1.10560119e+00
 1.10480302e+00
 1.10404295e+00
 1.10332903e+00
 1.10266884e+00
 1.10206939e+00
 1.10153697e+00
 1.10107709e+00
 1.10069444e+00
 1.10039285e+00
 1.10017531e+00
 1.10004393e+00
 1.10000000e+00
 1.12057418e+00
 1.12051077e+00
 1.12032303e+00
 1.12001785e+00
 1.11960536e+00
 1.11909750e+00
 1.11850675e+00
 1.11784517e+00
 1.11712361e+00
 1.11635136e+00
 1.11553609e+00
 1.11468409e+00
 1.11380063e+00
 1.11289055e+00
 1.11195866e+00
 1.11101022e+00
 1.11005125e+00
 1.10908869e+00
 1.10813045e+00
 1.10718525e+00
 1.10626246e+00
 1.10537173e+00
 1.10452268e+00
 1.10372462e+00
 1.10298629e+00
 1.10231570e+00
 1.10171998e+00
 1.10120538e+00
 1.10077716e+00
 1.10043965e+00
 1.10019619e+00
 1.10004917e+00
 1.10000000e+00
 1.12222542e+00
 1.12216055e+00
 1.12196824e+00
 1.12165511e+00
 1.12123105e+00
 1.12070788e+00
 1.12009783e+00
 1.11941240e+00
 1.11866166e+00
 1.11785394e+00
 1.11699601e+00
 1.11609345e+00
 1.11515124e+00
 1.11417431e+00
 1.11316800e+00
 1.11213842e+00
 1.11109269e+00
 1.11003906e+00
 1.10898688e+00
 1.10794646e+00
 1.10692876e+00
 1.10594502e+00
 1.10500638e+00
 1.10412353e+00
 1.10330641e+00
 1.10256406e+00
 1.10190451e+00
 1.10133472e+00
 1.10086056e+00
 1.10048684e+00
 1.10021725e+00
 1.10005444e+00
 1.10000000e+00
 1.12373013e+00
 1.12366586e+00
 1.12347514e+00
 1.12316383e+00
 1.12274067e+00
 1.12221611e+00
 1.12160108e+00
 1.12090578e+00
 1.12013893e+00
 1.11930754e+00
 1.11841726e+00
 1.11747293e+00
 1.11647930e+00
 1.11544156e+00
 1.11436573e+00
 1.11325888e+00
 1.11212936e+00
 1.11098680e+00
 1.10984213e+00
 1.10870733e+00
 1.10759512e+00
 1.10651847e+00
 1.10549018e+00
 1.10452242e+00
 1.10362642e+00
 1.10281227e+00
 1.10208888e+00
 1.10146393e+00
 1.10094387e+00
 1.10053396e+00
 1.10023828e+00
 1.10005971e+00
 1.10000000e+00
 1.12509334e+00
 1.12503156e+00
 1.12484767e+00
 1.12454611e+00
 1.12413393e+00
 1.12361988e+00
 1.12301294e+00
 1.12232116e+00
 1.12155100e+00
 1.12070747e+00
 1.11979475e+00
 1.11881697e+00
 1.11777882e+00
 1.11668600e+00
 1.11554541e+00
 1.11436525e+00
 1.11315513e+00
 1.11192614e+00
 1.11069079e+00
 1.10946283e+00
 1.10825688e+00
 1.10708782e+00
 1.10597025e+00
 1.10491795e+00
 1.10394347e+00
 1.10305801e+00
 1.10227132e+00
 1.10159174e+00
 1.10102625e+00
 1.10058056e+00
 1.10025907e+00
 1.10006493e+00
 1.10000000e+00
 1.12633656e+00
 1.12627719e+00
 1.12610084e+00
 1.12581226e+00
 1.12541790e+00
 1.12492445e+00
 1.12433765e+00
 1.12366181e+00
 1.12289989e+00
 1.12205421e+00
 1.12112733e+00
 1.12012285e+00
 1.11904578e+00
 1.11790271e+00
 1.11670163e+00
 1.11545196e+00
 1.11416454e+00
 1.11285182e+00
 1.11152786e+00
 1.11020826e+00
 1.10890961e+00
 1.10764890e+00
 1.10644272e+00
 1.10530659e+00
 1.10425452e+00
 1.10329876e+00
 1.10244985e+00
 1.10171671e+00
 1.10110678e+00
 1.10062610e+00
 1.10027939e+00
 1.10007002e+00
 1.10000000e+00
 1.12743829e+00
 1.12738432e+00
 1.12722379e+00
 1.12696021e+00
 1.12659759e+00
 1.12613895e+00
 1.12558557e+00
 1.12493716e+00
 1.12419278e+00
 1.12335205e+00
 1.12241634e+00
 1.12138932e+00
 1.12027696e+00
 1.11908716e+00
 1.11782921e+00
 1.11651363e+00
 1.11515230e+00
 1.11375879e+00
 1.11234859e+00
 1.11093906e+00
 1.10954893e+00
 1.10819747e+00
 1.10690351e+00
 1.10568454e+00
 1.10455612e+00
 1.10353158e+00
 1.10262214e+00
 1.10183714e+00
 1.10118430e+00
 1.10066992e+00
 1.10029894e+00
 1.10007492e+00
 1.10000000e+00
 1.12841488e+00
 1.12837010e+00
 1.12823565e+00
 1.12801107e+00
 1.12769501e+00
 1.12728463e+00
 1.12677547e+00
 1.12616220e+00
 1.12544012e+00
 1.12460685e+00
 1.12366349e+00
 1.12261477e+00
 1.12146842e+00
 1.12023406e+00
 1.11892227e+00
 1.11754438e+00
 1.11611282e+00
 1.11464185e+00
 1.11314812e+00
 1.11165066e+00
 1.11017041e+00
 1.10872916e+00
 1.10734830e+00
 1.10604759e+00
 1.10484433e+00
 1.10375298e+00
 1.10278532e+00
 1.10195087e+00
 1.10125738e+00
 1.10071119e+00
 1.10031734e+00
 1.10007953e+00
 1.10000000e+00
 1.12933639e+00
 1.12930174e+00
 1.12919628e+00
 1.12901535e+00
 1.12875127e+00
 1.12839391e+00
 1.12793183e+00
 1.12735401e+00
 1.12665219e+00
 1.12582291e+00
 1.12486826e+00
 1.12379522e+00
 1.12261402e+00
 1.12133627e+00
 1.11997356e+00
 1.11853733e+00
 1.11703981e+00
 1.11549534e+00
 1.11392129e+00
 1.11233826e+00
 1.11076944e+00
 1.10923942e+00
 1.10777250e+00
 1.10639110e+00
 1.10511461e+00
 1.10395876e+00
 1.10293581e+00
 1.10205513e+00
 1.10132413e+00
 1.10074882e+00
 1.10033411e+00
 1.10008373e+00
 1.10000000e+00
 1.13026036e+00
 1.13023577e+00
 1.13015866e+00
 1.13001972e+00
 1.12980491e+00
 1.12949665e+00
 1.12907588e+00
 1.12852553e+00
 1.12783445e+00
 1.12699956e+00
 1.12602554e+00
 1.12492273e+00
 1.12370445e+00
 1.12238424e+00
 1.12097404e+00
 1.11948431e+00
 1.11792601e+00
 1.11631282e+00
 1.11466242e+00
 1.11299671e+00
 1.11134123e+00
 1.10972359e+00
 1.10817141e+00
 1.10671024e+00
 1.10536199e+00
 1.10414404e+00
 1.10306919e+00
 1.10214637e+00
 1.10138204e+00
 1.10078131e+00
 1.10034857e+00
 1.10008735e+00
 1.10000000e+00
 1.13122435e+00
 1.13120743e+00
 1.13115318e+00
 1.13105010e+00
 1.13087792e+00
 1.13060995e+00
 1.13021818e+00
 1.12967996e+00
 1.12898345e+00
 1.12812861e+00
 1.12712432e+00
 1.12598495e+00
 1.12472709e+00
 1.12336604e+00
 1.12191300e+00
 1.12037589e+00
 1.11876309e+00
 1.11708693e+00
 1.11536502e+00
 1.11362032e+00
 1.11188066e+00
 1.11017698e+00
 1.10854055e+00
 1.10700043e+00
 1.10558156e+00
 1.10430355e+00
 1.10318021e+00
 1.10222001e+00
 1.10142773e+00
 1.10080662e+00
 1.10035977e+00
 1.10009015e+00
 1.10000000e+00
 1.13220586e+00
 1.13219981e+00
 1.13217410e+00
 1.13210886e+00
 1.13197531e+00
 1.13173680e+00
 1.13135601e+00
 1.13080778e+00
 1.13008492e+00
 1.12919382e+00
 1.12814818e+00
 1.12696592e+00
 1.12566695e+00
 1.12426814e+00
 1.12277864e+00
 1.12120166e+00
 1.11954160e+00
 1.11780914e+00
 1.11602160e+00
 1.11420261e+00
 1.11238221e+00
 1.11059490e+00
 1.10887593e+00
 1.10725800e+00
 1.10576936e+00
 1.10443252e+00
 1.10326327e+00
 1.10227037e+00
 1.10145657e+00
 1.10082179e+00
 1.10036633e+00
 1.10009178e+00
 1.10000000e+00
 1.13324431e+00
 1.13324051e+00
 1.13322754e+00
 1.13319181e+00
 1.13309239e+00
 1.13286875e+00
 1.13247230e+00
 1.13188540e+00
 1.13111407e+00
 1.13017277e+00
 1.12907761e+00
 1.12784824e+00
 1.12650825e+00
 1.12507666e+00
 1.12355887e+00
 1.12195063e+00
 1.12025107e+00
 1.11846962e+00
 1.11662345e+00
 1.11473613e+00
 1.11283970e+00
 1.11097259e+00
 1.10917422e+00
 1.10748074e+00
 1.10592354e+00
 1.10452824e+00
 1.10331371e+00
 1.10229104e+00
 1.10146225e+00
 1.10082239e+00
 1.10036611e+00
 1.10009170e+00
 1.10000000e+00
 1.13413689e+00
 1.13415989e+00
 1.13422091e+00
 1.13427266e+00
 1.13422235e+00
 1.13398593e+00
 1.13353285e+00
 1.13287590e+00
 1.13203936e+00
 1.13104096e+00
 1.12989339e+00
 1.12861556e+00
 1.12723640e+00
 1.12577871e+00
 1.12424214e+00
 1.12261161e+00
 1.12088012e+00
 1.11905734e+00
 1.11716065e+00
 1.11521239e+00
 1.11324621e+00
 1.11130504e+00
 1.10943266e+00
 1.10766802e+00
 1.10604503e+00
 1.10459193e+00
 1.10333050e+00
 1.10227659e+00
 1.10143664e+00
 1.10080164e+00
 1.10035560e+00
 1.10008898e+00
 1.10000000e+00
 1.13496550e+00
 1.13506123e+00
 1.13527256e+00
 1.13542573e+00
 1.13536732e+00
 1.13504426e+00
 1.13448424e+00
 1.13373532e+00
 1.13282931e+00
 1.13177650e+00
 1.13057944e+00
 1.12925468e+00
 1.12783973e+00
 1.12636364e+00
 1.12481799e+00
 1.12317349e+00
 1.12141682e+00
 1.11956038e+00
 1.11762233e+00
 1.11562191e+00
 1.11359416e+00
 1.11158697e+00
 1.10964882e+00
 1.10782025e+00
 1.10613707e+00
 1.10462936e+00
 1.10331966e+00
 1.10222692e+00
 1.10137155e+00
 1.10074978e+00
 1.10032916e+00
 1.10008215e+00
 1.10000000e+00
 1.13629802e+00
 1.13640761e+00
 1.13661425e+00
 1.13667534e+00
 1.13645304e+00
 1.13596018e+00
 1.13526576e+00
 1.13442521e+00
 1.13345952e+00
 1.13236287e+00
 1.13112392e+00
 1.12975662e+00
 1.12831068e+00
 1.12682372e+00
 1.12527723e+00
 1.12362544e+00
 1.12184936e+00
 1.11996678e+00
 1.11799722e+00
 1.11595470e+00
 1.11387566e+00
 1.11181302e+00
 1.10982035e+00
 1.10793818e+00
 1.10620380e+00
 1.10464865e+00
 1.10329470e+00
 1.10215354e+00
 1.10126587e+00
 1.10065720e+00
 1.10027935e+00
 1.10006905e+00
 1.10000000e+00
 1.13794125e+00
 1.13799153e+00
 1.13800563e+00
 1.13779433e+00
 1.13732281e+00
 1.13664707e+00
 1.13583404e+00
 1.13492289e+00
 1.13391546e+00
 1.13278891e+00
 1.13151865e+00
 1.13011645e+00
 1.12864606e+00
 1.12715429e+00
 1.12561195e+00
 1.12395733e+00
 1.12216701e+00
 1.12026569e+00
 1.11827454e+00
 1.11620104e+00
 1.11408322e+00
 1.11197828e+00
 1.10994504e+00
 1.10802228e+00
 1.10624894e+00
 1.10465700e+00
 1.10327059e+00
 1.10207996e+00
 1.10113822e+00
 1.10052879e+00
 1.10020257e+00
 1.10004800e+00
 1.10000000e+00
 1.13930125e+00
 1.13924443e+00
 1.13899832e+00
 1.13852652e+00
 1.13786279e+00
 1.13706162e+00
 1.13617366e+00
 1.13522104e+00
 1.13419050e+00
 1.13304742e+00
 1.13175792e+00
 1.13033240e+00
 1.12884612e+00
 1.12735310e+00
 1.12581573e+00
 1.12416049e+00
 1.12236125e+00
 1.12044861e+00
 1.11844514e+00
 1.11635261e+00
 1.11421058e+00
 1.11207896e+00
 1.11002087e+00
 1.10807270e+00
 1.10627515e+00
 1.10465954e+00
 1.10325567e+00
 1.10202945e+00
 1.10103056e+00
 1.10040596e+00
 1.10011672e+00
 1.10002112e+00
 1.10000000e+00
 1.13982700e+00
 1.13970304e+00
 1.13934183e+00
 1.13877360e+00
 1.13804262e+00
 1.13719880e+00
 1.13628600e+00
 1.13532008e+00
 1.13428234e+00
 1.13313409e+00
 1.13183811e+00
 1.13040434e+00
 1.12891252e+00
 1.12741942e+00
 1.12588418e+00
 1.12422893e+00
 1.12242662e+00
 1.12051018e+00
 1.11850275e+00
 1.11640380e+00
 1.11425353e+00
 1.11211276e+00
 1.11004634e+00
 1.10808950e+00
 1.10628376e+00
 1.10465990e+00
 1.10325093e+00
 1.10201227e+00
 1.10098816e+00
 1.10035424e+00
 1.10007583e+00
 1.10000489e+00
 1.10000000e+00
