 1.30973600e+00
 1.30966359e+00
 1.30944324e+00
 1.30906765e+00
 1.30853127e+00
 1.30783939e+00
 1.30701873e+00
 1.30612301e+00
 1.30522103e+00
 1.30438076e+00
 1.30362238e+00
 1.30291133e+00
 1.30213665e+00
 1.30116863e+00
 1.29998633e+00
 1.29848747e+00
 1.29660294e+00
 1.29440675e+00
 1.29202992e+00
 1.28967487e+00
 1.28752213e+00
 1.28565424e+00
 1.28407504e+00
 1.28265718e+00
 1.28130406e+00
 1.27999485e+00
 1.27872668e+00
 1.27752924e+00
 1.27645495e+00
 1.27555657e+00
 1.27487957e+00
 1.27445876e+00
 1.27431600e+00
 1.30987171e+00
 1.30984901e+00
 1.30971288e+00
 1.30940704e+00
 1.30891989e+00
 1.30826166e+00
 1.30746454e+00
 1.30658452e+00
 1.30569100e+00
 1.30485080e+00
 1.30408519e+00
 1.30336100e+00
 1.30257176e+00
 1.30159370e+00
 1.30040045e+00
 1.29889484e+00
 1.29701222e+00
 1.29482353e+00
 1.29245845e+00
 1.29011383e+00
 1.28796505e+00
 1.28609368e+00
 1.28450167e+00
 1.28306943e+00
 1.28170473e+00
 1.28038617e+00
 1.27911250e+00
 1.27791377e+00
 1.27684145e+00
 1.27594778e+00
 1.27527766e+00
 1.27486458e+00
 1.27472610e+00
 1.31044747e+00
 1.31050209e+00
 1.31055326e+00
 1.31043347e+00
 1.31008488e+00
 1.30952327e+00
 1.30879391e+00
 1.30795932e+00
 1.30709026e+00
 1.30625093e+00
 1.30546512e+00
 1.30470398e+00
 1.30387358e+00
 1.30286541e+00
 1.30164103e+00
 1.30011635e+00
 1.29823845e+00
 1.29607078e+00
 1.29373828e+00
 1.29142240e+00
 1.28928432e+00
 1.28740216e+00
 1.28577436e+00
 1.28430148e+00
 1.28290341e+00
 1.28155845e+00
 1.28026937e+00
 1.27906701e+00
 1.27800060e+00
 1.27712057e+00
 1.27646947e+00
 1.27607474e+00
 1.27594371e+00
 1.31188617e+00
 1.31197844e+00
 1.31215676e+00
 1.31222097e+00
 1.31204445e+00
 1.31161728e+00
 1.31098734e+00
 1.31022122e+00
 1.30938952e+00
 1.30855295e+00
 1.30773787e+00
 1.30692242e+00
 1.30603068e+00
 1.30497338e+00
 1.30370203e+00
 1.30214872e+00
 1.30027596e+00
 1.29813859e+00
 1.29585235e+00
 1.29357672e+00
 1.29145278e+00
 1.28955213e+00
 1.28787207e+00
 1.28633888e+00
 1.28488975e+00
 1.28350551e+00
 1.28219368e+00
 1.28098585e+00
 1.27992802e+00
 1.27906662e+00
 1.27843790e+00
 1.27805996e+00
 1.27793457e+00
 1.31462472e+00
 1.31469570e+00
 1.31484934e+00
 1.31494831e+00
 1.31486645e+00
 1.31455257e+00
 1.31402468e+00
 1.31333545e+00
 1.31254744e+00
 1.31171534e+00
 1.31086650e+00
 1.30998745e+00
 1.30902200e+00
 1.30790016e+00
 1.30657111e+00
 1.30498276e+00
 1.30311277e+00
 1.30100867e+00
 1.29877296e+00
 1.29654028e+00
 1.29442926e+00
 1.29250296e+00
 1.29076157e+00
 1.28915679e+00
 1.28764519e+00
 1.28621378e+00
 1.28487451e+00
 1.28365886e+00
 1.28260813e+00
 1.28176157e+00
 1.28114688e+00
 1.28077674e+00
 1.28065348e+00
 1.31874806e+00
 1.31875131e+00
 1.31875831e+00
 1.31873911e+00
 1.31862535e+00
 1.31835078e+00
 1.31789139e+00
 1.31726643e+00
 1.31651801e+00
 1.31568929e+00
 1.31480537e+00
 1.31386033e+00
 1.31281597e+00
 1.31162006e+00
 1.31022724e+00
 1.30859971e+00
 1.30672758e+00
 1.30465285e+00
 1.30246271e+00
 1.30026726e+00
 1.29816340e+00
 1.29620556e+00
 1.29439980e+00
 1.29271987e+00
 1.29114104e+00
 1.28965887e+00
 1.28828897e+00
 1.28706130e+00
 1.28601103e+00
 1.28516910e+00
 1.28455661e+00
 1.28418519e+00
 1.28406073e+00
 1.32369311e+00
 1.32366941e+00
 1.32360078e+00
 1.32348560e+00
 1.32330138e+00
 1.32300711e+00
 1.32256871e+00
 1.32197880e+00
 1.32125472e+00
 1.32042327e+00
 1.31950346e+00
 1.31849405e+00
 1.31737095e+00
 1.31609749e+00
 1.31463846e+00
 1.31296864e+00
 1.31108738e+00
 1.30903233e+00
 1.30687557e+00
 1.30470531e+00
 1.30259954e+00
 1.30060553e+00
 1.29873611e+00
 1.29698281e+00
 1.29533709e+00
 1.29380330e+00
 1.29239984e+00
 1.29115427e+00
 1.29009604e+00
 1.28925016e+00
 1.28863457e+00
 1.28826086e+00
 1.28813557e+00
 1.32929131e+00
 1.32926389e+00
 1.32917844e+00
 1.32902684e+00
 1.32879633e+00
 1.32846715e+00
 1.32801664e+00
 1.32743047e+00
 1.32670927e+00
 1.32586424e+00
 1.32490609e+00
 1.32383484e+00
 1.32263611e+00
 1.32128598e+00
 1.31976057e+00
 1.31804548e+00
 1.31614655e+00
 1.31409768e+00
 1.31195782e+00
 1.30979718e+00
 1.30767876e+00
 1.30564462e+00
 1.30371376e+00
 1.30189128e+00
 1.30018154e+00
 1.29859641e+00
 1.29715636e+00
 1.29588683e+00
 1.29481325e+00
 1.29395726e+00
 1.29333516e+00
 1.29295788e+00
 1.29283148e+00
 1.33561503e+00
 1.33557885e+00
 1.33546978e+00
 1.33528470e+00
 1.33501571e+00
 1.33464974e+00
 1.33417097e+00
 1.33356563e+00
 1.33282695e+00
 1.33195554e+00
 1.33095451e+00
 1.32982294e+00
 1.32855227e+00
 1.32712829e+00
 1.32553723e+00
 1.32377349e+00
 1.32184740e+00
 1.31978967e+00
 1.31764879e+00
 1.31548124e+00
 1.31333907e+00
 1.31126085e+00
 1.30927053e+00
 1.30738311e+00
 1.30561247e+00
 1.30397632e+00
 1.30249677e+00
 1.30119794e+00
 1.30010284e+00
 1.29923102e+00
 1.29859765e+00
 1.29821337e+00
 1.29808456e+00
 1.34253878e+00
 1.34249833e+00
 1.34237575e+00
 1.34216743e+00
 1.34186722e+00
 1.34146602e+00
 1.34095232e+00
 1.34031438e+00
 1.33954316e+00
 1.33863384e+00
 1.33758441e+00
 1.33639240e+00
 1.33505256e+00
 1.33355744e+00
 1.33190117e+00
 1.33008488e+00
 1.32812194e+00
 1.32604052e+00
 1.32388138e+00
 1.32169127e+00
 1.31951467e+00
 1.31738806e+00
 1.31533903e+00
 1.31338950e+00
 1.31156004e+00
 1.30987267e+00
 1.30835097e+00
 1.30701858e+00
 1.30589730e+00
 1.30500569e+00
 1.30435840e+00
 1.30396590e+00
 1.30383438e+00
 1.34999721e+00
 1.34995251e+00
 1.34981735e+00
 1.34958846e+00
 1.34926034e+00
 1.34882536e+00
 1.34827411e+00
 1.34759649e+00
 1.34678327e+00
 1.34582747e+00
 1.34472441e+00
 1.34347066e+00
 1.34206286e+00
 1.34049811e+00
 1.33877615e+00
 1.33690294e+00
 1.33489390e+00
 1.33277531e+00
 1.33058265e+00
 1.32835612e+00
 1.32613533e+00
 1.32395558e+00
 1.32184704e+00
 1.31983631e+00
 1.31794862e+00
 1.31620912e+00
 1.31464282e+00
 1.31327349e+00
 1.31212254e+00
 1.31120806e+00
 1.31054438e+00
 1.31014192e+00
 1.31000705e+00
 1.35790438e+00
 1.35785560e+00
 1.35770832e+00
 1.35745961e+00
 1.35710453e+00
 1.35663619e+00
 1.35604617e+00
 1.35532528e+00
 1.35446462e+00
 1.35345666e+00
 1.35229583e+00
 1.35097845e+00
 1.34950255e+00
 1.34786823e+00
 1.34607909e+00
 1.34414434e+00
 1.34208078e+00
 1.33991347e+00
 1.33767445e+00
 1.33539980e+00
 1.33312616e+00
 1.33088825e+00
 1.32871805e+00
 1.32664532e+00
 1.32469851e+00
 1.32290520e+00
 1.32129176e+00
 1.31988260e+00
 1.31869930e+00
 1.31775997e+00
 1.31707885e+00
 1.31666613e+00
 1.31652789e+00
 1.36616382e+00
 1.36611150e+00
 1.36595348e+00
 1.36568667e+00
 1.36530611e+00
 1.36480517e+00
 1.36417600e+00
 1.36341003e+00
 1.36249889e+00
 1.36143525e+00
 1.36021357e+00
 1.35883058e+00
 1.35728550e+00
 1.35558057e+00
 1.35372197e+00
 1.35172112e+00
 1.34959576e+00
 1.34737024e+00
 1.34507451e+00
 1.34274219e+00
 1.34040823e+00
 1.33810715e+00
 1.33587224e+00
 1.33373544e+00
 1.33172749e+00
 1.32987789e+00
 1.32821436e+00
 1.32676217e+00
 1.32554342e+00
 1.32457648e+00
 1.32387567e+00
 1.32345114e+00
 1.32330896e+00
 1.37468724e+00
 1.37463133e+00
 1.37446255e+00
 1.37417775e+00
 1.37377193e+00
 1.37323853e+00
 1.37256985e+00
 1.37175775e+00
 1.37079430e+00
 1.36967266e+00
 1.36838785e+00
 1.36693734e+00
 1.36532155e+00
 1.36354433e+00
 1.36161369e+00
 1.35954256e+00
 1.35734937e+00
 1.35505812e+00
 1.35269761e+00
 1.35030008e+00
 1.34789959e+00
 1.34553073e+00
 1.34322773e+00
 1.34102409e+00
 1.33895229e+00
 1.33704335e+00
 1.33532628e+00
 1.33382734e+00
 1.33256942e+00
 1.33157149e+00
 1.33084832e+00
 1.33041031e+00
 1.33026364e+00
 1.38338130e+00
 1.38332182e+00
 1.38314228e+00
 1.38283951e+00
 1.38240839e+00
 1.38184232e+00
 1.38113367e+00
 1.38027451e+00
 1.37925734e+00
 1.37807596e+00
 1.37672616e+00
 1.37520637e+00
 1.37351819e+00
 1.37166684e+00
 1.36966169e+00
 1.36751676e+00
 1.36525104e+00
 1.36288842e+00
 1.36045712e+00
 1.35798869e+00
 1.35551682e+00
 1.35307626e+00
 1.35070203e+00
 1.34842877e+00
 1.34629027e+00
 1.34431887e+00
 1.34254476e+00
 1.34099530e+00
 1.33969435e+00
 1.33866174e+00
 1.33791302e+00
 1.33745933e+00
 1.33730736e+00
 1.39215285e+00
 1.39208984e+00
 1.39189969e+00
 1.39157901e+00
 1.39112252e+00
 1.39052343e+00
 1.38977408e+00
 1.38886675e+00
 1.38779444e+00
 1.38655166e+00
 1.38513515e+00
 1.38354444e+00
 1.38178231e+00
 1.37985518e+00
 1.37777352e+00
 1.37555218e+00
 1.37321059e+00
 1.37077269e+00
 1.36826649e+00
 1.36572324e+00
 1.36317655e+00
 1.36066146e+00
 1.35821359e+00
 1.35586848e+00
 1.35366099e+00
 1.35162456e+00
 1.34979059e+00
 1.34818762e+00
 1.34684072e+00
 1.34577093e+00
 1.34499486e+00
 1.34452444e+00
 1.34436683e+00
 1.40091311e+00
 1.40084656e+00
 1.40064565e+00
 1.40030675e+00
 1.39982424e+00
 1.39919111e+00
 1.39839971e+00
 1.39744256e+00
 1.39631326e+00
 1.39500721e+00
 1.39352226e+00
 1.39185915e+00
 1.39002184e+00
 1.38801781e+00
 1.38585841e+00
 1.38355913e+00
 1.38113975e+00
 1.37862432e+00
 1.37604083e+00
 1.37342051e+00
 1.37079709e+00
 1.36820591e+00
 1.36568316e+00
 1.36326510e+00
 1.36098744e+00
 1.35888464e+00
 1.35698918e+00
 1.35533087e+00
 1.35393611e+00
 1.35282731e+00
 1.35202231e+00
 1.35153409e+00
 1.35137047e+00
 1.40957876e+00
 1.40950836e+00
 1.40929586e+00
 1.40893742e+00
 1.40842718e+00
 1.40775796e+00
 1.40692214e+00
 1.40591265e+00
 1.40472387e+00
 1.40335234e+00
 1.40179720e+00
 1.40006047e+00
 1.39814728e+00
 1.39606602e+00
 1.39382869e+00
 1.39145118e+00
 1.38895353e+00
 1.38635990e+00
 1.38369837e+00
 1.38100032e+00
 1.37829973e+00
 1.37563237e+00
 1.37303493e+00
 1.37054430e+00
 1.36819690e+00
 1.36602803e+00
 1.36407119e+00
 1.36235739e+00
 1.36091440e+00
 1.35976603e+00
 1.35893151e+00
 1.35842501e+00
 1.35825520e+00
 1.41806854e+00
 1.41799395e+00
 1.41776875e+00
 1.41738894e+00
 1.41684843e+00
 1.41614001e+00
 1.41525631e+00
 1.41419098e+00
 1.41293954e+00
 1.41149999e+00
 1.40987301e+00
 1.40806200e+00
 1.40607312e+00
 1.40391541e+00
 1.40160121e+00
 1.39914658e+00
 1.39657162e+00
 1.39390060e+00
 1.39116175e+00
 1.38838673e+00
 1.38560997e+00
 1.38286774e+00
 1.38019731e+00
 1.37763615e+00
 1.37522127e+00
 1.37298862e+00
 1.37097257e+00
 1.36920521e+00
 1.36771566e+00
 1.36652919e+00
 1.36566639e+00
 1.36514248e+00
 1.36496680e+00
 1.42630596e+00
 1.42622662e+00
 1.42598713e+00
 1.42558332e+00
 1.42500903e+00
 1.42425714e+00
 1.42332092e+00
 1.42219521e+00
 1.42087729e+00
 1.41936711e+00
 1.41766717e+00
 1.41578221e+00
 1.41371912e+00
 1.41148718e+00
 1.40909868e+00
 1.40656951e+00
 1.40391964e+00
 1.40117339e+00
 1.39835921e+00
 1.39550922e+00
 1.39265844e+00
 1.38984386e+00
 1.38710349e+00
 1.38447541e+00
 1.38199713e+00
 1.37970505e+00
 1.37763405e+00
 1.37581700e+00
 1.37428409e+00
 1.37306188e+00
 1.37217236e+00
 1.37163190e+00
 1.37145061e+00
 1.43421945e+00
 1.43413469e+00
 1.43387884e+00
 1.43344754e+00
 1.43283461e+00
 1.43203344e+00
 1.43103855e+00
 1.42984689e+00
 1.42845832e+00
 1.42687539e+00
 1.42510256e+00
 1.42314562e+00
 1.42101162e+00
 1.41870949e+00
 1.41625090e+00
 1.41365123e+00
 1.41093018e+00
 1.40811204e+00
 1.40522557e+00
 1.40230351e+00
 1.39938170e+00
 1.39649814e+00
 1.39369180e+00
 1.39100161e+00
 1.38846559e+00
 1.38612038e+00
 1.38400093e+00
 1.38214035e+00
 1.38056937e+00
 1.37931555e+00
 1.37840207e+00
 1.37784658e+00
 1.37766016e+00
 1.44174446e+00
 1.44165320e+00
 1.44137780e+00
 1.44091382e+00
 1.44025533e+00
 1.43939691e+00
 1.43833548e+00
 1.43707142e+00
 1.43560840e+00
 1.43395207e+00
 1.43210863e+00
 1.43008413e+00
 1.42788486e+00
 1.42551856e+00
 1.42299577e+00
 1.42033104e+00
 1.41754366e+00
 1.41465792e+00
 1.41170299e+00
 1.40871235e+00
 1.40572295e+00
 1.40277407e+00
 1.39990608e+00
 1.39715910e+00
 1.39457195e+00
 1.39218143e+00
 1.39002218e+00
 1.38812681e+00
 1.38652589e+00
 1.38524732e+00
 1.38431512e+00
 1.38374793e+00
 1.38355751e+00
 1.44882313e+00
 1.44872368e+00
 1.44842368e+00
 1.44791896e+00
 1.44720480e+00
 1.44627838e+00
 1.44514087e+00
 1.44379802e+00
 1.44225853e+00
 1.44053120e+00
 1.43862291e+00
 1.43653849e+00
 1.43428217e+00
 1.43185967e+00
 1.42928001e+00
 1.42655675e+00
 1.42370876e+00
 1.42076041e+00
 1.41774138e+00
 1.41468604e+00
 1.41163260e+00
 1.40862192e+00
 1.40569618e+00
 1.40289731e+00
 1.40026550e+00
 1.39783806e+00
 1.39564906e+00
 1.39372982e+00
 1.39210958e+00
 1.39081553e+00
 1.38987166e+00
 1.38929705e+00
 1.38910408e+00
 1.45539561e+00
 1.45528563e+00
 1.45495452e+00
 1.45439920e+00
 1.45361703e+00
 1.45260978e+00
 1.45138611e+00
 1.44996011e+00
 1.44834641e+00
 1.44655565e+00
 1.44459293e+00
 1.44245971e+00
 1.44015690e+00
 1.43768767e+00
 1.43505940e+00
 1.43228480e+00
 1.42938247e+00
 1.42637697e+00
 1.42329857e+00
 1.42018263e+00
 1.41706868e+00
 1.41399929e+00
 1.41101877e+00
 1.40817149e+00
 1.40549995e+00
 1.40304292e+00
 1.40083426e+00
 1.39890327e+00
 1.39727622e+00
 1.39597784e+00
 1.39503100e+00
 1.39445463e+00
 1.39426109e+00
 1.46140634e+00
 1.46128425e+00
 1.46091541e+00
 1.46029599e+00
 1.45942801e+00
 1.45832371e+00
 1.45700508e+00
 1.45549732e+00
 1.45381951e+00
 1.45197994e+00
 1.44997814e+00
 1.44781008e+00
 1.44547269e+00
 1.44296675e+00
 1.44029841e+00
 1.43747985e+00
 1.43452963e+00
 1.43147269e+00
 1.42833997e+00
 1.42516780e+00
 1.42199695e+00
 1.41887162e+00
 1.41583827e+00
 1.41294405e+00
 1.41023477e+00
 1.40775230e+00
 1.40553195e+00
 1.40360128e+00
 1.40198192e+00
 1.40069307e+00
 1.39975355e+00
 1.39918087e+00
 1.39898828e+00
 1.46683933e+00
 1.46669427e+00
 1.46626197e+00
 1.46554927e+00
 1.46456937e+00
 1.46335111e+00
 1.46193613e+00
 1.46036022e+00
 1.45863969e+00
 1.45677322e+00
 1.45475107e+00
 1.45256304e+00
 1.45020278e+00
 1.44766966e+00
 1.44496930e+00
 1.44211388e+00
 1.43912217e+00
 1.43601961e+00
 1.43283790e+00
 1.42961426e+00
 1.42639053e+00
 1.42321219e+00
 1.42012747e+00
 1.41718610e+00
 1.41443759e+00
 1.41192857e+00
 1.40969891e+00
 1.40777742e+00
 1.40618085e+00
 1.40491961e+00
 1.40400534e+00
 1.40345096e+00
 1.40326525e+00
 1.47154745e+00
 1.47138808e+00
 1.47090165e+00
 1.47008244e+00
 1.46896461e+00
 1.46762320e+00
 1.46612994e+00
 1.46451869e+00
 1.46278809e+00
 1.46092044e+00
 1.45889642e+00
 1.45670159e+00
 1.45432838e+00
 1.45177613e+00
 1.44905084e+00
 1.44616508e+00
 1.44313806e+00
 1.43999576e+00
 1.43677068e+00
 1.43350089e+00
 1.43022900e+00
 1.42700136e+00
 1.42386730e+00
 1.42087830e+00
 1.41808679e+00
 1.41554440e+00
 1.41329859e+00
 1.41138594e+00
 1.40982362e+00
 1.40860802e+00
 1.40772972e+00
 1.40719231e+00
 1.40701053e+00
 1.47577230e+00
 1.47555124e+00
 1.47489002e+00
 1.47383984e+00
 1.47252788e+00
 1.47108332e+00
 1.46956586e+00
 1.46797061e+00
 1.46626603e+00
 1.46441977e+00
 1.46240784e+00
 1.46021554e+00
 1.45783645e+00
 1.45527126e+00
 1.45252693e+00
 1.44961670e+00
 1.44656025e+00
 1.44338411e+00
 1.44012161e+00
 1.43681158e+00
 1.43349721e+00
 1.43022523e+00
 1.42704539e+00
 1.42400991e+00
 1.42117241e+00
 1.41858740e+00
 1.41630920e+00
 1.41438783e+00
 1.41285733e+00
 1.41171864e+00
 1.41093722e+00
 1.41047432e+00
 1.41031891e+00
 1.47926452e+00
 1.47889940e+00
 1.47791960e+00
 1.47659175e+00
 1.47515927e+00
 1.47372374e+00
 1.47226933e+00
 1.47074101e+00
 1.46908844e+00
 1.46727640e+00
 1.46528356e+00
 1.46309857e+00
 1.46071780e+00
 1.45814404e+00
 1.45538545e+00
 1.45245600e+00
 1.44937576e+00
 1.44617171e+00
 1.44287805e+00
 1.43953429e+00
 1.43618402e+00
 1.43287403e+00
 1.42965394e+00
 1.42657601e+00
 1.42369339e+00
 1.42106026e+00
 1.41873243e+00
 1.41676840e+00
 1.41522437e+00
 1.41413427e+00
 1.41347475e+00
 1.41315382e+00
 1.41306286e+00
 1.48096509e+00
 1.48054991e+00
 1.47949847e+00
 1.47820274e+00
 1.47690578e+00
 1.47562813e+00
 1.47430318e+00
 1.47286596e+00
 1.47127252e+00
 1.46949613e+00
 1.46752285e+00
 1.46534614e+00
 1.46296562e+00
 1.46038628e+00
 1.45761732e+00
 1.45467341e+00
 1.45157484e+00
 1.44834887e+00
 1.44503060e+00
 1.44166013e+00
 1.43828129e+00
 1.43494082e+00
 1.43168778e+00
 1.42857439e+00
 1.42565233e+00
 1.42297359e+00
 1.42058998e+00
 1.41855733e+00
 1.41693631e+00
 1.41578263e+00
 1.41510806e+00
 1.41481949e+00
 1.41475118e+00
 1.48110047e+00
 1.48075549e+00
 1.47994275e+00
 1.47898627e+00
 1.47798849e+00
 1.47692012e+00
 1.47572845e+00
 1.47437332e+00
 1.47282956e+00
 1.47108195e+00
 1.46912440e+00
 1.46695458e+00
 1.46457483e+00
 1.46199200e+00
 1.45921597e+00
 1.45626198e+00
 1.45315041e+00
 1.44990862e+00
 1.44657257e+00
 1.44318276e+00
 1.43978321e+00
 1.43642058e+00
 1.43314318e+00
 1.43000346e+00
 1.42705139e+00
 1.42433681e+00
 1.42190571e+00
 1.41980575e+00
 1.41808690e+00
 1.41679765e+00
 1.41597101e+00
 1.41557593e+00
 1.41547640e+00
 1.48058831e+00
 1.48039591e+00
 1.47994976e+00
 1.47934706e+00
 1.47859582e+00
 1.47767952e+00
 1.47657787e+00
 1.47527594e+00
 1.47376373e+00
 1.47203406e+00
 1.47008639e+00
 1.46792094e+00
 1.46554180e+00
 1.46295705e+00
 1.46017689e+00
 1.45721697e+00
 1.45409764e+00
 1.45084627e+00
 1.44749945e+00
 1.44409795e+00
 1.44068587e+00
 1.43730985e+00
 1.43401750e+00
 1.43086172e+00
 1.42789106e+00
 1.42515430e+00
 1.42269285e+00
 1.42054783e+00
 1.41875854e+00
 1.41735806e+00
 1.41637297e+00
 1.41581394e+00
 1.41564620e+00
 1.48030200e+00
 1.48020894e+00
 1.47992889e+00
 1.47945918e+00
 1.47879541e+00
 1.47793164e+00
 1.47686073e+00
 1.47557679e+00
 1.47407525e+00
 1.47235158e+00
 1.47040725e+00
 1.46824329e+00
 1.46586436e+00
 1.46327901e+00
 1.46049749e+00
 1.45753560e+00
 1.45441370e+00
 1.45115911e+00
 1.44780869e+00
 1.44440328e+00
 1.44098700e+00
 1.43760651e+00
 1.43430911e+00
 1.43114796e+00
 1.42817103e+00
 1.42542683e+00
 1.42295512e+00
 1.42079471e+00
 1.41898113e+00
 1.41754123e+00
 1.41649659e+00
 1.41586323e+00
 1.41565100e+00
