 3.05236600e+00
 3.05433640e+00
 3.06011745e+00
 3.06913110e+00
 3.08053293e+00
 3.09495528e+00
 3.11321972e+00
 3.13455996e+00
 3.15397656e+00
 3.18012939e+00
 3.19351800e+00
 3.04937025e+00
 3.05134664e+00
 3.05707152e+00
 3.06580481e+00
 3.07682446e+00
 3.09061593e+00
 3.10827965e+00
 3.12923552e+00
 3.15010328e+00
 3.17164995e+00
 3.17980349e+00
 3.04156705e+00
 3.04351392e+00
 3.04896754e+00
 3.05695511e+00
 3.06671581e+00
 3.07865001e+00
 3.09424681e+00
 3.11384129e+00
 3.13442844e+00
 3.14877908e+00
 3.15241728e+00
 3.03170475e+00
 3.03353255e+00
 3.03849130e+00
 3.04535305e+00
 3.05312097e+00
 3.06215362e+00
 3.07427224e+00
 3.09078685e+00
 3.10937142e+00
 3.12404595e+00
 3.12964757e+00
 3.02232760e+00
 3.02400931e+00
 3.02843139e+00
 3.03411179e+00
 3.03978751e+00
 3.04567606e+00
 3.05379041e+00
 3.06617256e+00
 3.08179494e+00
 3.09548269e+00
 3.10095156e+00
 3.01452091e+00
 3.01613350e+00
 3.02027207e+00
 3.02525935e+00
 3.02958450e+00
 3.03325145e+00
 3.03822324e+00
 3.04687980e+00
 3.05895450e+00
 3.07012484e+00
 3.07472255e+00
 3.00798735e+00
 3.00966672e+00
 3.01396018e+00
 3.01905890e+00
 3.02325343e+00
 3.02628921e+00
 3.02987166e+00
 3.03630440e+00
 3.04571350e+00
 3.05458786e+00
 3.05820041e+00
 3.00198753e+00
 3.00384803e+00
 3.00865756e+00
 3.01453240e+00
 3.01961037e+00
 3.02336419e+00
 3.02708039e+00
 3.03267053e+00
 3.04025937e+00
 3.04716825e+00
 3.05008593e+00
 2.99640770e+00
 2.99847938e+00
 3.00393101e+00
 3.01079535e+00
 3.01715427e+00
 3.02218181e+00
 3.02667820e+00
 3.03179078e+00
 3.03783146e+00
 3.04242483e+00
 3.04282497e+00
 2.99216376e+00
 2.99440527e+00
 3.00036809e+00
 3.00798748e+00
 3.01539380e+00
 3.02152997e+00
 3.02667530e+00
 3.03118156e+00
 3.03457309e+00
 3.04521012e+00
 3.04999479e+00
 2.99054900e+00
 2.99288365e+00
 2.99900989e+00
 3.00691186e+00
 3.01470138e+00
 3.02130106e+00
 3.02662333e+00
 3.03099429e+00
 3.03144911e+00
 3.04631494e+00
 3.05653700e+00
