 1.45445800e+00
 1.45457556e+00
 1.45492719e+00
 1.45550999e+00
 1.45631897e+00
 1.45734714e+00
 1.45858518e+00
 1.46001945e+00
 1.46163403e+00
 1.46340977e+00
 1.46532486e+00
 1.46735743e+00
 1.46948290e+00
 1.47168082e+00
 1.47392845e+00
 1.47619830e+00
 1.47845342e+00
 1.48065327e+00
 1.48274591e+00
 1.48468331e+00
 1.48642995e+00
 1.48795887e+00
 1.48925160e+00
 1.49030040e+00
 1.49112629e+00
 1.49175269e+00
 1.49220795e+00
 1.49252353e+00
 1.49273201e+00
 1.49286175e+00
 1.49293639e+00
 1.49297379e+00
 1.49298500e+00
 1.45382287e+00
 1.45398247e+00
 1.45440610e+00
 1.45504943e+00
 1.45590155e+00
 1.45695891e+00
 1.45821684e+00
 1.45966505e+00
 1.46128945e+00
 1.46307194e+00
 1.46499137e+00
 1.46702610e+00
 1.46915199e+00
 1.47134845e+00
 1.47359270e+00
 1.47585722e+00
 1.47810548e+00
 1.48029701e+00
 1.48238085e+00
 1.48430978e+00
 1.48604870e+00
 1.48757132e+00
 1.48886010e+00
 1.48990918e+00
 1.49073998e+00
 1.49137828e+00
 1.49185604e+00
 1.49221124e+00
 1.49248697e+00
 1.49272731e+00
 1.49296808e+00
 1.49321113e+00
 1.49334477e+00
 1.45205881e+00
 1.45228511e+00
 1.45287097e+00
 1.45367741e+00
 1.45465236e+00
 1.45579492e+00
 1.45711159e+00
 1.45860124e+00
 1.46025495e+00
 1.46205761e+00
 1.46398998e+00
 1.46603121e+00
 1.46815829e+00
 1.47035032e+00
 1.47258453e+00
 1.47483333e+00
 1.47706128e+00
 1.47922839e+00
 1.48128636e+00
 1.48319034e+00
 1.48490658e+00
 1.48641075e+00
 1.48768821e+00
 1.48873802e+00
 1.48958357e+00
 1.49025716e+00
 1.49080146e+00
 1.49127269e+00
 1.49174339e+00
 1.49229608e+00
 1.49297997e+00
 1.49367889e+00
 1.49400183e+00
 1.44952468e+00
 1.44978688e+00
 1.45049065e+00
 1.45146604e+00
 1.45259938e+00
 1.45386527e+00
 1.45527258e+00
 1.45682824e+00
 1.45852945e+00
 1.46036509e+00
 1.46231861e+00
 1.46437053e+00
 1.46649931e+00
 1.46868396e+00
 1.47090164e+00
 1.47312500e+00
 1.47532008e+00
 1.47744813e+00
 1.47946469e+00
 1.48132854e+00
 1.48300842e+00
 1.48448321e+00
 1.48574297e+00
 1.48679353e+00
 1.48766250e+00
 1.48839159e+00
 1.48903850e+00
 1.48968191e+00
 1.49042301e+00
 1.49135911e+00
 1.49247491e+00
 1.49347822e+00
 1.49389164e+00
 1.44660713e+00
 1.44685842e+00
 1.44755999e+00
 1.44858881e+00
 1.44982556e+00
 1.45120653e+00
 1.45271562e+00
 1.45435261e+00
 1.45611516e+00
 1.45799441e+00
 1.45997605e+00
 1.46204215e+00
 1.46417265e+00
 1.46634677e+00
 1.46854177e+00
 1.47073087e+00
 1.47288190e+00
 1.47495827e+00
 1.47692001e+00
 1.47873047e+00
 1.48036203e+00
 1.48179787e+00
 1.48303402e+00
 1.48408354e+00
 1.48497980e+00
 1.48577365e+00
 1.48653383e+00
 1.48734629e+00
 1.48829821e+00
 1.48942194e+00
 1.49059871e+00
 1.49153049e+00
 1.49188863e+00
 1.44343168e+00
 1.44363486e+00
 1.44423654e+00
 1.44519708e+00
 1.44643927e+00
 1.44788276e+00
 1.44947561e+00
 1.45119307e+00
 1.45302212e+00
 1.45495083e+00
 1.45696480e+00
 1.45904694e+00
 1.46117819e+00
 1.46333821e+00
 1.46550463e+00
 1.46765161e+00
 1.46974903e+00
 1.47176325e+00
 1.47365912e+00
 1.47540506e+00
 1.47697797e+00
 1.47836605e+00
 1.47957146e+00
 1.48061358e+00
 1.48153053e+00
 1.48237669e+00
 1.48321762e+00
 1.48411548e+00
 1.48509420e+00
 1.48609058e+00
 1.48694801e+00
 1.48750561e+00
 1.48769343e+00
 1.43962886e+00
 1.43981532e+00
 1.44037095e+00
 1.44127810e+00
 1.44249412e+00
 1.44395563e+00
 1.44560011e+00
 1.44738186e+00
 1.44927148e+00
 1.45124829e+00
 1.45329428e+00
 1.45539140e+00
 1.45752075e+00
 1.45966230e+00
 1.46179425e+00
 1.46389201e+00
 1.46592779e+00
 1.46787138e+00
 1.46969245e+00
 1.47136459e+00
 1.47286959e+00
 1.47420060e+00
 1.47536485e+00
 1.47638559e+00
 1.47730156e+00
 1.47816177e+00
 1.47901372e+00
 1.47988161e+00
 1.48073968e+00
 1.48150685e+00
 1.48208929e+00
 1.48243775e+00
 1.48255156e+00
 1.43515276e+00
 1.43534005e+00
 1.43589386e+00
 1.43679163e+00
 1.43799788e+00
 1.43946445e+00
 1.44113585e+00
 1.44296000e+00
 1.44489548e+00
 1.44691132e+00
 1.44898330e+00
 1.45109038e+00
 1.45321263e+00
 1.45532997e+00
 1.45742117e+00
 1.45946305e+00
 1.46143030e+00
 1.46329627e+00
 1.46503519e+00
 1.46662555e+00
 1.46805364e+00
 1.46931665e+00
 1.47042472e+00
 1.47140148e+00
 1.47228123e+00
 1.47310125e+00
 1.47388855e+00
 1.47464465e+00
 1.47533986e+00
 1.47592830e+00
 1.47637192e+00
 1.47664789e+00
 1.47674184e+00
 1.43015629e+00
 1.43034007e+00
 1.43088556e+00
 1.43177426e+00
 1.43297428e+00
 1.43444180e+00
 1.43612534e+00
 1.43797218e+00
 1.43993495e+00
 1.44197485e+00
 1.44406114e+00
 1.44616870e+00
 1.44827556e+00
 1.45036102e+00
 1.45240429e+00
 1.45438359e+00
 1.45627602e+00
 1.45805831e+00
 1.45970879e+00
 1.46121005e+00
 1.46255200e+00
 1.46373421e+00
 1.46476723e+00
 1.46567173e+00
 1.46647457e+00
 1.46720119e+00
 1.46786626e+00
 1.46846758e+00
 1.46898889e+00
 1.46940996e+00
 1.46971556e+00
 1.46989881e+00
 1.46995954e+00
 1.42464969e+00
 1.42483348e+00
 1.42537830e+00
 1.42626485e+00
 1.42746193e+00
 1.42892784e+00
 1.43061334e+00
 1.43246636e+00
 1.43443729e+00
 1.43648284e+00
 1.43856732e+00
 1.44066168e+00
 1.44274155e+00
 1.44478523e+00
 1.44677210e+00
 1.44868161e+00
 1.45049303e+00
 1.45218606e+00
 1.45374236e+00
 1.45514772e+00
 1.45639430e+00
 1.45748232e+00
 1.45842056e+00
 1.45922493e+00
 1.45991477e+00
 1.46050763e+00
 1.46101471e+00
 1.46143989e+00
 1.46178298e+00
 1.46204427e+00
 1.46222668e+00
 1.46233429e+00
 1.46236987e+00
 1.41871068e+00
 1.41889441e+00
 1.41943877e+00
 1.42032363e+00
 1.42151675e+00
 1.42297610e+00
 1.42465309e+00
 1.42649640e+00
 1.42845607e+00
 1.43048692e+00
 1.43255037e+00
 1.43461449e+00
 1.43665280e+00
 1.43864253e+00
 1.44056305e+00
 1.44239477e+00
 1.44411878e+00
 1.44571714e+00
 1.44717409e+00
 1.44847754e+00
 1.44962066e+00
 1.45060294e+00
 1.45143023e+00
 1.45211340e+00
 1.45266603e+00
 1.45310184e+00
 1.45343361e+00
 1.45367391e+00
 1.45383688e+00
 1.45393870e+00
 1.45399606e+00
 1.45402360e+00
 1.45403155e+00
 1.41242952e+00
 1.41261255e+00
 1.41315406e+00
 1.41403225e+00
 1.41521343e+00
 1.41665498e+00
 1.41830860e+00
 1.42012381e+00
 1.42205121e+00
 1.42404530e+00
 1.42606632e+00
 1.42808073e+00
 1.43006059e+00
 1.43198230e+00
 1.43382515e+00
 1.43557030e+00
 1.43720021e+00
 1.43869879e+00
 1.44005205e+00
 1.44124919e+00
 1.44228351e+00
 1.44315309e+00
 1.44386070e+00
 1.44441305e+00
 1.44481993e+00
 1.44509376e+00
 1.44525025e+00
 1.44530972e+00
 1.44529779e+00
 1.44524425e+00
 1.44517940e+00
 1.44512910e+00
 1.44511037e+00
 1.40591972e+00
 1.40609855e+00
 1.40662755e+00
 1.40748505e+00
 1.40863735e+00
 1.41004202e+00
 1.41165142e+00
 1.41341610e+00
 1.41528768e+00
 1.41722123e+00
 1.41917692e+00
 1.42112061e+00
 1.42302368e+00
 1.42486202e+00
 1.42661496e+00
 1.42826421e+00
 1.42979332e+00
 1.43118751e+00
 1.43243409e+00
 1.43352297e+00
 1.43444729e+00
 1.43520377e+00
 1.43579274e+00
 1.43621814e+00
 1.43648770e+00
 1.43661382e+00
 1.43661492e+00
 1.43651684e+00
 1.43635301e+00
 1.43616272e+00
 1.43598728e+00
 1.43586410e+00
 1.43581981e+00
 1.39926748e+00
 1.39943867e+00
 1.39994501e+00
 1.40076565e+00
 1.40186844e+00
 1.40321287e+00
 1.40475332e+00
 1.40644216e+00
 1.40823257e+00
 1.41008077e+00
 1.41194755e+00
 1.41379899e+00
 1.41560639e+00
 1.41734559e+00
 1.41899608e+00
 1.42054009e+00
 1.42196201e+00
 1.42324813e+00
 1.42438673e+00
 1.42536835e+00
 1.42618613e+00
 1.42683605e+00
 1.42731721e+00
 1.42763228e+00
 1.42778845e+00
 1.42779893e+00
 1.42768470e+00
 1.42747569e+00
 1.42721055e+00
 1.42693429e+00
 1.42669350e+00
 1.42652960e+00
 1.42647150e+00
 1.39254062e+00
 1.39270009e+00
 1.39317228e+00
 1.39393901e+00
 1.39497147e+00
 1.39623251e+00
 1.39767951e+00
 1.39926746e+00
 1.40095170e+00
 1.40269022e+00
 1.40444512e+00
 1.40618337e+00
 1.40787678e+00
 1.40950156e+00
 1.41103754e+00
 1.41246751e+00
 1.41377661e+00
 1.41495209e+00
 1.41598318e+00
 1.41686126e+00
 1.41758000e+00
 1.41813560e+00
 1.41852725e+00
 1.41875779e+00
 1.41883503e+00
 1.41877336e+00
 1.41859548e+00
 1.41833339e+00
 1.41802764e+00
 1.41772398e+00
 1.41746774e+00
 1.41729711e+00
 1.41723730e+00
 1.38576207e+00
 1.38590806e+00
 1.38634061e+00
 1.38704385e+00
 1.38799235e+00
 1.38915281e+00
 1.39048647e+00
 1.39195189e+00
 1.39350761e+00
 1.39511436e+00
 1.39673642e+00
 1.39834237e+00
 1.39990513e+00
 1.40140163e+00
 1.40281230e+00
 1.40412054e+00
 1.40531227e+00
 1.40637568e+00
 1.40730116e+00
 1.40808125e+00
 1.40871085e+00
 1.40918738e+00
 1.40951128e+00
 1.40968676e+00
 1.40972287e+00
 1.40963480e+00
 1.40944508e+00
 1.40918394e+00
 1.40888836e+00
 1.40859930e+00
 1.40835718e+00
 1.40819640e+00
 1.40814008e+00
 1.37895882e+00
 1.37909061e+00
 1.37948111e+00
 1.38011597e+00
 1.38097232e+00
 1.38202041e+00
 1.38322566e+00
 1.38455111e+00
 1.38595966e+00
 1.38741590e+00
 1.38888730e+00
 1.39034478e+00
 1.39176288e+00
 1.39311961e+00
 1.39439614e+00
 1.39557656e+00
 1.39664760e+00
 1.39759853e+00
 1.39842104e+00
 1.39910925e+00
 1.39965985e+00
 1.40007227e+00
 1.40034910e+00
 1.40049662e+00
 1.40052549e+00
 1.40045136e+00
 1.40029521e+00
 1.40008297e+00
 1.39984456e+00
 1.39961204e+00
 1.39941700e+00
 1.39928705e+00
 1.39924141e+00
 1.37217850e+00
 1.37229522e+00
 1.37264084e+00
 1.37320219e+00
 1.37395865e+00
 1.37488386e+00
 1.37594781e+00
 1.37711879e+00
 1.37836499e+00
 1.37965582e+00
 1.38096264e+00
 1.38225931e+00
 1.38352231e+00
 1.38473088e+00
 1.38586700e+00
 1.38691548e+00
 1.38786391e+00
 1.38870268e+00
 1.38942494e+00
 1.39002666e+00
 1.39050667e+00
 1.39086679e+00
 1.39111213e+00
 1.39125130e+00
 1.39129664e+00
 1.39126415e+00
 1.39117296e+00
 1.39104443e+00
 1.39090068e+00
 1.39076301e+00
 1.39065007e+00
 1.39057628e+00
 1.39055067e+00
 1.36547988e+00
 1.36557987e+00
 1.36587571e+00
 1.36635568e+00
 1.36700198e+00
 1.36779256e+00
 1.36870279e+00
 1.36970693e+00
 1.37077904e+00
 1.37189379e+00
 1.37302680e+00
 1.37415495e+00
 1.37525670e+00
 1.37631245e+00
 1.37730494e+00
 1.37821962e+00
 1.37904492e+00
 1.37977239e+00
 1.38039673e+00
 1.38091579e+00
 1.38133058e+00
 1.38164531e+00
 1.38186741e+00
 1.38200747e+00
 1.38207899e+00
 1.38209765e+00
 1.38208026e+00
 1.38204307e+00
 1.38200005e+00
 1.38196135e+00
 1.38193260e+00
 1.38191558e+00
 1.38191004e+00
 1.35891444e+00
 1.35899494e+00
 1.35923345e+00
 1.35962148e+00
 1.36014591e+00
 1.36079036e+00
 1.36153647e+00
 1.36236486e+00
 1.36325572e+00
 1.36418900e+00
 1.36514443e+00
 1.36610173e+00
 1.36704098e+00
 1.36794343e+00
 1.36879236e+00
 1.36957376e+00
 1.37027688e+00
 1.37089442e+00
 1.37142258e+00
 1.37186102e+00
 1.37221273e+00
 1.37248390e+00
 1.37268369e+00
 1.37282381e+00
 1.37291786e+00
 1.37298015e+00
 1.37302412e+00
 1.37306050e+00
 1.37309565e+00
 1.37313075e+00
 1.37316248e+00
 1.37318507e+00
 1.37319329e+00
 1.35249400e+00
 1.35255379e+00
 1.35273155e+00
 1.35302259e+00
 1.35341944e+00
 1.35391236e+00
 1.35448997e+00
 1.35513984e+00
 1.35584855e+00
 1.35660138e+00
 1.35738187e+00
 1.35817192e+00
 1.35895264e+00
 1.35970563e+00
 1.36041441e+00
 1.36106545e+00
 1.36164880e+00
 1.36215831e+00
 1.36259165e+00
 1.36295009e+00
 1.36323827e+00
 1.36346380e+00
 1.36363679e+00
 1.36376913e+00
 1.36387344e+00
 1.36396171e+00
 1.36404362e+00
 1.36412489e+00
 1.36420614e+00
 1.36428299e+00
 1.36434747e+00
 1.36439077e+00
 1.36440605e+00
 1.34622216e+00
 1.34626183e+00
 1.34638050e+00
 1.34657694e+00
 1.34684877e+00
 1.34719268e+00
 1.34760474e+00
 1.34808031e+00
 1.34861307e+00
 1.34919363e+00
 1.34980865e+00
 1.35044123e+00
 1.35107254e+00
 1.35168399e+00
 1.35225912e+00
 1.35278489e+00
 1.35325228e+00
 1.35365637e+00
 1.35399622e+00
 1.35427455e+00
 1.35449730e+00
 1.35467300e+00
 1.35481207e+00
 1.35492579e+00
 1.35502513e+00
 1.35511937e+00
 1.35521471e+00
 1.35531314e+00
 1.35541187e+00
 1.35550388e+00
 1.35557968e+00
 1.35562978e+00
 1.35564732e+00
 1.34012735e+00
 1.34014880e+00
 1.34021315e+00
 1.34032085e+00
 1.34047355e+00
 1.34067452e+00
 1.34092837e+00
 1.34123956e+00
 1.34160939e+00
 1.34203317e+00
 1.34249910e+00
 1.34298978e+00
 1.34348534e+00
 1.34396652e+00
 1.34441695e+00
 1.34482435e+00
 1.34518087e+00
 1.34548295e+00
 1.34573107e+00
 1.34592925e+00
 1.34608445e+00
 1.34620582e+00
 1.34630366e+00
 1.34638828e+00
 1.34646879e+00
 1.34655179e+00
 1.34664046e+00
 1.34673422e+00
 1.34682883e+00
 1.34691703e+00
 1.34698968e+00
 1.34703771e+00
 1.34705453e+00
 1.33428240e+00
 1.33428515e+00
 1.33429445e+00
 1.33431354e+00
 1.33434869e+00
 1.33441086e+00
 1.33451521e+00
 1.33467668e+00
 1.33490368e+00
 1.33519363e+00
 1.33553321e+00
 1.33590231e+00
 1.33627902e+00
 1.33664342e+00
 1.33697971e+00
 1.33727689e+00
 1.33752871e+00
 1.33773317e+00
 1.33789214e+00
 1.33801084e+00
 1.33809717e+00
 1.33816067e+00
 1.33821141e+00
 1.33825880e+00
 1.33831027e+00
 1.33837011e+00
 1.33843881e+00
 1.33851336e+00
 1.33858846e+00
 1.33865779e+00
 1.33871464e+00
 1.33875240e+00
 1.33876570e+00
 1.32875646e+00
 1.32874056e+00
 1.32869332e+00
 1.32861938e+00
 1.32853257e+00
 1.32845703e+00
 1.32842281e+00
 1.32845618e+00
 1.32856911e+00
 1.32875566e+00
 1.32899660e+00
 1.32926716e+00
 1.32954330e+00
 1.32980522e+00
 1.33003860e+00
 1.33023450e+00
 1.33038873e+00
 1.33050102e+00
 1.33057455e+00
 1.33061567e+00
 1.33063317e+00
 1.33063702e+00
 1.33063708e+00
 1.33064202e+00
 1.33065827e+00
 1.33068878e+00
 1.33073205e+00
 1.33078248e+00
 1.33083246e+00
 1.33087528e+00
 1.33090680e+00
 1.33092550e+00
 1.33093161e+00
 1.32364526e+00
 1.32360190e+00
 1.32347881e+00
 1.32329383e+00
 1.32307463e+00
 1.32286357e+00
 1.32271017e+00
 1.32264930e+00
 1.32268740e+00
 1.32280687e+00
 1.32297886e+00
 1.32317380e+00
 1.32336697e+00
 1.32354019e+00
 1.32368184e+00
 1.32378584e+00
 1.32385046e+00
 1.32387720e+00
 1.32387038e+00
 1.32383733e+00
 1.32378781e+00
 1.32373234e+00
 1.32368058e+00
 1.32364065e+00
 1.32361862e+00
 1.32361751e+00
 1.32363594e+00
 1.32366715e+00
 1.32370046e+00
 1.32372647e+00
 1.32374212e+00
 1.32374969e+00
 1.32375190e+00
 1.31890695e+00
 1.31884826e+00
 1.31866817e+00
 1.31837291e+00
 1.31801274e+00
 1.31767687e+00
 1.31744273e+00
 1.31733888e+00
 1.31734987e+00
 1.31743955e+00
 1.31756970e+00
 1.31770887e+00
 1.31783435e+00
 1.31793140e+00
 1.31799213e+00
 1.31801395e+00
 1.31799785e+00
 1.31794702e+00
 1.31786646e+00
 1.31776424e+00
 1.31765139e+00
 1.31753917e+00
 1.31743696e+00
 1.31735220e+00
 1.31729077e+00
 1.31725682e+00
 1.31725170e+00
 1.31727168e+00
 1.31730549e+00
 1.31733606e+00
 1.31735085e+00
 1.31735173e+00
 1.31734999e+00
 1.31490625e+00
 1.31478617e+00
 1.31443304e+00
 1.31391261e+00
 1.31337052e+00
 1.31294821e+00
 1.31270493e+00
 1.31262367e+00
 1.31265435e+00
 1.31274474e+00
 1.31285330e+00
 1.31295160e+00
 1.31302186e+00
 1.31305397e+00
 1.31304439e+00
 1.31299425e+00
 1.31290730e+00
 1.31278828e+00
 1.31264218e+00
 1.31247744e+00
 1.31230680e+00
 1.31214259e+00
 1.31199375e+00
 1.31186659e+00
 1.31176644e+00
 1.31169827e+00
 1.31166684e+00
 1.31167575e+00
 1.31172303e+00
 1.31179371e+00
 1.31186013e+00
 1.31190005e+00
 1.31191179e+00
 1.31149460e+00
 1.31123054e+00
 1.31056334e+00
 1.30978136e+00
 1.30914695e+00
 1.30876612e+00
 1.30861281e+00
 1.30861313e+00
 1.30869519e+00
 1.30880388e+00
 1.30890253e+00
 1.30897009e+00
 1.30899539e+00
 1.30897309e+00
 1.30890403e+00
 1.30879292e+00
 1.30864602e+00
 1.30846958e+00
 1.30826769e+00
 1.30804864e+00
 1.30782751e+00
 1.30761809e+00
 1.30742863e+00
 1.30726384e+00
 1.30712800e+00
 1.30702568e+00
 1.30696278e+00
 1.30694811e+00
 1.30699272e+00
 1.30710064e+00
 1.30724946e+00
 1.30738243e+00
 1.30743602e+00
 1.30767411e+00
 1.30736557e+00
 1.30664613e+00
 1.30593139e+00
 1.30547613e+00
 1.30529403e+00
 1.30530055e+00
 1.30540815e+00
 1.30555041e+00
 1.30568177e+00
 1.30577532e+00
 1.30581915e+00
 1.30580882e+00
 1.30574275e+00
 1.30562577e+00
 1.30546565e+00
 1.30527069e+00
 1.30504880e+00
 1.30480224e+00
 1.30453860e+00
 1.30427594e+00
 1.30402975e+00
 1.30380744e+00
 1.30361176e+00
 1.30344582e+00
 1.30331288e+00
 1.30321731e+00
 1.30316673e+00
 1.30317475e+00
 1.30325742e+00
 1.30341086e+00
 1.30357384e+00
 1.30364501e+00
 1.30376300e+00
 1.30353569e+00
 1.30308806e+00
 1.30275922e+00
 1.30264910e+00
 1.30271343e+00
 1.30287884e+00
 1.30308158e+00
 1.30327426e+00
 1.30342411e+00
 1.30351397e+00
 1.30354012e+00
 1.30350362e+00
 1.30340517e+00
 1.30325282e+00
 1.30305675e+00
 1.30282657e+00
 1.30257196e+00
 1.30229289e+00
 1.30199588e+00
 1.30170218e+00
 1.30142893e+00
 1.30118268e+00
 1.30096420e+00
 1.30077574e+00
 1.30061915e+00
 1.30049640e+00
 1.30041058e+00
 1.30036871e+00
 1.30038141e+00
 1.30045520e+00
 1.30056305e+00
 1.30061879e+00
 1.30077523e+00
 1.30071395e+00
 1.30066680e+00
 1.30072939e+00
 1.30089793e+00
 1.30113858e+00
 1.30141024e+00
 1.30167417e+00
 1.30189849e+00
 1.30205950e+00
 1.30214660e+00
 1.30216156e+00
 1.30210899e+00
 1.30199053e+00
 1.30181645e+00
 1.30159838e+00
 1.30134666e+00
 1.30107240e+00
 1.30077364e+00
 1.30045588e+00
 1.30014296e+00
 1.29985315e+00
 1.29959245e+00
 1.29936003e+00
 1.29915777e+00
 1.29898648e+00
 1.29884650e+00
 1.29873704e+00
 1.29865863e+00
 1.29861188e+00
 1.29859795e+00
 1.29861290e+00
 1.29862970e+00
 1.29965500e+00
 1.29970062e+00
 1.29983358e+00
 1.30004266e+00
 1.30030972e+00
 1.30061109e+00
 1.30091896e+00
 1.30120351e+00
 1.30143843e+00
 1.30160307e+00
 1.30168910e+00
 1.30170021e+00
 1.30164221e+00
 1.30151696e+00
 1.30133554e+00
 1.30111008e+00
 1.30085109e+00
 1.30057030e+00
 1.30026495e+00
 1.29994013e+00
 1.29962070e+00
 1.29932533e+00
 1.29905980e+00
 1.29882269e+00
 1.29861580e+00
 1.29843955e+00
 1.29829376e+00
 1.29817622e+00
 1.29808519e+00
 1.29801726e+00
 1.29797007e+00
 1.29794221e+00
 1.29793300e+00
