 1.10000000e+00
 1.10006598e+00
 1.10030491e+00
 1.10081937e+00
 1.10171524e+00
 1.10301272e+00
 1.10457427e+00
 1.10635884e+00
 1.10838403e+00
 1.11062035e+00
 1.11305356e+00
 1.11566262e+00
 1.11842026e+00
 1.12129311e+00
 1.12424671e+00
 1.12724200e+00
 1.13023377e+00
 1.13317368e+00
 1.13601184e+00
 1.13870802e+00
 1.14123616e+00
 1.14359359e+00
 1.14578602e+00
 1.14781448e+00
 1.14967467e+00
 1.15135692e+00
 1.15285032e+00
 1.15414173e+00
 1.15521728e+00
 1.15606630e+00
 1.15667980e+00
 1.15705083e+00
 1.15717500e+00
 1.09999998e+00
 1.10007780e+00
 1.10033449e+00
 1.10085616e+00
 1.10174409e+00
 1.10302163e+00
 1.10457266e+00
 1.10635190e+00
 1.10837018e+00
 1.11060029e+00
 1.11302674e+00
 1.11562843e+00
 1.11837808e+00
 1.12124253e+00
 1.12418724e+00
 1.12717318e+00
 1.13015540e+00
 1.13308588e+00
 1.13591534e+00
 1.13860395e+00
 1.14112596e+00
 1.14347789e+00
 1.14566450e+00
 1.14768615e+00
 1.14953788e+00
 1.15120934e+00
 1.15268818e+00
 1.15395895e+00
 1.15500417e+00
 1.15580755e+00
 1.15635598e+00
 1.15664887e+00
 1.15672721e+00
 1.09999999e+00
 1.10009720e+00
 1.10039608e+00
 1.10094277e+00
 1.10181636e+00
 1.10304787e+00
 1.10456856e+00
 1.10633046e+00
 1.10832864e+00
 1.11053992e+00
 1.11294616e+00
 1.11552588e+00
 1.11825174e+00
 1.12109112e+00
 1.12400936e+00
 1.12696754e+00
 1.12992146e+00
 1.13282399e+00
 1.13562766e+00
 1.13829371e+00
 1.14079712e+00
 1.14313226e+00
 1.14530112e+00
 1.14730217e+00
 1.14912851e+00
 1.15076765e+00
 1.15220315e+00
 1.15341313e+00
 1.15436987e+00
 1.15504349e+00
 1.15541706e+00
 1.15553459e+00
 1.15554063e+00
 1.10000000e+00
 1.10011202e+00
 1.10044983e+00
 1.10103100e+00
 1.10189901e+00
 1.10308449e+00
 1.10456195e+00
 1.10629294e+00
 1.10825906e+00
 1.11043875e+00
 1.11281154e+00
 1.11535501e+00
 1.11804179e+00
 1.12083993e+00
 1.12371470e+00
 1.12662753e+00
 1.12953530e+00
 1.13239246e+00
 1.13515404e+00
 1.13778295e+00
 1.14025486e+00
 1.14256112e+00
 1.14469973e+00
 1.14666610e+00
 1.14845040e+00
 1.15003675e+00
 1.15140320e+00
 1.15251995e+00
 1.15334955e+00
 1.15385757e+00
 1.15405243e+00
 1.15404489e+00
 1.15401303e+00
 1.10000000e+00
 1.10012071e+00
 1.10048268e+00
 1.10109055e+00
 1.10196156e+00
 1.10311505e+00
 1.10454763e+00
 1.10623666e+00
 1.10816006e+00
 1.11029600e+00
 1.11262251e+00
 1.11511606e+00
 1.11774928e+00
 1.12049080e+00
 1.12330612e+00
 1.12615723e+00
 1.12900248e+00
 1.13179835e+00
 1.13450273e+00
 1.13708050e+00
 1.13950764e+00
 1.14177219e+00
 1.14386758e+00
 1.14578548e+00
 1.14751269e+00
 1.14902993e+00
 1.15031138e+00
 1.15132515e+00
 1.15203974e+00
 1.15244568e+00
 1.15259130e+00
 1.15259218e+00
 1.15257433e+00
 1.10000000e+00
 1.10012455e+00
 1.10049739e+00
 1.10111809e+00
 1.10199073e+00
 1.10312281e+00
 1.10451538e+00
 1.10615700e+00
 1.10802908e+00
 1.11011048e+00
 1.11237876e+00
 1.11480966e+00
 1.11737586e+00
 1.12004655e+00
 1.12278775e+00
 1.12556236e+00
 1.12833043e+00
 1.13105083e+00
 1.13368433e+00
 1.13619771e+00
 1.13856689e+00
 1.14077673e+00
 1.14281628e+00
 1.14467353e+00
 1.14633256e+00
 1.14777282e+00
 1.14897027e+00
 1.14990273e+00
 1.15056308e+00
 1.15097805e+00
 1.15121129e+00
 1.15133009e+00
 1.15136789e+00
 1.10000000e+00
 1.10012515e+00
 1.10049954e+00
 1.10112088e+00
 1.10198759e+00
 1.10309964e+00
 1.10445560e+00
 1.10604806e+00
 1.10786274e+00
 1.10988072e+00
 1.11208020e+00
 1.11443695e+00
 1.11692394e+00
 1.11951101e+00
 1.12216503e+00
 1.12485012e+00
 1.12752824e+00
 1.13016080e+00
 1.13271121e+00
 1.13514800e+00
 1.13744678e+00
 1.13958975e+00
 1.14156241e+00
 1.14335002e+00
 1.14493584e+00
 1.14630163e+00
 1.14743125e+00
 1.14831829e+00
 1.14897580e+00
 1.14943863e+00
 1.14974794e+00
 1.14992950e+00
 1.14999003e+00
 1.10000000e+00
 1.10012361e+00
 1.10049332e+00
 1.10110614e+00
 1.10195822e+00
 1.10304562e+00
 1.10436375e+00
 1.10590521e+00
 1.10765801e+00
 1.10960548e+00
 1.11172723e+00
 1.11399980e+00
 1.11639686e+00
 1.11888914e+00
 1.12144465e+00
 1.12402903e+00
 1.12660632e+00
 1.12914041e+00
 1.13159714e+00
 1.13394651e+00
 1.13616394e+00
 1.13822976e+00
 1.14012718e+00
 1.14184032e+00
 1.14335378e+00
 1.14465443e+00
 1.14573555e+00
 1.14660174e+00
 1.14727029e+00
 1.14776473e+00
 1.14810505e+00
 1.14830403e+00
 1.14836940e+00
 1.10000000e+00
 1.10012060e+00
 1.10048127e+00
 1.10107882e+00
 1.10190848e+00
 1.10296451e+00
 1.10424017e+00
 1.10572700e+00
 1.10741352e+00
 1.10928452e+00
 1.11132110e+00
 1.11350100e+00
 1.11579898e+00
 1.11818697e+00
 1.12063442e+00
 1.12310871e+00
 1.12557606e+00
 1.12800277e+00
 1.13035688e+00
 1.13260977e+00
 1.13473698e+00
 1.13671793e+00
 1.13853491e+00
 1.14017238e+00
 1.14161756e+00
 1.14286256e+00
 1.14390719e+00
 1.14476019e+00
 1.14543660e+00
 1.14595199e+00
 1.14631726e+00
 1.14653680e+00
 1.14661027e+00
 1.09999999e+00
 1.10011650e+00
 1.10046493e+00
 1.10104206e+00
 1.10184285e+00
 1.10286076e+00
 1.10408794e+00
 1.10551498e+00
 1.10713027e+00
 1.10891930e+00
 1.11086434e+00
 1.11294444e+00
 1.11513571e+00
 1.11741155e+00
 1.11974305e+00
 1.12209958e+00
 1.12444956e+00
 1.12676162e+00
 1.12900590e+00
 1.13115521e+00
 1.13318566e+00
 1.13507670e+00
 1.13681078e+00
 1.13837349e+00
 1.13975453e+00
 1.14094930e+00
 1.14196004e+00
 1.14279510e+00
 1.14346569e+00
 1.14398173e+00
 1.14434904e+00
 1.14456952e+00
 1.14464308e+00
 1.10000000e+00
 1.10011160e+00
 1.10044531e+00
 1.10099801e+00
 1.10176463e+00
 1.10273841e+00
 1.10391104e+00
 1.10527261e+00
 1.10681133e+00
 1.10851304e+00
 1.11036090e+00
 1.11233521e+00
 1.11441349e+00
 1.11657078e+00
 1.11878003e+00
 1.12101267e+00
 1.12323937e+00
 1.12543108e+00
 1.12756000e+00
 1.12960055e+00
 1.13152990e+00
 1.13332823e+00
 1.13497882e+00
 1.13646847e+00
 1.13778828e+00
 1.13893451e+00
 1.13990870e+00
 1.14071661e+00
 1.14136602e+00
 1.14186440e+00
 1.14221738e+00
 1.14242825e+00
 1.14249843e+00
 1.10000001e+00
 1.10010604e+00
 1.10042310e+00
 1.10094820e+00
 1.10167638e+00
 1.10260097e+00
 1.10371358e+00
 1.10500422e+00
 1.10646110e+00
 1.10807042e+00
 1.10981607e+00
 1.11167949e+00
 1.11363966e+00
 1.11567332e+00
 1.11775534e+00
 1.11985932e+00
 1.12195821e+00
 1.12402526e+00
 1.12603481e+00
 1.12796308e+00
 1.12978873e+00
 1.13149316e+00
 1.13306078e+00
 1.13447936e+00
 1.13574045e+00
 1.13683955e+00
 1.13777595e+00
 1.13855206e+00
 1.13917264e+00
 1.13964410e+00
 1.13997364e+00
 1.14016806e+00
 1.14023228e+00
 1.10000000e+00
 1.10009995e+00
 1.10039886e+00
 1.10089385e+00
 1.10158021e+00
 1.10245147e+00
 1.10349947e+00
 1.10471437e+00
 1.10608468e+00
 1.10759702e+00
 1.10923607e+00
 1.11098435e+00
 1.11282227e+00
 1.11472831e+00
 1.11667932e+00
 1.11865104e+00
 1.12061875e+00
 1.12255802e+00
 1.12444539e+00
 1.12625911e+00
 1.12797958e+00
 1.12958977e+00
 1.13107541e+00
 1.13242521e+00
 1.13363087e+00
 1.13468695e+00
 1.13559061e+00
 1.13634133e+00
 1.13694101e+00
 1.13739428e+00
 1.13770839e+00
 1.13789192e+00
 1.13795214e+00
 1.10000000e+00
 1.10009349e+00
 1.10037306e+00
 1.10083602e+00
 1.10147793e+00
 1.10229264e+00
 1.10327233e+00
 1.10440759e+00
 1.10568735e+00
 1.10709888e+00
 1.10862767e+00
 1.11025737e+00
 1.11196984e+00
 1.11374524e+00
 1.11556242e+00
 1.11739929e+00
 1.11923343e+00
 1.12104271e+00
 1.12280597e+00
 1.12450357e+00
 1.12611789e+00
 1.12763364e+00
 1.12903807e+00
 1.13032101e+00
 1.13147474e+00
 1.13249370e+00
 1.13337417e+00
 1.13411411e+00
 1.13471324e+00
 1.13517319e+00
 1.13549728e+00
 1.13568952e+00
 1.13575319e+00
 1.10000002e+00
 1.10008676e+00
 1.10034613e+00
 1.10077565e+00
 1.10137116e+00
 1.10212691e+00
 1.10303554e+00
 1.10408817e+00
 1.10527436e+00
 1.10658210e+00
 1.10799784e+00
 1.10950639e+00
 1.11109105e+00
 1.11273371e+00
 1.11441514e+00
 1.11611541e+00
 1.11781434e+00
 1.11949213e+00
 1.12112988e+00
 1.12271011e+00
 1.12421723e+00
 1.12563777e+00
 1.12696059e+00
 1.12817684e+00
 1.12927975e+00
 1.13026432e+00
 1.13112685e+00
 1.13186444e+00
 1.13247452e+00
 1.13295429e+00
 1.13330055e+00
 1.13351002e+00
 1.13358016e+00
 1.10000000e+00
 1.10007979e+00
 1.10031841e+00
 1.10071354e+00
 1.10126136e+00
 1.10195653e+00
 1.10279224e+00
 1.10376021e+00
 1.10485075e+00
 1.10605270e+00
 1.10735351e+00
 1.10873925e+00
 1.11019465e+00
 1.11170330e+00
 1.11324789e+00
 1.11481056e+00
 1.11637333e+00
 1.11791865e+00
 1.11942980e+00
 1.12089144e+00
 1.12228990e+00
 1.12361346e+00
 1.12485246e+00
 1.12599921e+00
 1.12704776e+00
 1.12799346e+00
 1.12883231e+00
 1.12956020e+00
 1.13017207e+00
 1.13066136e+00
 1.13102003e+00
 1.13123970e+00
 1.13131378e+00
 1.10000000e+00
 1.10007275e+00
 1.10029027e+00
 1.10065048e+00
 1.10114988e+00
 1.10178358e+00
 1.10254534e+00
 1.10342758e+00
 1.10442136e+00
 1.10551649e+00
 1.10670149e+00
 1.10796369e+00
 1.10928930e+00
 1.11066356e+00
 1.11207102e+00
 1.11349582e+00
 1.11492211e+00
 1.11633443e+00
 1.11771819e+00
 1.11905999e+00
 1.12034794e+00
 1.12157182e+00
 1.12272309e+00
 1.12379482e+00
 1.12478131e+00
 1.12567755e+00
 1.12647853e+00
 1.12717836e+00
 1.12776973e+00
 1.12824386e+00
 1.12859134e+00
 1.12880372e+00
 1.12887521e+00
 1.09999997e+00
 1.10006564e+00
 1.10026201e+00
 1.10058718e+00
 1.10103799e+00
 1.10161003e+00
 1.10229763e+00
 1.10309392e+00
 1.10399082e+00
 1.10497910e+00
 1.10604841e+00
 1.10718734e+00
 1.10838357e+00
 1.10962396e+00
 1.11089485e+00
 1.11218230e+00
 1.11347243e+00
 1.11475179e+00
 1.11600774e+00
 1.11722865e+00
 1.11840418e+00
 1.11952531e+00
 1.12058429e+00
 1.12157444e+00
 1.12248982e+00
 1.12332468e+00
 1.12407293e+00
 1.12472758e+00
 1.12528055e+00
 1.12572302e+00
 1.12604644e+00
 1.12624367e+00
 1.12630996e+00
 1.10000000e+00
 1.10005864e+00
 1.10023399e+00
 1.10052436e+00
 1.10092692e+00
 1.10143772e+00
 1.10205171e+00
 1.10276274e+00
 1.10356358e+00
 1.10444599e+00
 1.10540073e+00
 1.10641768e+00
 1.10748594e+00
 1.10859395e+00
 1.10972975e+00
 1.11088120e+00
 1.11203629e+00
 1.11318343e+00
 1.11431173e+00
 1.11541121e+00
 1.11647287e+00
 1.11748869e+00
 1.11845142e+00
 1.11935438e+00
 1.12019115e+00
 1.12095522e+00
 1.12163983e+00
 1.12223784e+00
 1.12274176e+00
 1.12314405e+00
 1.12343756e+00
 1.12361632e+00
 1.12367637e+00
 1.10000001e+00
 1.10005174e+00
 1.10020644e+00
 1.10046262e+00
 1.10081778e+00
 1.10126843e+00
 1.10181012e+00
 1.10243741e+00
 1.10314393e+00
 1.10392242e+00
 1.10476476e+00
 1.10566207e+00
 1.10660482e+00
 1.10758297e+00
 1.10858616e+00
 1.10960394e+00
 1.11062602e+00
 1.11164253e+00
 1.11264422e+00
 1.11362259e+00
 1.11456988e+00
 1.11547897e+00
 1.11634310e+00
 1.11715557e+00
 1.11790949e+00
 1.11859766e+00
 1.11921273e+00
 1.11974751e+00
 1.12019539e+00
 1.12055071e+00
 1.12080868e+00
 1.12096540e+00
 1.12101800e+00
 1.10000000e+00
 1.10004502e+00
 1.10017966e+00
 1.10040260e+00
 1.10071167e+00
 1.10110386e+00
 1.10157526e+00
 1.10212117e+00
 1.10273603e+00
 1.10341355e+00
 1.10414669e+00
 1.10492776e+00
 1.10574855e+00
 1.10660045e+00
 1.10747459e+00
 1.10836209e+00
 1.10925426e+00
 1.11014280e+00
 1.11101997e+00
 1.11187864e+00
 1.11271229e+00
 1.11351474e+00
 1.11427989e+00
 1.11500128e+00
 1.11567188e+00
 1.11628401e+00
 1.11682977e+00
 1.11730158e+00
 1.11769297e+00
 1.11799924e+00
 1.11821788e+00
 1.11834848e+00
 1.11839184e+00
 1.10000002e+00
 1.10003859e+00
 1.10015392e+00
 1.10034490e+00
 1.10060967e+00
 1.10094564e+00
 1.10134948e+00
 1.10181715e+00
 1.10234391e+00
 1.10292437e+00
 1.10355253e+00
 1.10422184e+00
 1.10492534e+00
 1.10565572e+00
 1.10640554e+00
 1.10716734e+00
 1.10793388e+00
 1.10869829e+00
 1.10945421e+00
 1.11019585e+00
 1.11091788e+00
 1.11161524e+00
 1.11228277e+00
 1.11291474e+00
 1.11350454e+00
 1.11404460e+00
 1.11452691e+00
 1.11494381e+00
 1.11528913e+00
 1.11555894e+00
 1.11575159e+00
 1.11586695e+00
 1.11590536e+00
 1.10000000e+00
 1.10003244e+00
 1.10012945e+00
 1.10029008e+00
 1.10051278e+00
 1.10079535e+00
 1.10113502e+00
 1.10152837e+00
 1.10197144e+00
 1.10245970e+00
 1.10298811e+00
 1.10355122e+00
 1.10414320e+00
 1.10475799e+00
 1.10538940e+00
 1.10603129e+00
 1.10667773e+00
 1.10732314e+00
 1.10796241e+00
 1.10859097e+00
 1.10920469e+00
 1.10979975e+00
 1.11037221e+00
 1.11091762e+00
 1.11143046e+00
 1.11190397e+00
 1.11233043e+00
 1.11270205e+00
 1.11301212e+00
 1.11325588e+00
 1.11343065e+00
 1.11353545e+00
 1.11357032e+00
 1.10000000e+00
 1.10002669e+00
 1.10010652e+00
 1.10023870e+00
 1.10042195e+00
 1.10065449e+00
 1.10093400e+00
 1.10125769e+00
 1.10162231e+00
 1.10202412e+00
 1.10245902e+00
 1.10292252e+00
 1.10340987e+00
 1.10391612e+00
 1.10443624e+00
 1.10496527e+00
 1.10549844e+00
 1.10603132e+00
 1.10655990e+00
 1.10708069e+00
 1.10759069e+00
 1.10808729e+00
 1.10856798e+00
 1.10902994e+00
 1.10946942e+00
 1.10988117e+00
 1.11025818e+00
 1.11059229e+00
 1.11087547e+00
 1.11110122e+00
 1.11126513e+00
 1.11136453e+00
 1.11139784e+00
 1.09999999e+00
 1.10002139e+00
 1.10008535e+00
 1.10019127e+00
 1.10033811e+00
 1.10052444e+00
 1.10074841e+00
 1.10100780e+00
 1.10129998e+00
 1.10162198e+00
 1.10197051e+00
 1.10234200e+00
 1.10273265e+00
 1.10313853e+00
 1.10355566e+00
 1.10398011e+00
 1.10440814e+00
 1.10483630e+00
 1.10526154e+00
 1.10568128e+00
 1.10609348e+00
 1.10649658e+00
 1.10688944e+00
 1.10727097e+00
 1.10763965e+00
 1.10799250e+00
 1.10832407e+00
 1.10862604e+00
 1.10888833e+00
 1.10910131e+00
 1.10925755e+00
 1.10935253e+00
 1.10938433e+00
 1.10000001e+00
 1.10001659e+00
 1.10006616e+00
 1.10014826e+00
 1.10026208e+00
 1.10040651e+00
 1.10058011e+00
 1.10078117e+00
 1.10100765e+00
 1.10125726e+00
 1.10152745e+00
 1.10181545e+00
 1.10211833e+00
 1.10243307e+00
 1.10275661e+00
 1.10308592e+00
 1.10341817e+00
 1.10375074e+00
 1.10408137e+00
 1.10440822e+00
 1.10472997e+00
 1.10504587e+00
 1.10535580e+00
 1.10566017e+00
 1.10595965e+00
 1.10625420e+00
 1.10654135e+00
 1.10681411e+00
 1.10706051e+00
 1.10726669e+00
 1.10742143e+00
 1.10751742e+00
 1.10755001e+00
 1.10000000e+00
 1.10001231e+00
 1.10004913e+00
 1.10011009e+00
 1.10019461e+00
 1.10030185e+00
 1.10043076e+00
 1.10058006e+00
 1.10074824e+00
 1.10093359e+00
 1.10113423e+00
 1.10134811e+00
 1.10157306e+00
 1.10180684e+00
 1.10204719e+00
 1.10229188e+00
 1.10253884e+00
 1.10278615e+00
 1.10303220e+00
 1.10327571e+00
 1.10351588e+00
 1.10375244e+00
 1.10398586e+00
 1.10421744e+00
 1.10444942e+00
 1.10468457e+00
 1.10492474e+00
 1.10516750e+00
 1.10540183e+00
 1.10560765e+00
 1.10576375e+00
 1.10585835e+00
 1.10588964e+00
 1.10000000e+00
 1.10000863e+00
 1.10003442e+00
 1.10007714e+00
 1.10013636e+00
 1.10021150e+00
 1.10030183e+00
 1.10040644e+00
 1.10052428e+00
 1.10065416e+00
 1.10079476e+00
 1.10094463e+00
 1.10110227e+00
 1.10126611e+00
 1.10143457e+00
 1.10160610e+00
 1.10177925e+00
 1.10195270e+00
 1.10212535e+00
 1.10229636e+00
 1.10246523e+00
 1.10263195e+00
 1.10279714e+00
 1.10296234e+00
 1.10313032e+00
 1.10330538e+00
 1.10349312e+00
 1.10369835e+00
 1.10391927e+00
 1.10413902e+00
 1.10432493e+00
 1.10444505e+00
 1.10448552e+00
 1.10000001e+00
 1.10000557e+00
 1.10002220e+00
 1.10004973e+00
 1.10008791e+00
 1.10013635e+00
 1.10019459e+00
 1.10026203e+00
 1.10033800e+00
 1.10042173e+00
 1.10051237e+00
 1.10060900e+00
 1.10071063e+00
 1.10081627e+00
 1.10092489e+00
 1.10103550e+00
 1.10114717e+00
 1.10125906e+00
 1.10137045e+00
 1.10148084e+00
 1.10158993e+00
 1.10169779e+00
 1.10180494e+00
 1.10191264e+00
 1.10202327e+00
 1.10214092e+00
 1.10227218e+00
 1.10242646e+00
 1.10261370e+00
 1.10283463e+00
 1.10306352e+00
 1.10324313e+00
 1.10331186e+00
 1.10000000e+00
 1.10000314e+00
 1.10001255e+00
 1.10002813e+00
 1.10004973e+00
 1.10007713e+00
 1.10011008e+00
 1.10014822e+00
 1.10019120e+00
 1.10023857e+00
 1.10028984e+00
 1.10034450e+00
 1.10040200e+00
 1.10046176e+00
 1.10052322e+00
 1.10058579e+00
 1.10064897e+00
 1.10071228e+00
 1.10077532e+00
 1.10083781e+00
 1.10089959e+00
 1.10096070e+00
 1.10102150e+00
 1.10108278e+00
 1.10114607e+00
 1.10121414e+00
 1.10129190e+00
 1.10138764e+00
 1.10151399e+00
 1.10168361e+00
 1.10188965e+00
 1.10207565e+00
 1.10215234e+00
 1.09999999e+00
 1.10000140e+00
 1.10000560e+00
 1.10001255e+00
 1.10002219e+00
 1.10003442e+00
 1.10004912e+00
 1.10006614e+00
 1.10008532e+00
 1.10010645e+00
 1.10012934e+00
 1.10015373e+00
 1.10017938e+00
 1.10020606e+00
 1.10023349e+00
 1.10026141e+00
 1.10028960e+00
 1.10031786e+00
 1.10034599e+00
 1.10037388e+00
 1.10040146e+00
 1.10042875e+00
 1.10045591e+00
 1.10048332e+00
 1.10051168e+00
 1.10054234e+00
 1.10057769e+00
 1.10062211e+00
 1.10068297e+00
 1.10077023e+00
 1.10088872e+00
 1.10101406e+00
 1.10107257e+00
 1.09999999e+00
 1.10000035e+00
 1.10000140e+00
 1.10000314e+00
 1.10000556e+00
 1.10000862e+00
 1.10001231e+00
 1.10001657e+00
 1.10002137e+00
 1.10002667e+00
 1.10003241e+00
 1.10003852e+00
 1.10004495e+00
 1.10005164e+00
 1.10005852e+00
 1.10006551e+00
 1.10007257e+00
 1.10007966e+00
 1.10008671e+00
 1.10009369e+00
 1.10010061e+00
 1.10010745e+00
 1.10011426e+00
 1.10012113e+00
 1.10012825e+00
 1.10013594e+00
 1.10014484e+00
 1.10015608e+00
 1.10017161e+00
 1.10019432e+00
 1.10022647e+00
 1.10026520e+00
 1.10028803e+00
 1.10000000e+00
 1.10000001e+00
 1.10000000e+00
 1.10000000e+00
 1.10000000e+00
 1.10000000e+00
 1.10000000e+00
 1.10000000e+00
 1.09999999e+00
 1.09999999e+00
 1.10000000e+00
 1.10000000e+00
 1.09999999e+00
 1.10000000e+00
 1.10000001e+00
 1.10000000e+00
 1.09999999e+00
 1.10000000e+00
 1.10000000e+00
 1.10000000e+00
 1.10000000e+00
 1.10000000e+00
 1.10000000e+00
 1.10000000e+00
 1.10000000e+00
 1.10000000e+00
 1.10000000e+00
 1.10000000e+00
 1.10000000e+00
 1.10000000e+00
 1.10000000e+00
 1.10000000e+00
 1.10000000e+00
