 1.10000000e+00
 1.10038522e+00
 1.10154683e+00
 1.10349793e+00
 1.10624543e+00
 1.10976975e+00
 1.11400846e+00
 1.11891650e+00
 1.12446957e+00
 1.13063326e+00
 1.13736222e+00
 1.14461905e+00
 1.15235284e+00
 1.16051613e+00
 1.16900359e+00
 1.17766867e+00
 1.18640431e+00
 1.19513735e+00
 1.20383098e+00
 1.21245678e+00
 1.22095437e+00
 1.22919533e+00
 1.23706425e+00
 1.24445343e+00
 1.25127174e+00
 1.25742555e+00
 1.26283824e+00
 1.26744171e+00
 1.27119434e+00
 1.27408975e+00
 1.27613902e+00
 1.27735909e+00
 1.27776400e+00
 1.09999999e+00
 1.10038802e+00
 1.10155390e+00
 1.10350696e+00
 1.10625303e+00
 1.10977333e+00
 1.11401050e+00
 1.11891893e+00
 1.12447207e+00
 1.13063512e+00
 1.13736326e+00
 1.14461794e+00
 1.15234850e+00
 1.16050534e+00
 1.16898444e+00
 1.17764288e+00
 1.18637392e+00
 1.19510424e+00
 1.20379519e+00
 1.21241607e+00
 1.22090478e+00
 1.22913602e+00
 1.23699497e+00
 1.24437510e+00
 1.25118530e+00
 1.25733405e+00
 1.26274635e+00
 1.26735817e+00
 1.27113294e+00
 1.27406840e+00
 1.27617753e+00
 1.27746954e+00
 1.27791630e+00
 1.10000000e+00
 1.10039267e+00
 1.10156881e+00
 1.10352847e+00
 1.10627244e+00
 1.10978379e+00
 1.11401651e+00
 1.11892531e+00
 1.12447829e+00
 1.13063929e+00
 1.13736453e+00
 1.14461268e+00
 1.15233317e+00
 1.16047120e+00
 1.16892629e+00
 1.17756509e+00
 1.18628218e+00
 1.19500357e+00
 1.20368558e+00
 1.21229112e+00
 1.22075386e+00
 1.22895635e+00
 1.23678598e+00
 1.24413926e+00
 1.25092593e+00
 1.25706026e+00
 1.26247265e+00
 1.26711041e+00
 1.27095051e+00
 1.27400054e+00
 1.27627179e+00
 1.27772733e+00
 1.27824155e+00
 1.09999999e+00
 1.10039634e+00
 1.10158224e+00
 1.10355113e+00
 1.10629564e+00
 1.10979894e+00
 1.11402550e+00
 1.11893304e+00
 1.12448456e+00
 1.13064165e+00
 1.13736084e+00
 1.14459763e+00
 1.15230047e+00
 1.16040879e+00
 1.16882690e+00
 1.17743385e+00
 1.18612712e+00
 1.19483140e+00
 1.20349587e+00
 1.21207430e+00
 1.22049551e+00
 1.22865142e+00
 1.23643375e+00
 1.24374336e+00
 1.25049291e+00
 1.25660479e+00
 1.26201884e+00
 1.26669720e+00
 1.27063066e+00
 1.27382789e+00
 1.27626954e+00
 1.27784901e+00
 1.27840231e+00
 1.09999999e+00
 1.10039865e+00
 1.10159100e+00
 1.10356755e+00
 1.10631488e+00
 1.10981378e+00
 1.11403426e+00
 1.11893800e+00
 1.12448546e+00
 1.13063573e+00
 1.13734448e+00
 1.14456432e+00
 1.15224144e+00
 1.16031085e+00
 1.16868199e+00
 1.17724611e+00
 1.18590498e+00
 1.19458149e+00
 1.20321692e+00
 1.21175504e+00
 1.22012059e+00
 1.22821383e+00
 1.23593260e+00
 1.24318303e+00
 1.24988299e+00
 1.25596387e+00
 1.26137594e+00
 1.26609159e+00
 1.27010087e+00
 1.27338708e+00
 1.27588592e+00
 1.27747351e+00
 1.27802097e+00
 1.10000001e+00
 1.10039981e+00
 1.10159547e+00
 1.10357630e+00
 1.10632592e+00
 1.10982253e+00
 1.11403738e+00
 1.11893468e+00
 1.12447435e+00
 1.13061358e+00
 1.13730636e+00
 1.14450267e+00
 1.15214604e+00
 1.16016883e+00
 1.16848526e+00
 1.17699681e+00
 1.18560999e+00
 1.19424592e+00
 1.20283831e+00
 1.21132193e+00
 1.21961852e+00
 1.22763472e+00
 1.23527510e+00
 1.24245168e+00
 1.24908849e+00
 1.25512454e+00
 1.26051633e+00
 1.26523486e+00
 1.26925155e+00
 1.27251440e+00
 1.27493774e+00
 1.27642974e+00
 1.27693257e+00
 1.10000000e+00
 1.10040008e+00
 1.10159652e+00
 1.10357821e+00
 1.10632747e+00
 1.10982083e+00
 1.11402899e+00
 1.11891678e+00
 1.12444406e+00
 1.13056675e+00
 1.13723703e+00
 1.14440252e+00
 1.15200436e+00
 1.15997373e+00
 1.16822885e+00
 1.17667890e+00
 1.18523472e+00
 1.19381591e+00
 1.20234991e+00
 1.21076439e+00
 1.21897903e+00
 1.22690504e+00
 1.23445304e+00
 1.24154067e+00
 1.24809712e+00
 1.25406541e+00
 1.25940148e+00
 1.26406699e+00
 1.26801616e+00
 1.27118659e+00
 1.27350780e+00
 1.27492229e+00
 1.27539716e+00
 1.10000001e+00
 1.10039964e+00
 1.10159471e+00
 1.10357395e+00
 1.10631919e+00
 1.10980598e+00
 1.11400421e+00
 1.11887831e+00
 1.12438771e+00
 1.13048735e+00
 1.13712779e+00
 1.14425472e+00
 1.15180744e+00
 1.15971685e+00
 1.16790426e+00
 1.17628425e+00
 1.18477097e+00
 1.19328298e+00
 1.20174309e+00
 1.21007396e+00
 1.21819390e+00
 1.22601716e+00
 1.23345904e+00
 1.24044139e+00
 1.24689621e+00
 1.25276651e+00
 1.25800368e+00
 1.26256145e+00
 1.26639028e+00
 1.26943791e+00
 1.27165581e+00
 1.27300461e+00
 1.27345748e+00
 1.10000000e+00
 1.10039850e+00
 1.10159019e+00
 1.10356374e+00
 1.10630075e+00
 1.10977632e+00
 1.11395964e+00
 1.11881446e+00
 1.12429953e+00
 1.13036879e+00
 1.13697150e+00
 1.14405181e+00
 1.15154783e+00
 1.15939054e+00
 1.16750350e+00
 1.17580483e+00
 1.18421103e+00
 1.19264006e+00
 1.20101163e+00
 1.20924523e+00
 1.21725825e+00
 1.22496681e+00
 1.23228919e+00
 1.23914960e+00
 1.24548059e+00
 1.25122305e+00
 1.25632409e+00
 1.26073427e+00
 1.26440716e+00
 1.26730225e+00
 1.26938869e+00
 1.27064689e+00
 1.27106719e+00
 1.10000000e+00
 1.10039670e+00
 1.10158297e+00
 1.10354751e+00
 1.10627184e+00
 1.10973081e+00
 1.11389316e+00
 1.11872204e+00
 1.12417543e+00
 1.13020637e+00
 1.13676304e+00
 1.14378846e+00
 1.15122000e+00
 1.15898883e+00
 1.16702007e+00
 1.17523413e+00
 1.18354904e+00
 1.19188252e+00
 1.20015250e+00
 1.20827662e+00
 1.21617169e+00
 1.22375487e+00
 1.23094598e+00
 1.23767020e+00
 1.24385963e+00
 1.24945356e+00
 1.25439777e+00
 1.25864438e+00
 1.26215348e+00
 1.26489610e+00
 1.26685648e+00
 1.26803076e+00
 1.26842154e+00
 1.10000000e+00
 1.10039421e+00
 1.10157303e+00
 1.10352520e+00
 1.10623226e+00
 1.10966895e+00
 1.11380376e+00
 1.11859937e+00
 1.12401316e+00
 1.12999743e+00
 1.13649949e+00
 1.14346158e+00
 1.15082062e+00
 1.15850801e+00
 1.16644990e+00
 1.17456817e+00
 1.18278194e+00
 1.19100896e+00
 1.19916635e+00
 1.20717084e+00
 1.21493904e+00
 1.22238864e+00
 1.22944029e+00
 1.23601958e+00
 1.24205864e+00
 1.24749716e+00
 1.25228328e+00
 1.25637489e+00
 1.25974127e+00
 1.26236397e+00
 1.26423568e+00
 1.26535668e+00
 1.26572985e+00
 1.10000000e+00
 1.10039104e+00
 1.10156040e+00
 1.10349687e+00
 1.10618207e+00
 1.10959076e+00
 1.11369129e+00
 1.11844612e+00
 1.12381220e+00
 1.12974128e+00
 1.13618008e+00
 1.14307036e+00
 1.15034876e+00
 1.15794693e+00
 1.16579176e+00
 1.17380615e+00
 1.18191006e+00
 1.19002156e+00
 1.19805769e+00
 1.20593500e+00
 1.21357029e+00
 1.22088183e+00
 1.22779097e+00
 1.23422398e+00
 1.24011397e+00
 1.24540270e+00
 1.25004250e+00
 1.25399788e+00
 1.25724606e+00
 1.25977551e+00
 1.26158239e+00
 1.26266633e+00
 1.26302760e+00
 1.10000001e+00
 1.10038723e+00
 1.10154517e+00
 1.10346273e+00
 1.10612163e+00
 1.10949673e+00
 1.11355643e+00
 1.11826309e+00
 1.12357344e+00
 1.12943896e+00
 1.13580604e+00
 1.14261614e+00
 1.14980588e+00
 1.15730715e+00
 1.16504747e+00
 1.17295055e+00
 1.18093717e+00
 1.18892604e+00
 1.19683463e+00
 1.20458000e+00
 1.21207969e+00
 1.21925293e+00
 1.22602216e+00
 1.23231492e+00
 1.23806590e+00
 1.24321919e+00
 1.24773044e+00
 1.25156820e+00
 1.25471373e+00
 1.25715884e+00
 1.25890240e+00
 1.25994668e+00
 1.26029440e+00
 1.10000000e+00
 1.10038279e+00
 1.10152750e+00
 1.10342312e+00
 1.10605155e+00
 1.10938782e+00
 1.11340047e+00
 1.11805195e+00
 1.12329899e+00
 1.12909299e+00
 1.13538025e+00
 1.14210223e+00
 1.14919565e+00
 1.15659276e+00
 1.16422167e+00
 1.17200693e+00
 1.17987020e+00
 1.18773112e+00
 1.19550813e+00
 1.20311943e+00
 1.21048393e+00
 1.21752247e+00
 1.22415931e+00
 1.23032384e+00
 1.23595261e+00
 1.24099150e+00
 1.24539779e+00
 1.24914136e+00
 1.25220471e+00
 1.25458130e+00
 1.25627251e+00
 1.25728367e+00
 1.25762002e+00
 1.10000000e+00
 1.10037781e+00
 1.10150761e+00
 1.10337853e+00
 1.10597268e+00
 1.10926531e+00
 1.11322523e+00
 1.11781510e+00
 1.12299185e+00
 1.12870701e+00
 1.13490706e+00
 1.14153360e+00
 1.14852370e+00
 1.15581007e+00
 1.16332151e+00
 1.17098346e+00
 1.17871863e+00
 1.18644787e+00
 1.19409109e+00
 1.20156816e+00
 1.20880007e+00
 1.21571006e+00
 1.22222499e+00
 1.22827687e+00
 1.23380447e+00
 1.23875522e+00
 1.24308687e+00
 1.24676887e+00
 1.24978272e+00
 1.25212097e+00
 1.25378454e+00
 1.25477885e+00
 1.25510952e+00
 1.10000000e+00
 1.10037233e+00
 1.10148574e+00
 1.10332952e+00
 1.10588600e+00
 1.10913075e+00
 1.11303291e+00
 1.11755548e+00
 1.12265575e+00
 1.12828561e+00
 1.13439187e+00
 1.14091657e+00
 1.14779723e+00
 1.15496721e+00
 1.16235611e+00
 1.16989034e+00
 1.17749386e+00
 1.18508899e+00
 1.19259739e+00
 1.19994117e+00
 1.20704393e+00
 1.21383202e+00
 1.22023572e+00
 1.22619048e+00
 1.23163810e+00
 1.23652785e+00
 1.24081765e+00
 1.24447511e+00
 1.24747822e+00
 1.24981507e+00
 1.25148202e+00
 1.25248039e+00
 1.25281278e+00
 1.10000000e+00
 1.10036643e+00
 1.10146218e+00
 1.10327673e+00
 1.10579265e+00
 1.10898588e+00
 1.11282596e+00
 1.11727638e+00
 1.12229492e+00
 1.12783399e+00
 1.13384097e+00
 1.14025848e+00
 1.14702470e+00
 1.15407375e+00
 1.16133615e+00
 1.16873940e+00
 1.17620879e+00
 1.18366827e+00
 1.19104152e+00
 1.19825307e+00
 1.20522952e+00
 1.21190072e+00
 1.21820092e+00
 1.22406974e+00
 1.22945283e+00
 1.23430225e+00
 1.23857661e+00
 1.24224118e+00
 1.24526811e+00
 1.24763689e+00
 1.24933445e+00
 1.25035432e+00
 1.25069438e+00
 1.10000000e+00
 1.10036017e+00
 1.10143723e+00
 1.10322082e+00
 1.10569381e+00
 1.10883253e+00
 1.11260701e+00
 1.11698133e+00
 1.12191391e+00
 1.12735784e+00
 1.13326123e+00
 1.13956745e+00
 1.14621549e+00
 1.15314036e+00
 1.16027354e+00
 1.16754371e+00
 1.17487751e+00
 1.18220056e+00
 1.18943855e+00
 1.19651848e+00
 1.20336989e+00
 1.20992609e+00
 1.21612526e+00
 1.22191122e+00
 1.22723382e+00
 1.23204871e+00
 1.23631648e+00
 1.24000154e+00
 1.24307121e+00
 1.24549552e+00
 1.24724831e+00
 1.24830889e+00
 1.24866394e+00
 1.10000000e+00
 1.10035365e+00
 1.10141120e+00
 1.10316248e+00
 1.10559068e+00
 1.10867258e+00
 1.11237877e+00
 1.11667401e+00
 1.12151747e+00
 1.12686312e+00
 1.13265992e+00
 1.13885215e+00
 1.14537971e+00
 1.15217855e+00
 1.15918118e+00
 1.16631741e+00
 1.17351523e+00
 1.18070180e+00
 1.18780469e+00
 1.19475308e+00
 1.20147910e+00
 1.20791894e+00
 1.21401392e+00
 1.21971117e+00
 1.22496379e+00
 1.22973037e+00
 1.23397361e+00
 1.23765831e+00
 1.24074913e+00
 1.24320942e+00
 1.24500218e+00
 1.24609395e+00
 1.24646080e+00
 1.10000000e+00
 1.10034693e+00
 1.10138438e+00
 1.10310239e+00
 1.10548448e+00
 1.10850791e+00
 1.11214393e+00
 1.11635807e+00
 1.12111043e+00
 1.12635595e+00
 1.13204461e+00
 1.13812167e+00
 1.14452800e+00
 1.15120053e+00
 1.15807277e+00
 1.16507563e+00
 1.17213829e+00
 1.17918929e+00
 1.18615777e+00
 1.19297471e+00
 1.19957419e+00
 1.20589445e+00
 1.21187873e+00
 1.21747579e+00
 1.22263996e+00
 1.22733052e+00
 1.23151049e+00
 1.23514455e+00
 1.23819684e+00
 1.24062967e+00
 1.24240455e+00
 1.24348639e+00
 1.24385006e+00
 1.10000000e+00
 1.10034008e+00
 1.10135706e+00
 1.10304117e+00
 1.10537631e+00
 1.10834029e+00
 1.11190507e+00
 1.11603711e+00
 1.12069758e+00
 1.12584253e+00
 1.13142302e+00
 1.13738537e+00
 1.14367142e+00
 1.15021905e+00
 1.15696273e+00
 1.16383434e+00
 1.17076411e+00
 1.17768171e+00
 1.18451752e+00
 1.19120388e+00
 1.19767623e+00
 1.20387403e+00
 1.20974138e+00
 1.21522719e+00
 1.22028505e+00
 1.22487273e+00
 1.22895147e+00
 1.23248508e+00
 1.23543910e+00
 1.23778069e+00
 1.23947962e+00
 1.24051057e+00
 1.24085628e+00
 1.09999999e+00
 1.10033316e+00
 1.10132947e+00
 1.10297939e+00
 1.10526719e+00
 1.10817131e+00
 1.11166458e+00
 1.11571456e+00
 1.12028363e+00
 1.12532905e+00
 1.13080303e+00
 1.13665289e+00
 1.14282140e+00
 1.14924731e+00
 1.15586598e+00
 1.16261016e+00
 1.16941094e+00
 1.17619890e+00
 1.18290532e+00
 1.18946350e+00
 1.19580981e+00
 1.20188450e+00
 1.20763203e+00
 1.21300096e+00
 1.21794351e+00
 1.22241526e+00
 1.22637522e+00
 1.22978647e+00
 1.23261711e+00
 1.23484146e+00
 1.23644089e+00
 1.23740402e+00
 1.23772553e+00
 1.10000000e+00
 1.10032624e+00
 1.10130184e+00
 1.10291747e+00
 1.10515790e+00
 1.10800230e+00
 1.11142458e+00
 1.11539362e+00
 1.11987318e+00
 1.12482180e+00
 1.13019271e+00
 1.13593413e+00
 1.14198963e+00
 1.14829878e+00
 1.15479775e+00
 1.16142006e+00
 1.16809753e+00
 1.17476137e+00
 1.18134350e+00
 1.18777787e+00
 1.19400154e+00
 1.19995545e+00
 1.20558463e+00
 1.21083782e+00
 1.21566688e+00
 1.22002629e+00
 1.22387392e+00
 1.22717295e+00
 1.22989468e+00
 1.23202034e+00
 1.23354056e+00
 1.23445254e+00
 1.23475641e+00
 1.10000000e+00
 1.10031932e+00
 1.10127421e+00
 1.10285562e+00
 1.10504888e+00
 1.10783415e+00
 1.11118678e+00
 1.11507727e+00
 1.11947088e+00
 1.12432727e+00
 1.12960046e+00
 1.13523930e+00
 1.14118806e+00
 1.14738707e+00
 1.15377332e+00
 1.16028104e+00
 1.16684261e+00
 1.17338968e+00
 1.17985456e+00
 1.18617158e+00
 1.19227833e+00
 1.19811651e+00
 1.20363223e+00
 1.20877565e+00
 1.21350009e+00
 1.21776128e+00
 1.22151754e+00
 1.22473201e+00
 1.22737634e+00
 1.22943386e+00
 1.23089948e+00
 1.23177577e+00
 1.23206720e+00
 1.10000001e+00
 1.10031237e+00
 1.10124649e+00
 1.10279366e+00
 1.10494000e+00
 1.10766716e+00
 1.11095247e+00
 1.11476843e+00
 1.11908165e+00
 1.12385244e+00
 1.12903514e+00
 1.13457895e+00
 1.14042876e+00
 1.14652574e+00
 1.15280774e+00
 1.15920970e+00
 1.16566443e+00
 1.17210382e+00
 1.17846030e+00
 1.18466838e+00
 1.19066599e+00
 1.19639560e+00
 1.20180477e+00
 1.20684603e+00
 1.21147619e+00
 1.21565496e+00
 1.21934383e+00
 1.22250653e+00
 1.22511232e+00
 1.22714078e+00
 1.22858412e+00
 1.22944511e+00
 1.22973089e+00
 1.09999999e+00
 1.10030529e+00
 1.10121829e+00
 1.10273079e+00
 1.10483027e+00
 1.10750082e+00
 1.11072271e+00
 1.11447044e+00
 1.11871121e+00
 1.12340506e+00
 1.12850612e+00
 1.13396383e+00
 1.13972375e+00
 1.14572804e+00
 1.15191555e+00
 1.15822193e+00
 1.16458030e+00
 1.17092257e+00
 1.17718112e+00
 1.18329042e+00
 1.18918847e+00
 1.19481832e+00
 1.20012890e+00
 1.20507539e+00
 1.20961899e+00
 1.21372570e+00
 1.21736385e+00
 1.22050108e+00
 1.22310426e+00
 1.22514520e+00
 1.22660759e+00
 1.22748594e+00
 1.22777888e+00
 1.10000001e+00
 1.10029784e+00
 1.10118862e+00
 1.10266506e+00
 1.10471733e+00
 1.10733395e+00
 1.11049903e+00
 1.11418791e+00
 1.11836654e+00
 1.12299371e+00
 1.12802318e+00
 1.13340471e+00
 1.13908472e+00
 1.14500663e+00
 1.15111046e+00
 1.15733255e+00
 1.16360619e+00
 1.16986309e+00
 1.17603548e+00
 1.18205758e+00
 1.18786719e+00
 1.19340761e+00
 1.19862868e+00
 1.20348757e+00
 1.20794926e+00
 1.21198628e+00
 1.21557648e+00
 1.21869742e+00
 1.22131815e+00
 1.22339717e+00
 1.22489552e+00
 1.22579419e+00
 1.22609289e+00
 1.09999999e+00
 1.10028944e+00
 1.10115539e+00
 1.10259261e+00
 1.10459721e+00
 1.10716564e+00
 1.11028509e+00
 1.11392771e+00
 1.11805603e+00
 1.12262753e+00
 1.12759602e+00
 1.13291195e+00
 1.13852273e+00
 1.14437334e+00
 1.15040511e+00
 1.15655505e+00
 1.16275643e+00
 1.16894055e+00
 1.17503945e+00
 1.18098707e+00
 1.18672060e+00
 1.19218334e+00
 1.19732554e+00
 1.20210519e+00
 1.20648931e+00
 1.21045450e+00
 1.21398677e+00
 1.21707799e+00
 1.21971440e+00
 1.22185886e+00
 1.22344689e+00
 1.22441649e+00
 1.22474059e+00
 1.10000000e+00
 1.10027915e+00
 1.10111489e+00
 1.10250721e+00
 1.10446549e+00
 1.10699825e+00
 1.11008884e+00
 1.11369904e+00
 1.11778869e+00
 1.12231534e+00
 1.12723360e+00
 1.13249501e+00
 1.13804780e+00
 1.14383887e+00
 1.14981087e+00
 1.15590138e+00
 1.16204355e+00
 1.16816795e+00
 1.17420657e+00
 1.18009312e+00
 1.18576384e+00
 1.19116187e+00
 1.19623760e+00
 1.20094871e+00
 1.20526264e+00
 1.20915643e+00
 1.21261855e+00
 1.21564946e+00
 1.21825683e+00
 1.22043550e+00
 1.22213194e+00
 1.22323285e+00
 1.22361719e+00
 1.09999999e+00
 1.10026542e+00
 1.10106194e+00
 1.10240242e+00
 1.10432240e+00
 1.10684181e+00
 1.10992259e+00
 1.11351155e+00
 1.11757274e+00
 1.12206476e+00
 1.12694363e+00
 1.13216205e+00
 1.13766865e+00
 1.14341256e+00
 1.14933760e+00
 1.15538175e+00
 1.16147802e+00
 1.16755594e+00
 1.17354770e+00
 1.17938700e+00
 1.18500865e+00
 1.19035582e+00
 1.19537896e+00
 1.20003468e+00
 1.20429015e+00
 1.20812039e+00
 1.21151100e+00
 1.21445969e+00
 1.21697782e+00
 1.21908168e+00
 1.22075268e+00
 1.22187774e+00
 1.22228148e+00
 1.09999998e+00
 1.10024708e+00
 1.10099404e+00
 1.10228208e+00
 1.10418204e+00
 1.10671440e+00
 1.10979864e+00
 1.11337282e+00
 1.11741456e+00
 1.12188172e+00
 1.12673215e+00
 1.13191958e+00
 1.13739240e+00
 1.14310215e+00
 1.14899341e+00
 1.15500441e+00
 1.16106812e+00
 1.16711284e+00
 1.17307119e+00
 1.17887705e+00
 1.18446361e+00
 1.18977421e+00
 1.19475959e+00
 1.19937479e+00
 1.20358700e+00
 1.20736849e+00
 1.21070057e+00
 1.21357266e+00
 1.21598463e+00
 1.21794631e+00
 1.21946071e+00
 1.22047628e+00
 1.22084757e+00
 1.09999999e+00
 1.10022567e+00
 1.10092428e+00
 1.10217649e+00
 1.10407518e+00
 1.10663333e+00
 1.10972371e+00
 1.11328767e+00
 1.11731828e+00
 1.12177030e+00
 1.12660352e+00
 1.13177228e+00
 1.13722442e+00
 1.14291347e+00
 1.14878437e+00
 1.15477548e+00
 1.16081979e+00
 1.16684460e+00
 1.17278292e+00
 1.17856892e+00
 1.18413443e+00
 1.18942300e+00
 1.19438577e+00
 1.19897631e+00
 1.20316225e+00
 1.20691361e+00
 1.21020883e+00
 1.21303058e+00
 1.21536724e+00
 1.21721427e+00
 1.21856910e+00
 1.21942150e+00
 1.21972511e+00
 1.10000000e+00
 1.10021324e+00
 1.10089207e+00
 1.10213344e+00
 1.10403482e+00
 1.10660608e+00
 1.10969886e+00
 1.11325895e+00
 1.11728598e+00
 1.12173290e+00
 1.12656035e+00
 1.13172288e+00
 1.13716805e+00
 1.14285017e+00
 1.14871426e+00
 1.15469874e+00
 1.16073662e+00
 1.16675479e+00
 1.17268644e+00
 1.17846587e+00
 1.18402436e+00
 1.18930556e+00
 1.19426083e+00
 1.19884308e+00
 1.20302025e+00
 1.20676148e+00
 1.21004429e+00
 1.21284896e+00
 1.21515969e+00
 1.21696619e+00
 1.21826125e+00
 1.21904009e+00
 1.21930000e+00
