 1.69927800e+00
 1.69912448e+00
 1.69866230e+00
 1.69788680e+00
 1.69679059e+00
 1.69536415e+00
 1.69359684e+00
 1.69147945e+00
 1.68900373e+00
 1.68616443e+00
 1.68296239e+00
 1.67940436e+00
 1.67550206e+00
 1.67127833e+00
 1.66676173e+00
 1.66198983e+00
 1.65701155e+00
 1.65187625e+00
 1.64664257e+00
 1.64137398e+00
 1.63613948e+00
 1.63100663e+00
 1.62604152e+00
 1.62131443e+00
 1.61688685e+00
 1.61282079e+00
 1.60917252e+00
 1.60599428e+00
 1.60333140e+00
 1.60122048e+00
 1.59969092e+00
 1.59876434e+00
 1.59845400e+00
 1.69944878e+00
 1.69924784e+00
 1.69870705e+00
 1.69786970e+00
 1.69673413e+00
 1.69528544e+00
 1.69350646e+00
 1.69138335e+00
 1.68890524e+00
 1.68606545e+00
 1.68286391e+00
 1.67930675e+00
 1.67540556e+00
 1.67118277e+00
 1.66666686e+00
 1.66189535e+00
 1.65691669e+00
 1.65178048e+00
 1.64654517e+00
 1.64127418e+00
 1.63603620e+00
 1.63089870e+00
 1.62592789e+00
 1.62119337e+00
 1.61675674e+00
 1.61267917e+00
 1.60901600e+00
 1.60581727e+00
 1.60312462e+00
 1.60096945e+00
 1.59937711e+00
 1.59837512e+00
 1.59802047e+00
 1.69979034e+00
 1.69951740e+00
 1.69880431e+00
 1.69780321e+00
 1.69655717e+00
 1.69504436e+00
 1.69323133e+00
 1.69109141e+00
 1.68860627e+00
 1.68576505e+00
 1.68256495e+00
 1.67901042e+00
 1.67511252e+00
 1.67089251e+00
 1.66637863e+00
 1.66160816e+00
 1.65662841e+00
 1.65148943e+00
 1.64624922e+00
 1.64097099e+00
 1.63572258e+00
 1.63057123e+00
 1.62558326e+00
 1.62082668e+00
 1.61636297e+00
 1.61225118e+00
 1.60854371e+00
 1.60528451e+00
 1.60250508e+00
 1.60022417e+00
 1.59846320e+00
 1.59729224e+00
 1.59686796e+00
 1.69987224e+00
 1.69956804e+00
 1.69874726e+00
 1.69759381e+00
 1.69621730e+00
 1.69461865e+00
 1.69275665e+00
 1.69059174e+00
 1.68809606e+00
 1.68525281e+00
 1.68205521e+00
 1.67850513e+00
 1.67461251e+00
 1.67039703e+00
 1.66588643e+00
 1.66111742e+00
 1.65613588e+00
 1.65099220e+00
 1.64574379e+00
 1.64045339e+00
 1.63518773e+00
 1.63001359e+00
 1.62499718e+00
 1.62020453e+00
 1.61569648e+00
 1.61152929e+00
 1.60775118e+00
 1.60439889e+00
 1.60149456e+00
 1.59905318e+00
 1.59712037e+00
 1.59582980e+00
 1.59536948e+00
 1.69923922e+00
 1.69896266e+00
 1.69818640e+00
 1.69703255e+00
 1.69560918e+00
 1.69395466e+00
 1.69205085e+00
 1.68986181e+00
 1.68735585e+00
 1.68451151e+00
 1.68131802e+00
 1.67777442e+00
 1.67388900e+00
 1.66967974e+00
 1.66517348e+00
 1.66040611e+00
 1.65542209e+00
 1.65027174e+00
 1.64501184e+00
 1.63970440e+00
 1.63441495e+00
 1.62920966e+00
 1.62415424e+00
 1.61931301e+00
 1.61474577e+00
 1.61050655e+00
 1.60664100e+00
 1.60318455e+00
 1.60016578e+00
 1.59762455e+00
 1.59564499e+00
 1.59436418e+00
 1.59391819e+00
 1.69777004e+00
 1.69756697e+00
 1.69695577e+00
 1.69595316e+00
 1.69460943e+00
 1.69297448e+00
 1.69106494e+00
 1.68886763e+00
 1.68635881e+00
 1.68351759e+00
 1.68033128e+00
 1.67679677e+00
 1.67292063e+00
 1.66871921e+00
 1.66421824e+00
 1.65945255e+00
 1.65446531e+00
 1.64930640e+00
 1.64403187e+00
 1.63870284e+00
 1.63338373e+00
 1.62814001e+00
 1.62303676e+00
 1.61813725e+00
 1.61350084e+00
 1.60918168e+00
 1.60522824e+00
 1.60168619e+00
 1.59860858e+00
 1.59607138e+00
 1.59417418e+00
 1.59300694e+00
 1.59261487e+00
 1.69596728e+00
 1.69579744e+00
 1.69528089e+00
 1.69440642e+00
 1.69317819e+00
 1.69161830e+00
 1.68974725e+00
 1.68756879e+00
 1.68507228e+00
 1.68224278e+00
 1.67906898e+00
 1.67554717e+00
 1.67168280e+00
 1.66749095e+00
 1.66299618e+00
 1.65823221e+00
 1.65324108e+00
 1.64807193e+00
 1.64278004e+00
 1.63742564e+00
 1.63207218e+00
 1.62678456e+00
 1.62162754e+00
 1.61666441e+00
 1.61195579e+00
 1.60755949e+00
 1.60353245e+00
 1.59993612e+00
 1.59684373e+00
 1.59434006e+00
 1.59250455e+00
 1.59138925e+00
 1.59101589e+00
 1.69393663e+00
 1.69377671e+00
 1.69329540e+00
 1.69248743e+00
 1.69134623e+00
 1.68987027e+00
 1.68806375e+00
 1.68592945e+00
 1.68346355e+00
 1.68065757e+00
 1.67750370e+00
 1.67399937e+00
 1.67014985e+00
 1.66596947e+00
 1.66148191e+00
 1.65671987e+00
 1.65172438e+00
 1.64654377e+00
 1.64123255e+00
 1.63585017e+00
 1.63045944e+00
 1.62512502e+00
 1.61991204e+00
 1.61488519e+00
 1.61010832e+00
 1.60564543e+00
 1.60156317e+00
 1.59793386e+00
 1.59483510e+00
 1.59234197e+00
 1.59051638e+00
 1.58940259e+00
 1.58902809e+00
 1.69154319e+00
 1.69139722e+00
 1.69095497e+00
 1.69020571e+00
 1.68913696e+00
 1.68773829e+00
 1.68600309e+00
 1.68392732e+00
 1.68150673e+00
 1.67873588e+00
 1.67561008e+00
 1.67212862e+00
 1.66829742e+00
 1.66413068e+00
 1.65965151e+00
 1.65489186e+00
 1.64989193e+00
 1.64469933e+00
 1.63936790e+00
 1.63395654e+00
 1.62852783e+00
 1.62314673e+00
 1.61787960e+00
 1.61279364e+00
 1.60795714e+00
 1.60344045e+00
 1.59931730e+00
 1.59566446e+00
 1.59255809e+00
 1.59006736e+00
 1.58824863e+00
 1.58714206e+00
 1.58677075e+00
 1.68884356e+00
 1.68870568e+00
 1.68828841e+00
 1.68758135e+00
 1.68656947e+00
 1.68523663e+00
 1.68356870e+00
 1.68155485e+00
 1.67918707e+00
 1.67645940e+00
 1.67336838e+00
 1.66991471e+00
 1.66610518e+00
 1.66195424e+00
 1.65748478e+00
 1.65272828e+00
 1.64772439e+00
 1.64252013e+00
 1.63716892e+00
 1.63172942e+00
 1.62626441e+00
 1.62083973e+00
 1.61552359e+00
 1.61038632e+00
 1.60550053e+00
 1.60094151e+00
 1.59678685e+00
 1.59311431e+00
 1.58999775e+00
 1.58750239e+00
 1.58568108e+00
 1.58457247e+00
 1.58420025e+00
 1.68582765e+00
 1.68569666e+00
 1.68529979e+00
 1.68462605e+00
 1.68365923e+00
 1.68238050e+00
 1.68077131e+00
 1.67881565e+00
 1.67650123e+00
 1.67381976e+00
 1.67076718e+00
 1.66734455e+00
 1.66355917e+00
 1.65942579e+00
 1.65496733e+00
 1.65021503e+00
 1.64520820e+00
 1.63999357e+00
 1.63462437e+00
 1.62915938e+00
 1.62366196e+00
 1.61819922e+00
 1.61284154e+00
 1.60766221e+00
 1.60273739e+00
 1.59814555e+00
 1.59396604e+00
 1.59027639e+00
 1.58714875e+00
 1.58464639e+00
 1.58282090e+00
 1.58171022e+00
 1.58133742e+00
 1.68250602e+00
 1.68238034e+00
 1.68199939e+00
 1.68135192e+00
 1.68042091e+00
 1.67918590e+00
 1.67762570e+00
 1.67572086e+00
 1.67345554e+00
 1.67081867e+00
 1.66780463e+00
 1.66441385e+00
 1.66065361e+00
 1.65653876e+00
 1.65209226e+00
 1.64734529e+00
 1.64233706e+00
 1.63711421e+00
 1.63173005e+00
 1.62624376e+00
 1.62071954e+00
 1.61522596e+00
 1.60983541e+00
 1.60462372e+00
 1.59966953e+00
 1.59505319e+00
 1.59085478e+00
 1.58715140e+00
 1.58401410e+00
 1.58150495e+00
 1.57967471e+00
 1.57856103e+00
 1.57818718e+00
 1.67889506e+00
 1.67877333e+00
 1.67840421e+00
 1.67777642e+00
 1.67687264e+00
 1.67567158e+00
 1.67415043e+00
 1.67228745e+00
 1.67006414e+00
 1.66746696e+00
 1.66448840e+00
 1.66112780e+00
 1.65739191e+00
 1.65329543e+00
 1.64886128e+00
 1.64412069e+00
 1.63911287e+00
 1.63388459e+00
 1.62848945e+00
 1.62298718e+00
 1.61744294e+00
 1.61192664e+00
 1.60651243e+00
 1.60127799e+00
 1.59630360e+00
 1.59167066e+00
 1.58745953e+00
 1.58374699e+00
 1.58060343e+00
 1.57809028e+00
 1.57625777e+00
 1.57514305e+00
 1.57476892e+00
 1.67501249e+00
 1.67489356e+00
 1.67453290e+00
 1.67391933e+00
 1.67303549e+00
 1.67185966e+00
 1.67036811e+00
 1.66853765e+00
 1.66634793e+00
 1.66378346e+00
 1.66083506e+00
 1.65750083e+00
 1.65378680e+00
 1.64970732e+00
 1.64528522e+00
 1.64055173e+00
 1.63554623e+00
 1.63031567e+00
 1.62491408e+00
 1.61940181e+00
 1.61384490e+00
 1.60831443e+00
 1.60288583e+00
 1.59763805e+00
 1.59265233e+00
 1.58801057e+00
 1.58379317e+00
 1.58007660e+00
 1.57693075e+00
 1.57441651e+00
 1.57258357e+00
 1.57146873e+00
 1.57109457e+00
 1.67088053e+00
 1.67076356e+00
 1.67040882e+00
 1.66980512e+00
 1.66893507e+00
 1.66777681e+00
 1.66630616e+00
 1.66449908e+00
 1.66233407e+00
 1.65979430e+00
 1.65686930e+00
 1.65355610e+00
 1.64986005e+00
 1.64579510e+00
 1.64138396e+00
 1.63665790e+00
 1.63165643e+00
 1.62642683e+00
 1.62102352e+00
 1.61550745e+00
 1.60994540e+00
 1.60440931e+00
 1.59897548e+00
 1.59372353e+00
 1.58873514e+00
 1.58409232e+00
 1.57987527e+00
 1.57616005e+00
 1.57301607e+00
 1.57050379e+00
 1.56867253e+00
 1.56755881e+00
 1.56718505e+00
 1.66653034e+00
 1.66641447e+00
 1.66606305e+00
 1.66546501e+00
 1.66460307e+00
 1.66345533e+00
 1.66199746e+00
 1.66020502e+00
 1.65805587e+00
 1.65553238e+00
 1.65262325e+00
 1.64932479e+00
 1.64564184e+00
 1.64158807e+00
 1.63718611e+00
 1.63246728e+00
 1.62747130e+00
 1.62224570e+00
 1.61684528e+00
 1.61133149e+00
 1.60577166e+00
 1.60023828e+00
 1.59480807e+00
 1.58956090e+00
 1.58457842e+00
 1.57994236e+00
 1.57573246e+00
 1.57202426e+00
 1.56888669e+00
 1.56637975e+00
 1.56455249e+00
 1.56344124e+00
 1.56306831e+00
 1.66199811e+00
 1.66188258e+00
 1.66153222e+00
 1.66093609e+00
 1.66007704e+00
 1.65893333e+00
 1.65748068e+00
 1.65569457e+00
 1.65355266e+00
 1.65103699e+00
 1.64813589e+00
 1.64484536e+00
 1.64117002e+00
 1.63712345e+00
 1.63272833e+00
 1.62801610e+00
 1.62302665e+00
 1.61780774e+00
 1.61241449e+00
 1.60690867e+00
 1.60135798e+00
 1.59583520e+00
 1.59041712e+00
 1.58518345e+00
 1.58021539e+00
 1.57559402e+00
 1.57139837e+00
 1.56770328e+00
 1.56457706e+00
 1.56207930e+00
 1.56025875e+00
 1.55915157e+00
 1.55878000e+00
 1.65732618e+00
 1.65721031e+00
 1.65685895e+00
 1.65626129e+00
 1.65540035e+00
 1.65425466e+00
 1.65280015e+00
 1.65101253e+00
 1.64886959e+00
 1.64635346e+00
 1.64345253e+00
 1.64016291e+00
 1.63648935e+00
 1.63244565e+00
 1.62805466e+00
 1.62334802e+00
 1.61836576e+00
 1.61315581e+00
 1.60777345e+00
 1.60228069e+00
 1.59674543e+00
 1.59124051e+00
 1.58584257e+00
 1.58063080e+00
 1.57568561e+00
 1.57108705e+00
 1.56691309e+00
 1.56323763e+00
 1.56012824e+00
 1.55764397e+00
 1.55583324e+00
 1.55473202e+00
 1.55436245e+00
 1.65256329e+00
 1.65244637e+00
 1.65209195e+00
 1.65148938e+00
 1.65062198e+00
 1.64946860e+00
 1.64800560e+00
 1.64620907e+00
 1.64405723e+00
 1.64153264e+00
 1.63862419e+00
 1.63532849e+00
 1.63165084e+00
 1.62760552e+00
 1.62321578e+00
 1.61851348e+00
 1.61353877e+00
 1.60833958e+00
 1.60297123e+00
 1.59749582e+00
 1.59198135e+00
 1.58650066e+00
 1.58113013e+00
 1.57594824e+00
 1.57103423e+00
 1.56646675e+00
 1.56232228e+00
 1.55867340e+00
 1.55558670e+00
 1.55312056e+00
 1.55132299e+00
 1.55022974e+00
 1.54986284e+00
 1.64776182e+00
 1.64764323e+00
 1.64728387e+00
 1.64667334e+00
 1.64579532e+00
 1.64462909e+00
 1.64315151e+00
 1.64133923e+00
 1.63917110e+00
 1.63663044e+00
 1.63370701e+00
 1.63039841e+00
 1.62671090e+00
 1.62265957e+00
 1.61826823e+00
 1.61356902e+00
 1.60860203e+00
 1.60341503e+00
 1.59806312e+00
 1.59260835e+00
 1.58711881e+00
 1.58166748e+00
 1.57633052e+00
 1.57118572e+00
 1.56631095e+00
 1.56178296e+00
 1.55767619e+00
 1.55406136e+00
 1.55100363e+00
 1.54856050e+00
 1.54677952e+00
 1.54569627e+00
 1.54533270e+00
 1.64297718e+00
 1.64285643e+00
 1.64249067e+00
 1.64186972e+00
 1.64097761e+00
 1.63979410e+00
 1.63829658e+00
 1.63646233e+00
 1.63427103e+00
 1.63170707e+00
 1.62876153e+00
 1.62543349e+00
 1.62173062e+00
 1.61766918e+00
 1.61327369e+00
 1.60857651e+00
 1.60361750e+00
 1.59844386e+00
 1.59311015e+00
 1.58767816e+00
 1.58221616e+00
 1.57679750e+00
 1.57149861e+00
 1.56639684e+00
 1.56156871e+00
 1.55708869e+00
 1.55302845e+00
 1.54945607e+00
 1.54643463e+00
 1.54402028e+00
 1.54225993e+00
 1.54118898e+00
 1.54082949e+00
 1.63826862e+00
 1.63814530e+00
 1.63777193e+00
 1.63713857e+00
 1.63622961e+00
 1.63502519e+00
 1.63350314e+00
 1.63164137e+00
 1.62942049e+00
 1.62682634e+00
 1.62385186e+00
 1.62049821e+00
 1.61677494e+00
 1.61269979e+00
 1.60829812e+00
 1.60360242e+00
 1.59865194e+00
 1.59349282e+00
 1.58817855e+00
 1.58277028e+00
 1.57733648e+00
 1.57195143e+00
 1.56669260e+00
 1.56163771e+00
 1.55686232e+00
 1.55243846e+00
 1.54843427e+00
 1.54491406e+00
 1.54193777e+00
 1.53955952e+00
 1.53782526e+00
 1.53677007e+00
 1.53641586e+00
 1.63369660e+00
 1.63357055e+00
 1.63318905e+00
 1.63254230e+00
 1.63161482e+00
 1.63038691e+00
 1.62883661e+00
 1.62694231e+00
 1.62468572e+00
 1.62205466e+00
 1.61904472e+00
 1.61565978e+00
 1.61191172e+00
 1.60782000e+00
 1.60341087e+00
 1.59871681e+00
 1.59377603e+00
 1.58863292e+00
 1.58333903e+00
 1.57795426e+00
 1.57254722e+00
 1.56719374e+00
 1.56197354e+00
 1.55696610e+00
 1.55224710e+00
 1.54788646e+00
 1.54394822e+00
 1.54049145e+00
 1.53757123e+00
 1.53523815e+00
 1.53353629e+00
 1.53250025e+00
 1.53215233e+00
 1.62932507e+00
 1.62919627e+00
 1.62880648e+00
 1.62814591e+00
 1.62719913e+00
 1.62594619e+00
 1.62436468e+00
 1.62243307e+00
 1.62013452e+00
 1.61745984e+00
 1.61440832e+00
 1.61098720e+00
 1.60721091e+00
 1.60310065e+00
 1.59868366e+00
 1.59399227e+00
 1.58906321e+00
 1.58393820e+00
 1.57866572e+00
 1.57330340e+00
 1.56791961e+00
 1.56259238e+00
 1.55740519e+00
 1.55244122e+00
 1.54777815e+00
 1.54348506e+00
 1.53962189e+00
 1.53624119e+00
 1.53339085e+00
 1.53111575e+00
 1.52945669e+00
 1.52844685e+00
 1.52810777e+00
 1.62521619e+00
 1.62508460e+00
 1.62468688e+00
 1.62401376e+00
 1.62304917e+00
 1.62177145e+00
 1.62015638e+00
 1.61818219e+00
 1.61583468e+00
 1.61310955e+00
 1.61001117e+00
 1.60655034e+00
 1.60274365e+00
 1.59861388e+00
 1.59418945e+00
 1.58950259e+00
 1.58458812e+00
 1.57948414e+00
 1.57423463e+00
 1.56889338e+00
 1.56352767e+00
 1.55821829e+00
 1.55305415e+00
 1.54812435e+00
 1.54351094e+00
 1.53928442e+00
 1.53550219e+00
 1.53220986e+00
 1.52944545e+00
 1.52724410e+00
 1.52563966e+00
 1.52466231e+00
 1.52433382e+00
 1.62142150e+00
 1.62128966e+00
 1.62088992e+00
 1.62021059e+00
 1.61923319e+00
 1.61793250e+00
 1.61628078e+00
 1.61425668e+00
 1.61185175e+00
 1.60906971e+00
 1.60592102e+00
 1.60241912e+00
 1.59858142e+00
 1.59443207e+00
 1.59000121e+00
 1.58532132e+00
 1.58042490e+00
 1.57534560e+00
 1.57012141e+00
 1.56480010e+00
 1.55944648e+00
 1.55414437e+00
 1.54898984e+00
 1.54408000e+00
 1.53950346e+00
 1.53533474e+00
 1.53163194e+00
 1.52843610e+00
 1.52577400e+00
 1.52366654e+00
 1.52213672e+00
 1.52120803e+00
 1.52089667e+00
 1.61802400e+00
 1.61788988e+00
 1.61748625e+00
 1.61680473e+00
 1.61582145e+00
 1.61449934e+00
 1.61280408e+00
 1.61071881e+00
 1.60824677e+00
 1.60540316e+00
 1.60220407e+00
 1.59866265e+00
 1.59479495e+00
 1.59062654e+00
 1.58619051e+00
 1.58152017e+00
 1.57664524e+00
 1.57159446e+00
 1.56639868e+00
 1.56109693e+00
 1.55574943e+00
 1.55044334e+00
 1.54528344e+00
 1.54037671e+00
 1.53581935e+00
 1.53169113e+00
 1.52805441e+00
 1.52495210e+00
 1.52240417e+00
 1.52041034e+00
 1.51896717e+00
 1.51808617e+00
 1.51778895e+00
 1.61500507e+00
 1.61488146e+00
 1.61450677e+00
 1.61385774e+00
 1.61288560e+00
 1.61153795e+00
 1.60978408e+00
 1.60762263e+00
 1.60507496e+00
 1.60216928e+00
 1.59892434e+00
 1.59534812e+00
 1.59145272e+00
 1.58726601e+00
 1.58282597e+00
 1.57816741e+00
 1.57331652e+00
 1.56829723e+00
 1.56313313e+00
 1.55785134e+00
 1.55250488e+00
 1.54718461e+00
 1.54200547e+00
 1.53708576e+00
 1.53252927e+00
 1.52841944e+00
 1.52482283e+00
 1.52179059e+00
 1.51935264e+00
 1.51750563e+00
 1.51621379e+00
 1.51544122e+00
 1.51518176e+00
 1.61246794e+00
 1.61237728e+00
 1.61207207e+00
 1.61147269e+00
 1.61049770e+00
 1.60909843e+00
 1.60726371e+00
 1.60501283e+00
 1.60238644e+00
 1.59942428e+00
 1.59614267e+00
 1.59253879e+00
 1.58861876e+00
 1.58441467e+00
 1.57997149e+00
 1.57532617e+00
 1.57050004e+00
 1.56551305e+00
 1.56038295e+00
 1.55512179e+00
 1.54977262e+00
 1.54443084e+00
 1.53922222e+00
 1.53427769e+00
 1.52970807e+00
 1.52559702e+00
 1.52201058e+00
 1.51900413e+00
 1.51662378e+00
 1.51489260e+00
 1.51377918e+00
 1.51318706e+00
 1.51300585e+00
 1.61071921e+00
 1.61063905e+00
 1.61034484e+00
 1.60972243e+00
 1.60868521e+00
 1.60720061e+00
 1.60527094e+00
 1.60292785e+00
 1.60022840e+00
 1.59722103e+00
 1.59391461e+00
 1.59029111e+00
 1.58635003e+00
 1.58212999e+00
 1.57768430e+00
 1.57305242e+00
 1.56824933e+00
 1.56329225e+00
 1.55819598e+00
 1.55295525e+00
 1.54760118e+00
 1.54223489e+00
 1.53699222e+00
 1.53201747e+00
 1.52742800e+00
 1.52330447e+00
 1.51970772e+00
 1.51668709e+00
 1.51428783e+00
 1.51254904e+00
 1.51146812e+00
 1.51094083e+00
 1.51079385e+00
 1.60972789e+00
 1.60962938e+00
 1.60927204e+00
 1.60855448e+00
 1.60741954e+00
 1.60584377e+00
 1.60382672e+00
 1.60140355e+00
 1.59864559e+00
 1.59560729e+00
 1.59228731e+00
 1.58865158e+00
 1.58469380e+00
 1.58046045e+00
 1.57601278e+00
 1.57139284e+00
 1.56660844e+00
 1.56167542e+00
 1.55660875e+00
 1.55138612e+00
 1.54602660e+00
 1.54063792e+00
 1.53536348e+00
 1.53036026e+00
 1.52575148e+00
 1.52161316e+00
 1.51800007e+00
 1.51495100e+00
 1.51249584e+00
 1.51066172e+00
 1.50946239e+00
 1.50885121e+00
 1.50868108e+00
 1.60927765e+00
 1.60914145e+00
 1.60869193e+00
 1.60787965e+00
 1.60666747e+00
 1.60502709e+00
 1.60295019e+00
 1.60047268e+00
 1.59767729e+00
 1.59462190e+00
 1.59129635e+00
 1.58765423e+00
 1.58368544e+00
 1.57944312e+00
 1.57499410e+00
 1.57038255e+00
 1.56561031e+00
 1.56069276e+00
 1.55564662e+00
 1.55043671e+00
 1.54507289e+00
 1.53966864e+00
 1.53437162e+00
 1.52934818e+00
 1.52472593e+00
 1.52057664e+00
 1.51695112e+00
 1.51388014e+00
 1.51137959e+00
 1.50945822e+00
 1.50812007e+00
 1.50735750e+00
 1.50712349e+00
 1.60915600e+00
 1.60899559e+00
 1.60850464e+00
 1.60765685e+00
 1.60641715e+00
 1.60475413e+00
 1.60265615e+00
 1.60015938e+00
 1.59735117e+00
 1.59429046e+00
 1.59096358e+00
 1.58731952e+00
 1.58334685e+00
 1.57910135e+00
 1.57465184e+00
 1.57004333e+00
 1.56527530e+00
 1.56036306e+00
 1.55532431e+00
 1.55011900e+00
 1.54475355e+00
 1.53934375e+00
 1.53403853e+00
 1.52900779e+00
 1.52438077e+00
 1.52022750e+00
 1.51659754e+00
 1.51351884e+00
 1.51100231e+00
 1.50904948e+00
 1.50765823e+00
 1.50682530e+00
 1.50654800e+00
