 1.21135200e+00
 1.21123121e+00
 1.21086896e+00
 1.21026567e+00
 1.20942204e+00
 1.20833917e+00
 1.20701903e+00
 1.20546789e+00
 1.20369435e+00
 1.20170817e+00
 1.19952721e+00
 1.19717247e+00
 1.19466972e+00
 1.19204299e+00
 1.18931982e+00
 1.18651593e+00
 1.18365054e+00
 1.18074815e+00
 1.17784187e+00
 1.17496208e+00
 1.17214268e+00
 1.16941582e+00
 1.16681534e+00
 1.16437157e+00
 1.16211834e+00
 1.16007912e+00
 1.15827466e+00
 1.15672213e+00
 1.15543511e+00
 1.15442391e+00
 1.15369627e+00
 1.15325758e+00
 1.15311100e+00
 1.21100580e+00
 1.21089590e+00
 1.21055242e+00
 1.20996522e+00
 1.20913369e+00
 1.20806010e+00
 1.20674793e+00
 1.20520415e+00
 1.20343780e+00
 1.20145915e+00
 1.19928582e+00
 1.19693884e+00
 1.19444359e+00
 1.19182423e+00
 1.18910774e+00
 1.18631044e+00
 1.18345168e+00
 1.18055607e+00
 1.17765622e+00
 1.17478264e+00
 1.17196892e+00
 1.16924723e+00
 1.16665105e+00
 1.16421079e+00
 1.16195939e+00
 1.15992016e+00
 1.15811308e+00
 1.15655396e+00
 1.15525404e+00
 1.15422023e+00
 1.15345756e+00
 1.15297483e+00
 1.15280184e+00
 1.21000624e+00
 1.20991370e+00
 1.20961261e+00
 1.20906890e+00
 1.20827201e+00
 1.20722565e+00
 1.20593697e+00
 1.20441509e+00
 1.20267021e+00
 1.20071389e+00
 1.19856332e+00
 1.19623938e+00
 1.19376657e+00
 1.19116916e+00
 1.18847282e+00
 1.18569537e+00
 1.18285651e+00
 1.17998110e+00
 1.17710055e+00
 1.17424548e+00
 1.17144875e+00
 1.16874244e+00
 1.16615913e+00
 1.16372917e+00
 1.16148326e+00
 1.15944402e+00
 1.15762922e+00
 1.15605085e+00
 1.15471367e+00
 1.15361624e+00
 1.15276048e+00
 1.15218068e+00
 1.15196723e+00
 1.20845292e+00
 1.20836983e+00
 1.20810011e+00
 1.20760246e+00
 1.20685149e+00
 1.20584574e+00
 1.20459403e+00
 1.20310751e+00
 1.20139785e+00
 1.19947799e+00
 1.19736475e+00
 1.19507859e+00
 1.19264289e+00
 1.19008166e+00
 1.18741922e+00
 1.18467495e+00
 1.18186931e+00
 1.17902724e+00
 1.17617871e+00
 1.17335421e+00
 1.17058562e+00
 1.16790458e+00
 1.16534257e+00
 1.16292926e+00
 1.16069262e+00
 1.15865384e+00
 1.15682776e+00
 1.15522166e+00
 1.15383408e+00
 1.15266030e+00
 1.15171604e+00
 1.15107350e+00
 1.15084157e+00
 1.20645499e+00
 1.20636949e+00
 1.20610080e+00
 1.20562084e+00
 1.20490416e+00
 1.20394075e+00
 1.20273408e+00
 1.20129378e+00
 1.19963166e+00
 1.19776123e+00
 1.19569893e+00
 1.19346442e+00
 1.19107993e+00
 1.18856873e+00
 1.18595402e+00
 1.18325642e+00
 1.18049723e+00
 1.17770131e+00
 1.17489730e+00
 1.17211507e+00
 1.16938548e+00
 1.16673934e+00
 1.16420684e+00
 1.16181639e+00
 1.15959349e+00
 1.15755767e+00
 1.15572181e+00
 1.15409192e+00
 1.15266973e+00
 1.15146457e+00
 1.15051437e+00
 1.14989207e+00
 1.14967380e+00
 1.20405376e+00
 1.20395673e+00
 1.20366541e+00
 1.20317438e+00
 1.20247038e+00
 1.20154041e+00
 1.20037982e+00
 1.19899250e+00
 1.19738771e+00
 1.19557799e+00
 1.19357885e+00
 1.19140883e+00
 1.18908880e+00
 1.18664098e+00
 1.18408768e+00
 1.18145021e+00
 1.17875053e+00
 1.17601328e+00
 1.17326590e+00
 1.17053735e+00
 1.16785733e+00
 1.16525550e+00
 1.16276071e+00
 1.16039994e+00
 1.15819692e+00
 1.15617062e+00
 1.15433513e+00
 1.15270205e+00
 1.15128719e+00
 1.15012067e+00
 1.14924835e+00
 1.14871285e+00
 1.14853351e+00
 1.20116004e+00
 1.20106093e+00
 1.20076444e+00
 1.20027105e+00
 1.19957715e+00
 1.19867521e+00
 1.19755902e+00
 1.19622798e+00
 1.19468748e+00
 1.19294763e+00
 1.19102224e+00
 1.18892819e+00
 1.18668486e+00
 1.18431312e+00
 1.18183443e+00
 1.17927026e+00
 1.17664286e+00
 1.17397647e+00
 1.17129749e+00
 1.16863372e+00
 1.16601361e+00
 1.16346556e+00
 1.16101711e+00
 1.15869408e+00
 1.15651967e+00
 1.15451414e+00
 1.15269607e+00
 1.15108594e+00
 1.14971088e+00
 1.14860511e+00
 1.14780070e+00
 1.14731566e+00
 1.14715409e+00
 1.19777566e+00
 1.19768025e+00
 1.19739354e+00
 1.19691446e+00
 1.19624132e+00
 1.19537120e+00
 1.19430068e+00
 1.19302842e+00
 1.19155722e+00
 1.18989448e+00
 1.18805169e+00
 1.18604372e+00
 1.18388813e+00
 1.18160429e+00
 1.17921268e+00
 1.17673440e+00
 1.17419158e+00
 1.17160790e+00
 1.16900872e+00
 1.16642061e+00
 1.16387073e+00
 1.16138620e+00
 1.15899349e+00
 1.15671783e+00
 1.15458302e+00
 1.15261192e+00
 1.15082812e+00
 1.14925787e+00
 1.14793007e+00
 1.14687208e+00
 1.14610427e+00
 1.14563899e+00
 1.14548311e+00
 1.19396131e+00
 1.19386917e+00
 1.19359286e+00
 1.19313234e+00
 1.19248685e+00
 1.19165479e+00
 1.19063430e+00
 1.18942450e+00
 1.18802710e+00
 1.18644742e+00
 1.18469466e+00
 1.18278149e+00
 1.18072346e+00
 1.17853830e+00
 1.17624524e+00
 1.17386466e+00
 1.17141813e+00
 1.16892857e+00
 1.16642026e+00
 1.16391855e+00
 1.16144930e+00
 1.15903849e+00
 1.15671175e+00
 1.15449421e+00
 1.15241074e+00
 1.15048664e+00
 1.14874862e+00
 1.14722469e+00
 1.14594222e+00
 1.14492456e+00
 1.14418856e+00
 1.14374415e+00
 1.14359566e+00
 1.18974004e+00
 1.18965299e+00
 1.18939168e+00
 1.18895567e+00
 1.18834433e+00
 1.18755676e+00
 1.18659194e+00
 1.18544947e+00
 1.18413063e+00
 1.18263942e+00
 1.18098312e+00
 1.17917229e+00
 1.17722046e+00
 1.17514358e+00
 1.17295946e+00
 1.17068742e+00
 1.16834812e+00
 1.16596354e+00
 1.16355685e+00
 1.16115215e+00
 1.15877409e+00
 1.15644759e+00
 1.15419763e+00
 1.15204933e+00
 1.15002827e+00
 1.14816101e+00
 1.14647512e+00
 1.14499826e+00
 1.14375605e+00
 1.14276987e+00
 1.14205545e+00
 1.14162301e+00
 1.14147825e+00
 1.18515743e+00
 1.18507592e+00
 1.18483131e+00
 1.18442322e+00
 1.18385092e+00
 1.18311346e+00
 1.18220994e+00
 1.18114006e+00
 1.17990480e+00
 1.17850724e+00
 1.17695315e+00
 1.17525127e+00
 1.17341318e+00
 1.17145303e+00
 1.16938706e+00
 1.16723331e+00
 1.16501132e+00
 1.16274194e+00
 1.16044719e+00
 1.15814993e+00
 1.15587367e+00
 1.15364232e+00
 1.15148018e+00
 1.14941208e+00
 1.14746358e+00
 1.14566117e+00
 1.14403183e+00
 1.14260205e+00
 1.14139633e+00
 1.14043591e+00
 1.13973778e+00
 1.13931412e+00
 1.13917212e+00
 1.18025614e+00
 1.18018109e+00
 1.17995561e+00
 1.17957886e+00
 1.17904969e+00
 1.17836692e+00
 1.17752958e+00
 1.17653718e+00
 1.17539034e+00
 1.17409134e+00
 1.17264470e+00
 1.17105756e+00
 1.16933973e+00
 1.16750360e+00
 1.16556381e+00
 1.16353698e+00
 1.16144136e+00
 1.15929662e+00
 1.15712354e+00
 1.15494383e+00
 1.15277983e+00
 1.15065447e+00
 1.14859121e+00
 1.14661418e+00
 1.14474828e+00
 1.14301907e+00
 1.14145237e+00
 1.14007343e+00
 1.13890608e+00
 1.13797187e+00
 1.13728938e+00
 1.13687334e+00
 1.13673351e+00
 1.17509190e+00
 1.17502331e+00
 1.17481727e+00
 1.17447295e+00
 1.17398905e+00
 1.17336409e+00
 1.17259668e+00
 1.17168590e+00
 1.17063177e+00
 1.16943575e+00
 1.16810120e+00
 1.16663381e+00
 1.16504178e+00
 1.16333582e+00
 1.16152901e+00
 1.15963649e+00
 1.15767520e+00
 1.15566355e+00
 1.15362114e+00
 1.15156849e+00
 1.14952684e+00
 1.14751806e+00
 1.14556463e+00
 1.14368971e+00
 1.14191716e+00
 1.14027138e+00
 1.13877701e+00
 1.13745845e+00
 1.13633926e+00
 1.13544144e+00
 1.13478439e+00
 1.13438352e+00
 1.13424875e+00
 1.16971394e+00
 1.16965222e+00
 1.16946669e+00
 1.16915638e+00
 1.16871979e+00
 1.16815515e+00
 1.16746066e+00
 1.16663486e+00
 1.16567705e+00
 1.16458775e+00
 1.16336921e+00
 1.16202573e+00
 1.16056400e+00
 1.15899320e+00
 1.15732486e+00
 1.15557273e+00
 1.15375243e+00
 1.15188116e+00
 1.14997736e+00
 1.14806041e+00
 1.14615046e+00
 1.14426830e+00
 1.14243535e+00
 1.14067367e+00
 1.13900595e+00
 1.13745544e+00
 1.13604570e+00
 1.13480025e+00
 1.13374200e+00
 1.13289242e+00
 1.13227036e+00
 1.13189072e+00
 1.13176307e+00
 1.16417678e+00
 1.16412212e+00
 1.16395776e+00
 1.16368263e+00
 1.16329504e+00
 1.16279283e+00
 1.16217371e+00
 1.16143559e+00
 1.16057696e+00
 1.15959738e+00
 1.15849790e+00
 1.15728152e+00
 1.15595349e+00
 1.15452151e+00
 1.15299574e+00
 1.15138859e+00
 1.14971448e+00
 1.14798944e+00
 1.14623084e+00
 1.14445699e+00
 1.14268697e+00
 1.14094052e+00
 1.13923792e+00
 1.13760010e+00
 1.13604855e+00
 1.13460530e+00
 1.13329274e+00
 1.13213317e+00
 1.13114819e+00
 1.13035782e+00
 1.12977942e+00
 1.12942657e+00
 1.12930796e+00
 1.15853583e+00
 1.15848852e+00
 1.15834615e+00
 1.15810740e+00
 1.15777025e+00
 1.15733214e+00
 1.15679026e+00
 1.15614184e+00
 1.15538451e+00
 1.15451677e+00
 1.15353847e+00
 1.15245127e+00
 1.15125905e+00
 1.14996815e+00
 1.14858747e+00
 1.14712824e+00
 1.14560378e+00
 1.14402913e+00
 1.14242064e+00
 1.14079565e+00
 1.13917223e+00
 1.13756905e+00
 1.13600527e+00
 1.13450058e+00
 1.13307515e+00
 1.13174964e+00
 1.13054494e+00
 1.12948179e+00
 1.12858006e+00
 1.12785782e+00
 1.12733031e+00
 1.12700905e+00
 1.12690116e+00
 1.15285063e+00
 1.15281076e+00
 1.15269063e+00
 1.15248873e+00
 1.15220274e+00
 1.15182970e+00
 1.15136623e+00
 1.15080882e+00
 1.15015414e+00
 1.14939952e+00
 1.14854347e+00
 1.14758630e+00
 1.14653055e+00
 1.14538137e+00
 1.14414653e+00
 1.14283628e+00
 1.14146304e+00
 1.14004095e+00
 1.13858549e+00
 1.13711311e+00
 1.13564094e+00
 1.13418657e+00
 1.13276801e+00
 1.13140358e+00
 1.13011194e+00
 1.12891199e+00
 1.12782269e+00
 1.12686267e+00
 1.12604956e+00
 1.12539922e+00
 1.12492484e+00
 1.12463623e+00
 1.12453936e+00
 1.14718053e+00
 1.14714799e+00
 1.14704986e+00
 1.14688463e+00
 1.14664987e+00
 1.14634229e+00
 1.14595792e+00
 1.14549234e+00
 1.14494103e+00
 1.14429993e+00
 1.14356610e+00
 1.14273843e+00
 1.14181822e+00
 1.14080957e+00
 1.13971936e+00
 1.13855710e+00
 1.13733448e+00
 1.13606493e+00
 1.13476318e+00
 1.13344487e+00
 1.13212620e+00
 1.13082375e+00
 1.12955428e+00
 1.12833466e+00
 1.12718179e+00
 1.12611249e+00
 1.12514334e+00
 1.12429038e+00
 1.12356863e+00
 1.12299156e+00
 1.12257053e+00
 1.12231423e+00
 1.12222817e+00
 1.14157855e+00
 1.14155345e+00
 1.14147763e+00
 1.14134960e+00
 1.14116678e+00
 1.14092553e+00
 1.14062114e+00
 1.14024809e+00
 1.13980043e+00
 1.13927246e+00
 1.13865959e+00
 1.13795932e+00
 1.13717187e+00
 1.13630053e+00
 1.13535163e+00
 1.13433417e+00
 1.13325934e+00
 1.13214001e+00
 1.13099024e+00
 1.12982492e+00
 1.12865941e+00
 1.12750925e+00
 1.12638997e+00
 1.12531691e+00
 1.12430506e+00
 1.12336902e+00
 1.12252282e+00
 1.12177976e+00
 1.12115219e+00
 1.12065112e+00
 1.12028590e+00
 1.12006372e+00
 1.11998914e+00
 1.13609703e+00
 1.13607962e+00
 1.13602687e+00
 1.13593714e+00
 1.13580763e+00
 1.13563415e+00
 1.13541108e+00
 1.13513141e+00
 1.13478733e+00
 1.13437115e+00
 1.13387656e+00
 1.13329974e+00
 1.13264015e+00
 1.13190072e+00
 1.13108755e+00
 1.13020947e+00
 1.12927734e+00
 1.12830359e+00
 1.12730168e+00
 1.12628578e+00
 1.12527038e+00
 1.12427007e+00
 1.12329916e+00
 1.12237146e+00
 1.12150009e+00
 1.12069735e+00
 1.11997471e+00
 1.11934272e+00
 1.11881095e+00
 1.11838779e+00
 1.11808019e+00
 1.11789343e+00
 1.11783080e+00
 1.13078834e+00
 1.13077888e+00
 1.13074999e+00
 1.13069999e+00
 1.13062575e+00
 1.13052229e+00
 1.13038247e+00
 1.13019719e+00
 1.12995612e+00
 1.12964918e+00
 1.12926830e+00
 1.12880874e+00
 1.12826974e+00
 1.12765444e+00
 1.12696920e+00
 1.12622293e+00
 1.12542634e+00
 1.12459141e+00
 1.12373100e+00
 1.12285852e+00
 1.12198763e+00
 1.12113194e+00
 1.12030466e+00
 1.11951818e+00
 1.11878382e+00
 1.11811162e+00
 1.11751043e+00
 1.11698795e+00
 1.11655094e+00
 1.11620507e+00
 1.11595485e+00
 1.11580347e+00
 1.11575280e+00
 1.12570124e+00
 1.12570026e+00
 1.12569680e+00
 1.12568905e+00
 1.12567335e+00
 1.12564342e+00
 1.12558974e+00
 1.12549997e+00
 1.12536037e+00
 1.12515817e+00
 1.12488386e+00
 1.12453260e+00
 1.12410432e+00
 1.12360307e+00
 1.12303592e+00
 1.12241205e+00
 1.12174204e+00
 1.12103738e+00
 1.12031020e+00
 1.11957306e+00
 1.11883871e+00
 1.11811986e+00
 1.11742870e+00
 1.11677644e+00
 1.11617279e+00
 1.11562566e+00
 1.11514119e+00
 1.11472408e+00
 1.11437803e+00
 1.11410594e+00
 1.11391007e+00
 1.11379196e+00
 1.11375250e+00
 1.12088055e+00
 1.12088903e+00
 1.12091394e+00
 1.12095316e+00
 1.12100179e+00
 1.12105100e+00
 1.12108739e+00
 1.12109378e+00
 1.12105210e+00
 1.12094701e+00
 1.12076869e+00
 1.12051362e+00
 1.12018360e+00
 1.11978429e+00
 1.11932377e+00
 1.11881151e+00
 1.11825781e+00
 1.11767350e+00
 1.11706981e+00
 1.11645825e+00
 1.11585058e+00
 1.11525856e+00
 1.11469353e+00
 1.11416581e+00
 1.11368395e+00
 1.11325408e+00
 1.11287976e+00
 1.11256251e+00
 1.11230273e+00
 1.11210045e+00
 1.11195577e+00
 1.11186884e+00
 1.11183984e+00
 1.11637321e+00
 1.11639283e+00
 1.11645064e+00
 1.11654334e+00
 1.11666406e+00
 1.11679981e+00
 1.11693050e+00
 1.11703173e+00
 1.11708041e+00
 1.11706007e+00
 1.11696294e+00
 1.11678877e+00
 1.11654243e+00
 1.11623160e+00
 1.11586529e+00
 1.11545304e+00
 1.11500460e+00
 1.11452987e+00
 1.11403892e+00
 1.11354203e+00
 1.11304978e+00
 1.11257288e+00
 1.11212191e+00
 1.11170664e+00
 1.11133511e+00
 1.11101249e+00
 1.11074035e+00
 1.11051706e+00
 1.11033922e+00
 1.11020348e+00
 1.11010761e+00
 1.11005048e+00
 1.11003149e+00
 1.11222627e+00
 1.11225777e+00
 1.11235254e+00
 1.11250813e+00
 1.11271349e+00
 1.11294623e+00
 1.11317441e+00
 1.11336402e+00
 1.11348861e+00
 1.11353451e+00
 1.11349952e+00
 1.11338868e+00
 1.11321041e+00
 1.11297418e+00
 1.11268948e+00
 1.11236545e+00
 1.11201093e+00
 1.11163458e+00
 1.11124507e+00
 1.11085127e+00
 1.11046235e+00
 1.11008782e+00
 1.10973737e+00
 1.10942045e+00
 1.10914526e+00
 1.10891727e+00
 1.10873752e+00
 1.10860196e+00
 1.10850297e+00
 1.10843247e+00
 1.10838450e+00
 1.10835607e+00
 1.10834656e+00
 1.10844832e+00
 1.10850131e+00
 1.10865547e+00
 1.10889848e+00
 1.10920916e+00
 1.10955034e+00
 1.10987279e+00
 1.11013368e+00
 1.11030995e+00
 1.11039746e+00
 1.11040301e+00
 1.11033747e+00
 1.11021212e+00
 1.11003728e+00
 1.10982211e+00
 1.10957480e+00
 1.10930289e+00
 1.10901360e+00
 1.10871404e+00
 1.10841147e+00
 1.10811350e+00
 1.10782819e+00
 1.10756413e+00
 1.10733023e+00
 1.10713516e+00
 1.10698593e+00
 1.10688539e+00
 1.10682949e+00
 1.10680683e+00
 1.10680307e+00
 1.10680697e+00
 1.10681199e+00
 1.10681418e+00
 1.10517405e+00
 1.10523996e+00
 1.10544322e+00
 1.10578314e+00
 1.10621972e+00
 1.10667412e+00
 1.10707049e+00
 1.10736875e+00
 1.10756298e+00
 1.10766472e+00
 1.10769001e+00
 1.10765372e+00
 1.10756809e+00
 1.10744290e+00
 1.10728614e+00
 1.10710456e+00
 1.10690420e+00
 1.10669067e+00
 1.10646948e+00
 1.10624626e+00
 1.10602693e+00
 1.10581794e+00
 1.10562638e+00
 1.10546018e+00
 1.10532799e+00
 1.10523858e+00
 1.10519879e+00
 1.10520920e+00
 1.10525859e+00
 1.10532345e+00
 1.10537878e+00
 1.10541176e+00
 1.10542216e+00
 1.10218068e+00
 1.10230242e+00
 1.10266388e+00
 1.10321257e+00
 1.10382392e+00
 1.10437043e+00
 1.10478836e+00
 1.10507418e+00
 1.10525044e+00
 1.10534268e+00
 1.10537161e+00
 1.10535241e+00
 1.10529602e+00
 1.10521049e+00
 1.10510205e+00
 1.10497578e+00
 1.10483609e+00
 1.10468705e+00
 1.10453264e+00
 1.10437690e+00
 1.10422412e+00
 1.10407905e+00
 1.10394708e+00
 1.10383453e+00
 1.10374904e+00
 1.10369980e+00
 1.10369728e+00
 1.10375051e+00
 1.10385957e+00
 1.10400450e+00
 1.10414428e+00
 1.10423859e+00
 1.10427043e+00
 1.09969552e+00
 1.09994828e+00
 1.10059881e+00
 1.10139774e+00
 1.10211489e+00
 1.10264918e+00
 1.10300720e+00
 1.10323225e+00
 1.10336475e+00
 1.10343330e+00
 1.10345656e+00
 1.10344665e+00
 1.10341169e+00
 1.10335739e+00
 1.10328801e+00
 1.10320696e+00
 1.10311716e+00
 1.10302130e+00
 1.10292197e+00
 1.10282181e+00
 1.10272366e+00
 1.10263066e+00
 1.10254647e+00
 1.10247551e+00
 1.10242346e+00
 1.10239798e+00
 1.10240975e+00
 1.10247298e+00
 1.10260250e+00
 1.10280092e+00
 1.10303565e+00
 1.10323206e+00
 1.10330919e+00
 1.09868947e+00
 1.09898699e+00
 1.09970002e+00
 1.10046490e+00
 1.10105289e+00
 1.10143834e+00
 1.10167518e+00
 1.10181652e+00
 1.10189748e+00
 1.10193901e+00
 1.10195352e+00
 1.10194861e+00
 1.10192924e+00
 1.10189876e+00
 1.10185966e+00
 1.10181391e+00
 1.10176318e+00
 1.10170901e+00
 1.10165289e+00
 1.10159630e+00
 1.10154087e+00
 1.10148841e+00
 1.10144103e+00
 1.10140136e+00
 1.10137284e+00
 1.10136042e+00
 1.10137167e+00
 1.10141862e+00
 1.10151894e+00
 1.10169041e+00
 1.10192484e+00
 1.10214798e+00
 1.10224180e+00
 1.09895706e+00
 1.09918919e+00
 1.09968047e+00
 1.10013032e+00
 1.10043996e+00
 1.10063023e+00
 1.10074278e+00
 1.10080848e+00
 1.10084570e+00
 1.10086472e+00
 1.10087143e+00
 1.10086935e+00
 1.10086077e+00
 1.10084722e+00
 1.10082980e+00
 1.10080940e+00
 1.10078677e+00
 1.10076261e+00
 1.10073758e+00
 1.10071234e+00
 1.10068762e+00
 1.10066423e+00
 1.10064313e+00
 1.10062551e+00
 1.10061295e+00
 1.10060776e+00
 1.10061365e+00
 1.10063683e+00
 1.10068754e+00
 1.10077940e+00
 1.10091925e+00
 1.10107505e+00
 1.10114918e+00
 1.09965998e+00
 1.09975143e+00
 1.09990450e+00
 1.10002734e+00
 1.10010839e+00
 1.10015722e+00
 1.10018586e+00
 1.10020247e+00
 1.10021187e+00
 1.10021667e+00
 1.10021837e+00
 1.10021784e+00
 1.10021570e+00
 1.10021231e+00
 1.10020795e+00
 1.10020284e+00
 1.10019716e+00
 1.10019111e+00
 1.10018485e+00
 1.10017852e+00
 1.10017232e+00
 1.10016646e+00
 1.10016118e+00
 1.10015677e+00
 1.10015363e+00
 1.10015235e+00
 1.10015387e+00
 1.10015983e+00
 1.10017291e+00
 1.10019705e+00
 1.10023538e+00
 1.10028415e+00
 1.10031354e+00
 1.10000000e+00
 1.10000000e+00
 1.10000001e+00
 1.10000000e+00
 1.10000001e+00
 1.10000000e+00
 1.10000000e+00
 1.09999999e+00
 1.09999999e+00
 1.10000001e+00
 1.10000001e+00
 1.09999999e+00
 1.09999999e+00
 1.10000000e+00
 1.10000000e+00
 1.10000001e+00
 1.10000000e+00
 1.10000000e+00
 1.10000001e+00
 1.10000001e+00
 1.10000000e+00
 1.09999999e+00
 1.10000000e+00
 1.10000000e+00
 1.10000000e+00
 1.10000000e+00
 1.10000000e+00
 1.10000000e+00
 1.10000000e+00
 1.10000000e+00
 1.10000000e+00
 1.10000000e+00
 1.10000000e+00
