 1.10000000e+00
 1.10017366e+00
 1.10083243e+00
 1.10232169e+00
 1.10499870e+00
 1.10893383e+00
 1.11366934e+00
 1.11906915e+00
 1.12519375e+00
 1.13194274e+00
 1.13926393e+00
 1.14708725e+00
 1.15533426e+00
 1.16393030e+00
 1.17279409e+00
 1.18184065e+00
 1.19098592e+00
 1.20014267e+00
 1.20922826e+00
 1.21815668e+00
 1.22683868e+00
 1.23518951e+00
 1.24312875e+00
 1.25057792e+00
 1.25746666e+00
 1.26372550e+00
 1.26929043e+00
 1.27410339e+00
 1.27811251e+00
 1.28127580e+00
 1.28355985e+00
 1.28494021e+00
 1.28540200e+00
 1.10000001e+00
 1.10021451e+00
 1.10093645e+00
 1.10245586e+00
 1.10511447e+00
 1.10899324e+00
 1.11370596e+00
 1.11910254e+00
 1.12522059e+00
 1.13196742e+00
 1.13928717e+00
 1.14710982e+00
 1.15535698e+00
 1.16395345e+00
 1.17281783e+00
 1.18186517e+00
 1.19101113e+00
 1.20016856e+00
 1.20925440e+00
 1.21818244e+00
 1.22686350e+00
 1.23521260e+00
 1.24314887e+00
 1.25059352e+00
 1.25747518e+00
 1.26372352e+00
 1.26927307e+00
 1.27406338e+00
 1.27803894e+00
 1.28115220e+00
 1.28336579e+00
 1.28466234e+00
 1.28507520e+00
 1.10000000e+00
 1.10028318e+00
 1.10115734e+00
 1.10277850e+00
 1.10541376e+00
 1.10916955e+00
 1.11381813e+00
 1.11920036e+00
 1.12530083e+00
 1.13204059e+00
 1.13935606e+00
 1.14717668e+00
 1.15542413e+00
 1.16402176e+00
 1.17288781e+00
 1.18193733e+00
 1.19108524e+00
 1.20024455e+00
 1.20933096e+00
 1.21825779e+00
 1.22693595e+00
 1.23527976e+00
 1.24320707e+00
 1.25063805e+00
 1.25749850e+00
 1.26371551e+00
 1.26921935e+00
 1.27394290e+00
 1.27782049e+00
 1.28079127e+00
 1.28281501e+00
 1.28392262e+00
 1.28425778e+00
 1.09999999e+00
 1.10033881e+00
 1.10136144e+00
 1.10312779e+00
 1.10578535e+00
 1.10943886e+00
 1.11400498e+00
 1.11935642e+00
 1.12543226e+00
 1.13215946e+00
 1.13946796e+00
 1.14728517e+00
 1.15553266e+00
 1.16413186e+00
 1.17300038e+00
 1.18205302e+00
 1.19120382e+00
 1.20036562e+00
 1.20945259e+00
 1.21837719e+00
 1.22705025e+00
 1.23538498e+00
 1.24329732e+00
 1.25070547e+00
 1.25753121e+00
 1.26369752e+00
 1.26912878e+00
 1.27374986e+00
 1.27748590e+00
 1.28027303e+00
 1.28209983e+00
 1.28306959e+00
 1.28336266e+00
 1.09999998e+00
 1.10037624e+00
 1.10150469e+00
 1.10340176e+00
 1.10612639e+00
 1.10974499e+00
 1.11424779e+00
 1.11956004e+00
 1.12560823e+00
 1.13231882e+00
 1.13961802e+00
 1.14743057e+00
 1.15567746e+00
 1.16427822e+00
 1.17314953e+00
 1.18220565e+00
 1.19135969e+00
 1.20052391e+00
 1.20961086e+00
 1.21853193e+00
 1.22719749e+00
 1.23551932e+00
 1.24341110e+00
 1.25078822e+00
 1.25756819e+00
 1.26366961e+00
 1.26901258e+00
 1.27352022e+00
 1.27712554e+00
 1.27979355e+00
 1.28155778e+00
 1.28252908e+00
 1.28283434e+00
 1.10000001e+00
 1.10039970e+00
 1.10159621e+00
 1.10358862e+00
 1.10639130e+00
 1.11003035e+00
 1.11451013e+00
 1.11979289e+00
 1.12581649e+00
 1.13250996e+00
 1.13979875e+00
 1.14760586e+00
 1.15585136e+00
 1.16445325e+00
 1.17332712e+00
 1.18238644e+00
 1.19154335e+00
 1.20070920e+00
 1.20979502e+00
 1.21871100e+00
 1.22736670e+00
 1.23567234e+00
 1.24353928e+00
 1.25088008e+00
 1.25760883e+00
 1.26364185e+00
 1.26890060e+00
 1.27331888e+00
 1.27685730e+00
 1.27952228e+00
 1.28136710e+00
 1.28245451e+00
 1.28281551e+00
 1.10000000e+00
 1.10041444e+00
 1.10165428e+00
 1.10371192e+00
 1.10658230e+00
 1.11026547e+00
 1.11475666e+00
 1.12003088e+00
 1.12604002e+00
 1.13272040e+00
 1.13999992e+00
 1.14780166e+00
 1.15604521e+00
 1.16464754e+00
 1.17352322e+00
 1.18258484e+00
 1.19174355e+00
 1.20090963e+00
 1.20999279e+00
 1.21890203e+00
 1.22754595e+00
 1.23583343e+00
 1.24367402e+00
 1.25097835e+00
 1.25765923e+00
 1.26363440e+00
 1.26883266e+00
 1.27320428e+00
 1.27673269e+00
 1.27943619e+00
 1.28134888e+00
 1.28249367e+00
 1.28287553e+00
 1.09999999e+00
 1.10042407e+00
 1.10169244e+00
 1.10379482e+00
 1.10671780e+00
 1.11044751e+00
 1.11496767e+00
 1.12025242e+00
 1.12626046e+00
 1.13293524e+00
 1.14020899e+00
 1.14800663e+00
 1.15624817e+00
 1.16485019e+00
 1.17372656e+00
 1.18278905e+00
 1.19194791e+00
 1.20111242e+00
 1.21019114e+00
 1.21909215e+00
 1.22772333e+00
 1.23599279e+00
 1.24380939e+00
 1.25108363e+00
 1.25772966e+00
 1.26366960e+00
 1.26884065e+00
 1.27320335e+00
 1.27674530e+00
 1.27947477e+00
 1.28140779e+00
 1.28255967e+00
 1.28294207e+00
 1.10000000e+00
 1.10043067e+00
 1.10171863e+00
 1.10385242e+00
 1.10681489e+00
 1.11058508e+00
 1.11513850e+00
 1.12044454e+00
 1.12646255e+00
 1.13313987e+00
 1.14041264e+00
 1.14820837e+00
 1.15644834e+00
 1.16504937e+00
 1.17392507e+00
 1.18298664e+00
 1.19214362e+00
 1.20130445e+00
 1.21037695e+00
 1.21926866e+00
 1.22788729e+00
 1.23614121e+00
 1.24394015e+00
 1.25119654e+00
 1.25782804e+00
 1.26376189e+00
 1.26894055e+00
 1.27332638e+00
 1.27690219e+00
 1.27966698e+00
 1.28162935e+00
 1.28280082e+00
 1.28319024e+00
 1.10000001e+00
 1.10043534e+00
 1.10173718e+00
 1.10389349e+00
 1.10688532e+00
 1.11068807e+00
 1.11527217e+00
 1.12060252e+00
 1.12663654e+00
 1.13332239e+00
 1.14059852e+00
 1.14839468e+00
 1.15663368e+00
 1.16523307e+00
 1.17410660e+00
 1.18316522e+00
 1.19231801e+00
 1.20147293e+00
 1.21053744e+00
 1.21941911e+00
 1.22802628e+00
 1.23626875e+00
 1.24405877e+00
 1.25131253e+00
 1.25795250e+00
 1.26391056e+00
 1.26913135e+00
 1.27357436e+00
 1.27721426e+00
 1.28003945e+00
 1.28204935e+00
 1.28325016e+00
 1.28364935e+00
 1.10000000e+00
 1.10043866e+00
 1.10175045e+00
 1.10392300e+00
 1.10693644e+00
 1.11076418e+00
 1.11537367e+00
 1.12072652e+00
 1.12677775e+00
 1.13347478e+00
 1.14075677e+00
 1.14855483e+00
 1.15679308e+00
 1.16538997e+00
 1.17425961e+00
 1.18331303e+00
 1.19245915e+00
 1.20160575e+00
 1.21066039e+00
 1.21953122e+00
 1.22812798e+00
 1.23636293e+00
 1.24415215e+00
 1.25141683e+00
 1.25808500e+00
 1.26409309e+00
 1.26938702e+00
 1.27392262e+00
 1.27766558e+00
 1.28059155e+00
 1.28268610e+00
 1.28394329e+00
 1.28436226e+00
 1.10000001e+00
 1.10044102e+00
 1.10175980e+00
 1.10394382e+00
 1.10697267e+00
 1.11081868e+00
 1.11544751e+00
 1.12081856e+00
 1.12688481e+00
 1.13359245e+00
 1.14088041e+00
 1.14868034e+00
 1.15691720e+00
 1.16551017e+00
 1.17437389e+00
 1.18341960e+00
 1.19255631e+00
 1.20169192e+00
 1.21073438e+00
 1.21959281e+00
 1.22817879e+00
 1.23640766e+00
 1.24419983e+00
 1.25148197e+00
 1.25818789e+00
 1.26425875e+00
 1.26964247e+00
 1.27429251e+00
 1.27816677e+00
 1.28122715e+00
 1.28344034e+00
 1.28477982e+00
 1.28522831e+00
 1.10000001e+00
 1.10044256e+00
 1.10176597e+00
 1.10395759e+00
 1.10699672e+00
 1.11085502e+00
 1.11549711e+00
 1.12088094e+00
 1.12695801e+00
 1.13367330e+00
 1.14096516e+00
 1.14876523e+00
 1.15699887e+00
 1.16558579e+00
 1.17444106e+00
 1.18347623e+00
 1.19260051e+00
 1.20172204e+00
 1.21074924e+00
 1.21959227e+00
 1.22816453e+00
 1.23638420e+00
 1.24417565e+00
 1.25147034e+00
 1.25820707e+00
 1.26433105e+00
 1.26979201e+00
 1.27454162e+00
 1.27853113e+00
 1.28171036e+00
 1.28402917e+00
 1.28544234e+00
 1.28591738e+00
 1.10000000e+00
 1.10044342e+00
 1.10176944e+00
 1.10396534e+00
 1.10701024e+00
 1.11087544e+00
 1.11552492e+00
 1.12091571e+00
 1.12699831e+00
 1.13371676e+00
 1.14100877e+00
 1.14880577e+00
 1.15703323e+00
 1.16561116e+00
 1.17445496e+00
 1.18347643e+00
 1.19258495e+00
 1.20168886e+00
 1.21069692e+00
 1.21951994e+00
 1.22807252e+00
 1.23627474e+00
 1.24405351e+00
 1.25134333e+00
 1.25808593e+00
 1.26422865e+00
 1.26972159e+00
 1.27451422e+00
 1.27855272e+00
 1.28177963e+00
 1.28413738e+00
 1.28557543e+00
 1.28605893e+00
 1.10000000e+00
 1.10044369e+00
 1.10177050e+00
 1.10396771e+00
 1.10701432e+00
 1.11088145e+00
 1.11553269e+00
 1.12092457e+00
 1.12700691e+00
 1.13372315e+00
 1.14101049e+00
 1.14880013e+00
 1.15701752e+00
 1.16558286e+00
 1.17441174e+00
 1.18341611e+00
 1.19250544e+00
 1.20158802e+00
 1.21057256e+00
 1.21936989e+00
 1.22789477e+00
 1.23606761e+00
 1.24381588e+00
 1.25107468e+00
 1.25778619e+00
 1.26389784e+00
 1.26935940e+00
 1.27411984e+00
 1.27812548e+00
 1.28132056e+00
 1.28365095e+00
 1.28507037e+00
 1.28554725e+00
 1.10000000e+00
 1.10044341e+00
 1.10176936e+00
 1.10396514e+00
 1.10700971e+00
 1.11087411e+00
 1.11552177e+00
 1.12090892e+00
 1.12698507e+00
 1.13369330e+00
 1.14097054e+00
 1.14874787e+00
 1.15695075e+00
 1.16549948e+00
 1.17430980e+00
 1.18329372e+00
 1.19236061e+00
 1.20141847e+00
 1.21037549e+00
 1.21914171e+00
 1.22763087e+00
 1.23576209e+00
 1.24346128e+00
 1.25066185e+00
 1.25730442e+00
 1.26333541e+00
 1.26870484e+00
 1.27336419e+00
 1.27726525e+00
 1.28036097e+00
 1.28260824e+00
 1.28397198e+00
 1.28442923e+00
 1.09999999e+00
 1.10044260e+00
 1.10176615e+00
 1.10395794e+00
 1.10699697e+00
 1.11085426e+00
 1.11549321e+00
 1.12087001e+00
 1.12693408e+00
 1.13362840e+00
 1.14088991e+00
 1.14864969e+00
 1.15683336e+00
 1.16536137e+00
 1.17414959e+00
 1.18311003e+00
 1.19215186e+00
 1.20118257e+00
 1.21010941e+00
 1.21884103e+00
 1.22728911e+00
 1.23537016e+00
 1.24300693e+00
 1.25012951e+00
 1.25667574e+00
 1.26259079e+00
 1.26782625e+00
 1.27233899e+00
 1.27609047e+00
 1.27904690e+00
 1.28118014e+00
 1.28246892e+00
 1.28290002e+00
 1.10000000e+00
 1.10044131e+00
 1.10176101e+00
 1.10394640e+00
 1.10697656e+00
 1.11082259e+00
 1.11544797e+00
 1.12080901e+00
 1.12685527e+00
 1.13352990e+00
 1.14077006e+00
 1.14850710e+00
 1.15666693e+00
 1.16517028e+00
 1.17393322e+00
 1.18286779e+00
 1.19188292e+00
 1.20088552e+00
 1.20978176e+00
 1.21847852e+00
 1.22688499e+00
 1.23491432e+00
 1.24248526e+00
 1.24952375e+00
 1.25596424e+00
 1.26175067e+00
 1.26683703e+00
 1.27118720e+00
 1.27477425e+00
 1.27757917e+00
 1.27958958e+00
 1.28079820e+00
 1.28120143e+00
 1.10000000e+00
 1.10043956e+00
 1.10175402e+00
 1.10393075e+00
 1.10694891e+00
 1.11077974e+00
 1.11538694e+00
 1.12072708e+00
 1.12675006e+00
 1.13339947e+00
 1.14061291e+00
 1.14832226e+00
 1.15645394e+00
 1.16492910e+00
 1.17366413e+00
 1.18257122e+00
 1.19155916e+00
 1.20053439e+00
 1.20940210e+00
 1.21806758e+00
 1.22643757e+00
 1.23442196e+00
 1.24193551e+00
 1.24889991e+00
 1.25524596e+00
 1.26091592e+00
 1.26586558e+00
 1.27006534e+00
 1.27349963e+00
 1.27616407e+00
 1.27806126e+00
 1.27919644e+00
 1.27957424e+00
 1.10000000e+00
 1.10043738e+00
 1.10174531e+00
 1.10391122e+00
 1.10691443e+00
 1.11072636e+00
 1.11531103e+00
 1.12062544e+00
 1.12662002e+00
 1.13323902e+00
 1.14042077e+00
 1.14809793e+00
 1.15619763e+00
 1.16464164e+00
 1.17334681e+00
 1.18222560e+00
 1.19118689e+00
 1.20013692e+00
 1.20898034e+00
 1.21762135e+00
 1.22596494e+00
 1.23391849e+00
 1.24139362e+00
 1.24830846e+00
 1.25459039e+00
 1.26017917e+00
 1.26503011e+00
 1.26911650e+00
 1.27243010e+00
 1.27497845e+00
 1.27677881e+00
 1.27784998e+00
 1.27820545e+00
 1.10000000e+00
 1.10043479e+00
 1.10173497e+00
 1.10388808e+00
 1.10687357e+00
 1.11066316e+00
 1.11522126e+00
 1.12050546e+00
 1.12646693e+00
 1.13305081e+00
 1.14019645e+00
 1.14783750e+00
 1.15590202e+00
 1.16431260e+00
 1.17298665e+00
 1.18183702e+00
 1.19077291e+00
 1.19970077e+00
 1.20852534e+00
 1.21715053e+00
 1.22548060e+00
 1.23342170e+00
 1.24088374e+00
 1.24778284e+00
 1.25404412e+00
 1.25960495e+00
 1.26441852e+00
 1.26845679e+00
 1.27171199e+00
 1.27419541e+00
 1.27593291e+00
 1.27695683e+00
 1.27729452e+00
 1.10000001e+00
 1.10043183e+00
 1.10172316e+00
 1.10386161e+00
 1.10682685e+00
 1.11059094e+00
 1.11511881e+00
 1.12036877e+00
 1.12629295e+00
 1.13283761e+00
 1.13994335e+00
 1.14754511e+00
 1.15557208e+00
 1.16394773e+00
 1.17259008e+00
 1.18141245e+00
 1.19032448e+00
 1.19923333e+00
 1.20804448e+00
 1.21666252e+00
 1.22499210e+00
 1.23293940e+00
 1.24041429e+00
 1.24733279e+00
 1.25361978e+00
 1.25921195e+00
 1.26406100e+00
 1.26813682e+00
 1.27142946e+00
 1.27394837e+00
 1.27571709e+00
 1.27676361e+00
 1.27710976e+00
 1.10000000e+00
 1.10042853e+00
 1.10171001e+00
 1.10383218e+00
 1.10677493e+00
 1.11051073e+00
 1.11500516e+00
 1.12021741e+00
 1.12610077e+00
 1.13260285e+00
 1.13966576e+00
 1.14722593e+00
 1.15521388e+00
 1.16355403e+00
 1.17216489e+00
 1.18096007e+00
 1.18984974e+00
 1.19874211e+00
 1.20754421e+00
 1.21616222e+00
 1.22450208e+00
 1.23247098e+00
 1.23997987e+00
 1.24694621e+00
 1.25329658e+00
 1.25896886e+00
 1.26391418e+00
 1.26809888e+00
 1.27150577e+00
 1.27413339e+00
 1.27599216e+00
 1.27709798e+00
 1.27746475e+00
 1.09999999e+00
 1.10042495e+00
 1.10169573e+00
 1.10380023e+00
 1.10671860e+00
 1.11042381e+00
 1.11488220e+00
 1.12005403e+00
 1.12589388e+00
 1.13235094e+00
 1.13936903e+00
 1.14688634e+00
 1.15483490e+00
 1.16314006e+00
 1.17172052e+00
 1.18048975e+00
 1.18935824e+00
 1.19823561e+00
 1.20703125e+00
 1.21565384e+00
 1.22401124e+00
 1.23201190e+00
 1.23956803e+00
 1.24659900e+00
 1.25303405e+00
 1.25881355e+00
 1.26388892e+00
 1.26822227e+00
 1.27178626e+00
 1.27456407e+00
 1.27654824e+00
 1.27773774e+00
 1.27813397e+00
 1.10000000e+00
 1.10042115e+00
 1.10168058e+00
 1.10376630e+00
 1.10665884e+00
 1.11033178e+00
 1.11475237e+00
 1.11988205e+00
 1.12567682e+00
 1.13208752e+00
 1.13905989e+00
 1.14653417e+00
 1.15444415e+00
 1.16271608e+00
 1.17126832e+00
 1.18001334e+00
 1.18886146e+00
 1.19772403e+00
 1.20651377e+00
 1.21514287e+00
 1.22352144e+00
 1.23155879e+00
 1.23916743e+00
 1.24626774e+00
 1.25279120e+00
 1.25868116e+00
 1.26389073e+00
 1.26837914e+00
 1.27210920e+00
 1.27504757e+00
 1.27716653e+00
 1.27844579e+00
 1.27887348e+00
 1.09999999e+00
 1.10041719e+00
 1.10166478e+00
 1.10373099e+00
 1.10659680e+00
 1.11023661e+00
 1.11461878e+00
 1.11970595e+00
 1.12545543e+00
 1.13181970e+00
 1.13874662e+00
 1.14617881e+00
 1.15405221e+00
 1.16229401e+00
 1.17082145e+00
 1.17954466e+00
 1.18837297e+00
 1.19721973e+00
 1.20600223e+00
 1.21463745e+00
 1.22303803e+00
 1.23111306e+00
 1.23877364e+00
 1.24593915e+00
 1.25254144e+00
 1.25852602e+00
 1.26384911e+00
 1.26847051e+00
 1.27234638e+00
 1.27542850e+00
 1.27767036e+00
 1.27903336e+00
 1.27949094e+00
 1.10000000e+00
 1.10041313e+00
 1.10164857e+00
 1.10369483e+00
 1.10653364e+00
 1.11014063e+00
 1.11448538e+00
 1.11953140e+00
 1.12523695e+00
 1.13155614e+00
 1.13843911e+00
 1.14583121e+00
 1.15367106e+00
 1.16188709e+00
 1.17039445e+00
 1.17909901e+00
 1.18790799e+00
 1.19673707e+00
 1.20550958e+00
 1.21414893e+00
 1.22257062e+00
 1.23068207e+00
 1.23839097e+00
 1.24561337e+00
 1.25227862e+00
 1.25833172e+00
 1.26373199e+00
 1.26844492e+00
 1.27242814e+00
 1.27562182e+00
 1.27795753e+00
 1.27937965e+00
 1.27985686e+00
 1.10000000e+00
 1.10040894e+00
 1.10163193e+00
 1.10365802e+00
 1.10647040e+00
 1.11004663e+00
 1.11435720e+00
 1.11936536e+00
 1.12502994e+00
 1.13130685e+00
 1.13814865e+00
 1.14550372e+00
 1.15331381e+00
 1.16150937e+00
 1.17000243e+00
 1.17869215e+00
 1.18748250e+00
 1.19629182e+00
 1.20505095e+00
 1.21369164e+00
 1.22213271e+00
 1.23027821e+00
 1.23803071e+00
 1.24530122e+00
 1.25201396e+00
 1.25810937e+00
 1.26354609e+00
 1.26829749e+00
 1.27233703e+00
 1.27561446e+00
 1.27804588e+00
 1.27954149e+00
 1.28004527e+00
 1.09999999e+00
 1.10040454e+00
 1.10161452e+00
 1.10362024e+00
 1.10640802e+00
 1.10995826e+00
 1.11424044e+00
 1.11921565e+00
 1.12484364e+00
 1.13108269e+00
 1.13788750e+00
 1.14520967e+00
 1.15299427e+00
 1.16117502e+00
 1.16966000e+00
 1.17833893e+00
 1.18711193e+00
 1.19590012e+00
 1.20464289e+00
 1.21328209e+00
 1.22174059e+00
 1.22991695e+00
 1.23770777e+00
 1.24501858e+00
 1.25176740e+00
 1.25788650e+00
 1.26332746e+00
 1.26806409e+00
 1.27208773e+00
 1.27538289e+00
 1.27788664e+00
 1.27947644e+00
 1.28002450e+00
 1.10000002e+00
 1.10039970e+00
 1.10159556e+00
 1.10358095e+00
 1.10634833e+00
 1.10988068e+00
 1.11414214e+00
 1.11909010e+00
 1.12468718e+00
 1.13089449e+00
 1.13766802e+00
 1.14496270e+00
 1.15272633e+00
 1.16089762e+00
 1.16938012e+00
 1.17805201e+00
 1.18680981e+00
 1.19557723e+00
 1.20430240e+00
 1.21293795e+00
 1.22141168e+00
 1.22961455e+00
 1.23743759e+00
 1.24478130e+00
 1.25155847e+00
 1.25769195e+00
 1.26312232e+00
 1.26781248e+00
 1.27175397e+00
 1.27495625e+00
 1.27740084e+00
 1.27898187e+00
 1.27953568e+00
 1.10000002e+00
 1.10039418e+00
 1.10157476e+00
 1.10354178e+00
 1.10629596e+00
 1.10982028e+00
 1.11406856e+00
 1.11899539e+00
 1.12456870e+00
 1.13075212e+00
 1.13750161e+00
 1.14477559e+00
 1.15252321e+00
 1.16068933e+00
 1.16917316e+00
 1.17784094e+00
 1.18658682e+00
 1.19533637e+00
 1.20404547e+00
 1.21267648e+00
 1.22116264e+00
 1.22938609e+00
 1.23723387e+00
 1.24460237e+00
 1.25140135e+00
 1.25754531e+00
 1.26296498e+00
 1.26760800e+00
 1.27145167e+00
 1.27450399e+00
 1.27677667e+00
 1.27823311e+00
 1.27874765e+00
 1.10000003e+00
 1.10038841e+00
 1.10155539e+00
 1.10351029e+00
 1.10625893e+00
 1.10978250e+00
 1.11402354e+00
 1.11893647e+00
 1.12449473e+00
 1.13066341e+00
 1.13739761e+00
 1.14465878e+00
 1.15239614e+00
 1.16056000e+00
 1.16904631e+00
 1.17771202e+00
 1.18645027e+00
 1.19518764e+00
 1.20388539e+00
 1.21251264e+00
 1.22100721e+00
 1.22924371e+00
 1.23710721e+00
 1.24449116e+00
 1.25130443e+00
 1.25745560e+00
 1.26286973e+00
 1.26748286e+00
 1.27125853e+00
 1.27419455e+00
 1.27630402e+00
 1.27759628e+00
 1.27804322e+00
 1.10000000e+00
 1.10038524e+00
 1.10154682e+00
 1.10349793e+00
 1.10624543e+00
 1.10976978e+00
 1.11400847e+00
 1.11891648e+00
 1.12446956e+00
 1.13063328e+00
 1.13736221e+00
 1.14461906e+00
 1.15235285e+00
 1.16051613e+00
 1.16900360e+00
 1.17766869e+00
 1.18640432e+00
 1.19513734e+00
 1.20383099e+00
 1.21245678e+00
 1.22095436e+00
 1.22919533e+00
 1.23706425e+00
 1.24445344e+00
 1.25127174e+00
 1.25742555e+00
 1.26283825e+00
 1.26744171e+00
 1.27119434e+00
 1.27408976e+00
 1.27613902e+00
 1.27735909e+00
 1.27776400e+00
