 1.62909800e+00
 1.62877751e+00
 1.62781924e+00
 1.62623240e+00
 1.62403167e+00
 1.62123606e+00
 1.61786789e+00
 1.61395364e+00
 1.60951714e+00
 1.60458407e+00
 1.59918879e+00
 1.59336970e+00
 1.58718224e+00
 1.58068149e+00
 1.57392431e+00
 1.56696513e+00
 1.55986864e+00
 1.55270415e+00
 1.54553699e+00
 1.53843165e+00
 1.53145040e+00
 1.52465081e+00
 1.51809013e+00
 1.51183730e+00
 1.50595761e+00
 1.50052476e+00
 1.49561385e+00
 1.49130103e+00
 1.48766038e+00
 1.48475635e+00
 1.48264203e+00
 1.48135708e+00
 1.48092600e+00
 1.62879939e+00
 1.62852390e+00
 1.62764270e+00
 1.62612074e+00
 1.62396636e+00
 1.62120232e+00
 1.61785611e+00
 1.61395742e+00
 1.60953247e+00
 1.60460843e+00
 1.59922011e+00
 1.59340664e+00
 1.58722290e+00
 1.58072412e+00
 1.57396715e+00
 1.56700697e+00
 1.55990813e+00
 1.55273966e+00
 1.54556699e+00
 1.53845460e+00
 1.53146475e+00
 1.52465524e+00
 1.51808374e+00
 1.51181840e+00
 1.50592436e+00
 1.50047374e+00
 1.49553906e+00
 1.49119129e+00
 1.48749522e+00
 1.48450204e+00
 1.48225413e+00
 1.48080326e+00
 1.48027314e+00
 1.62804939e+00
 1.62784530e+00
 1.62713781e+00
 1.62579077e+00
 1.62376854e+00
 1.62109690e+00
 1.61781566e+00
 1.61396351e+00
 1.60957325e+00
 1.60467628e+00
 1.59930886e+00
 1.59351208e+00
 1.58733950e+00
 1.58084667e+00
 1.57409050e+00
 1.56712740e+00
 1.56002158e+00
 1.55284138e+00
 1.54565245e+00
 1.53851927e+00
 1.53150413e+00
 1.52466547e+00
 1.51806198e+00
 1.51175983e+00
 1.50582338e+00
 1.50032034e+00
 1.49531555e+00
 1.49086525e+00
 1.48700859e+00
 1.48376385e+00
 1.48116014e+00
 1.47934261e+00
 1.47866012e+00
 1.62721506e+00
 1.62704959e+00
 1.62646892e+00
 1.62530382e+00
 1.62345285e+00
 1.62091579e+00
 1.61773534e+00
 1.61395828e+00
 1.60962510e+00
 1.60477274e+00
 1.59944005e+00
 1.59367046e+00
 1.58751639e+00
 1.58103358e+00
 1.57427929e+00
 1.56731160e+00
 1.56019448e+00
 1.55299539e+00
 1.54578024e+00
 1.53861362e+00
 1.53155796e+00
 1.52467273e+00
 1.51801770e+00
 1.51165676e+00
 1.50565246e+00
 1.50006633e+00
 1.49495240e+00
 1.49034856e+00
 1.48626851e+00
 1.48271581e+00
 1.47976824e+00
 1.47770988e+00
 1.47695651e+00
 1.62668256e+00
 1.62650599e+00
 1.62592455e+00
 1.62481919e+00
 1.62308246e+00
 1.62067331e+00
 1.61760792e+00
 1.61392547e+00
 1.60966792e+00
 1.60487581e+00
 1.59959066e+00
 1.59385786e+00
 1.58772925e+00
 1.58126061e+00
 1.57450974e+00
 1.56753623e+00
 1.56040404e+00
 1.55317989e+00
 1.54592992e+00
 1.53871899e+00
 1.53161001e+00
 1.52466371e+00
 1.51794082e+00
 1.51150348e+00
 1.50541203e+00
 1.49972260e+00
 1.49448165e+00
 1.48972084e+00
 1.48546303e+00
 1.48176122e+00
 1.47877266e+00
 1.47678071e+00
 1.47607562e+00
 1.62654866e+00
 1.62632160e+00
 1.62563623e+00
 1.62446252e+00
 1.62273785e+00
 1.62040335e+00
 1.61743709e+00
 1.61385232e+00
 1.60968051e+00
 1.60495993e+00
 1.59973254e+00
 1.59404457e+00
 1.58794750e+00
 1.58149697e+00
 1.57475133e+00
 1.56777135e+00
 1.56062115e+00
 1.55336710e+00
 1.54607559e+00
 1.53881201e+00
 1.53164018e+00
 1.52462236e+00
 1.51782040e+00
 1.51129603e+00
 1.50510889e+00
 1.49931451e+00
 1.49396309e+00
 1.48910500e+00
 1.48481218e+00
 1.48121169e+00
 1.47848717e+00
 1.47680539e+00
 1.47624148e+00
 1.62637162e+00
 1.62612834e+00
 1.62539847e+00
 1.62417499e+00
 1.62243183e+00
 1.62012809e+00
 1.61723073e+00
 1.61373113e+00
 1.60964408e+00
 1.60499940e+00
 1.59983573e+00
 1.59419808e+00
 1.58813709e+00
 1.58170797e+00
 1.57496937e+00
 1.56798283e+00
 1.56081276e+00
 1.55352558e+00
 1.54618812e+00
 1.53886668e+00
 1.53162649e+00
 1.52453177e+00
 1.51764631e+00
 1.51103355e+00
 1.50475601e+00
 1.49887575e+00
 1.49345841e+00
 1.48858421e+00
 1.48436281e+00
 1.48093212e+00
 1.47842100e+00
 1.47690321e+00
 1.47639733e+00
 1.62605139e+00
 1.62581113e+00
 1.62508547e+00
 1.62386156e+00
 1.62212045e+00
 1.61983732e+00
 1.61698691e+00
 1.61355439e+00
 1.60954244e+00
 1.60497061e+00
 1.59987125e+00
 1.59428595e+00
 1.58826340e+00
 1.58185782e+00
 1.57512770e+00
 1.56813494e+00
 1.56094432e+00
 1.55362261e+00
 1.54623742e+00
 1.53885640e+00
 1.53154677e+00
 1.52437544e+00
 1.51740945e+00
 1.51071647e+00
 1.50436573e+00
 1.49843053e+00
 1.49299352e+00
 1.48815234e+00
 1.48401784e+00
 1.48069717e+00
 1.47827260e+00
 1.47679689e+00
 1.47630128e+00
 1.62569646e+00
 1.62545462e+00
 1.62472644e+00
 1.62350321e+00
 1.62176965e+00
 1.61950568e+00
 1.61669068e+00
 1.61330973e+00
 1.60935972e+00
 1.60485225e+00
 1.59981275e+00
 1.59427800e+00
 1.58829363e+00
 1.58191213e+00
 1.57519125e+00
 1.56819288e+00
 1.56098212e+00
 1.55362634e+00
 1.54619431e+00
 1.53875547e+00
 1.53137968e+00
 1.52413738e+00
 1.51710021e+00
 1.51034196e+00
 1.50394031e+00
 1.49797931e+00
 1.49255179e+00
 1.48775812e+00
 1.48369821e+00
 1.48045927e+00
 1.47810678e+00
 1.47668207e+00
 1.47620533e+00
 1.62525401e+00
 1.62501398e+00
 1.62429065e+00
 1.62307487e+00
 1.62135273e+00
 1.61910721e+00
 1.61632078e+00
 1.61297971e+00
 1.60907874e+00
 1.60462455e+00
 1.59963688e+00
 1.59414754e+00
 1.58819849e+00
 1.58183984e+00
 1.57512812e+00
 1.56812480e+00
 1.56089521e+00
 1.55350752e+00
 1.54603192e+00
 1.53854010e+00
 1.53110506e+00
 1.52380146e+00
 1.51670625e+00
 1.50989986e+00
 1.50346748e+00
 1.49750010e+00
 1.49209346e+00
 1.48734363e+00
 1.48333926e+00
 1.48015399e+00
 1.47784260e+00
 1.47644169e+00
 1.47597240e+00
 1.62472772e+00
 1.62448887e+00
 1.62376933e+00
 1.62256050e+00
 1.62084921e+00
 1.61861959e+00
 1.61585574e+00
 1.61254496e+00
 1.60868132e+00
 1.60426881e+00
 1.59932311e+00
 1.59387175e+00
 1.58795306e+00
 1.58161450e+00
 1.57491096e+00
 1.56790324e+00
 1.56065679e+00
 1.55324063e+00
 1.54572659e+00
 1.53818885e+00
 1.53070385e+00
 1.52335061e+00
 1.51621133e+00
 1.50937214e+00
 1.50292346e+00
 1.49695920e+00
 1.49157399e+00
 1.48685818e+00
 1.48289215e+00
 1.47974201e+00
 1.47745793e+00
 1.47607435e+00
 1.47561102e+00
 1.62410579e+00
 1.62386783e+00
 1.62315101e+00
 1.62194693e+00
 1.62024304e+00
 1.61802447e+00
 1.61527640e+00
 1.61198690e+00
 1.60814987e+00
 1.60376781e+00
 1.59885370e+00
 1.59343179e+00
 1.58753720e+00
 1.58121479e+00
 1.57451773e+00
 1.56750598e+00
 1.56024499e+00
 1.55280462e+00
 1.54525838e+00
 1.53768297e+00
 1.53015818e+00
 1.52276707e+00
 1.51559626e+00
 1.50873604e+00
 1.50227967e+00
 1.49632153e+00
 1.49095376e+00
 1.48626200e+00
 1.48232132e+00
 1.47919356e+00
 1.47692626e+00
 1.47555275e+00
 1.47509273e+00
 1.62337892e+00
 1.62314093e+00
 1.62242424e+00
 1.62122105e+00
 1.61951960e+00
 1.61730594e+00
 1.61456618e+00
 1.61128910e+00
 1.60746867e+00
 1.60310656e+00
 1.59821399e+00
 1.59281279e+00
 1.58693550e+00
 1.58062473e+00
 1.57393198e+00
 1.56691634e+00
 1.55964321e+00
 1.55218321e+00
 1.54461141e+00
 1.53700679e+00
 1.52945209e+00
 1.52203371e+00
 1.51484155e+00
 1.50796848e+00
 1.50150897e+00
 1.49555674e+00
 1.49020149e+00
 1.48552547e+00
 1.48160051e+00
 1.47848616e+00
 1.47622873e+00
 1.47486118e+00
 1.47440315e+00
 1.62253266e+00
 1.62229390e+00
 1.62157508e+00
 1.62036898e+00
 1.61866477e+00
 1.61644962e+00
 1.61371074e+00
 1.61043768e+00
 1.60662469e+00
 1.60227303e+00
 1.59739276e+00
 1.59200401e+00
 1.58613736e+00
 1.57983359e+00
 1.57314280e+00
 1.56612328e+00
 1.55884033e+00
 1.55136520e+00
 1.54377426e+00
 1.53614842e+00
 1.52857272e+00
 1.52113600e+00
 1.51393034e+00
 1.50705002e+00
 1.50058975e+00
 1.49464225e+00
 1.48929531e+00
 1.48462902e+00
 1.48071336e+00
 1.47760669e+00
 1.47535482e+00
 1.47399057e+00
 1.47353364e+00
 1.62155314e+00
 1.62131277e+00
 1.62058941e+00
 1.61937668e+00
 1.61766493e+00
 1.61544259e+00
 1.61269805e+00
 1.60942172e+00
 1.60560830e+00
 1.60125889e+00
 1.59638286e+00
 1.59099920e+00
 1.58513710e+00
 1.57883597e+00
 1.57214484e+00
 1.56512134e+00
 1.55783070e+00
 1.55034463e+00
 1.54274049e+00
 1.53510059e+00
 1.52751159e+00
 1.52006394e+00
 1.51285095e+00
 1.50596746e+00
 1.49950800e+00
 1.49356431e+00
 1.48822286e+00
 1.48356235e+00
 1.47965177e+00
 1.47654890e+00
 1.47429947e+00
 1.47293648e+00
 1.47247992e+00
 1.62042334e+00
 1.62018089e+00
 1.61945164e+00
 1.61823004e+00
 1.61650762e+00
 1.61427416e+00
 1.61151921e+00
 1.60823410e+00
 1.60441406e+00
 1.60006029e+00
 1.59518184e+00
 1.58979701e+00
 1.58393416e+00
 1.57763181e+00
 1.57093825e+00
 1.56391070e+00
 1.55661430e+00
 1.54912109e+00
 1.54150908e+00
 1.53386145e+00
 1.52626585e+00
 1.51881355e+00
 1.51159836e+00
 1.50471521e+00
 1.49825816e+00
 1.49231820e+00
 1.48698090e+00
 1.48232422e+00
 1.47841672e+00
 1.47531609e+00
 1.47306812e+00
 1.47170597e+00
 1.47124968e+00
 1.61912908e+00
 1.61888458e+00
 1.61814936e+00
 1.61691853e+00
 1.61518456e+00
 1.61293829e+00
 1.61017034e+00
 1.60687295e+00
 1.60304193e+00
 1.59867881e+00
 1.59379265e+00
 1.58840156e+00
 1.58253350e+00
 1.57622661e+00
 1.56952883e+00
 1.56249718e+00
 1.55519681e+00
 1.54769992e+00
 1.54008485e+00
 1.53243520e+00
 1.52483898e+00
 1.51738766e+00
 1.51017504e+00
 1.50329570e+00
 1.49684317e+00
 1.49090780e+00
 1.48557460e+00
 1.48092117e+00
 1.47701592e+00
 1.47391662e+00
 1.47166929e+00
 1.47030734e+00
 1.46985108e+00
 1.61766747e+00
 1.61742111e+00
 1.61668047e+00
 1.61544106e+00
 1.61369598e+00
 1.61143680e+00
 1.60865494e+00
 1.60534337e+00
 1.60149853e+00
 1.59712242e+00
 1.59222445e+00
 1.58682291e+00
 1.58094591e+00
 1.57463164e+00
 1.56792812e+00
 1.56089242e+00
 1.55358974e+00
 1.54609238e+00
 1.53847872e+00
 1.53083236e+00
 1.52324114e+00
 1.51579624e+00
 1.50859097e+00
 1.50171929e+00
 1.49527407e+00
 1.48934512e+00
 1.48401705e+00
 1.47936736e+00
 1.47546457e+00
 1.47236674e+00
 1.47012020e+00
 1.46875866e+00
 1.46830253e+00
 1.61604745e+00
 1.61579957e+00
 1.61505442e+00
 1.61380764e+00
 1.61205258e+00
 1.60978120e+00
 1.60698540e+00
 1.60365869e+00
 1.59979810e+00
 1.59540621e+00
 1.59049303e+00
 1.58507746e+00
 1.57918823e+00
 1.57286409e+00
 1.56615349e+00
 1.55911383e+00
 1.55181047e+00
 1.54431570e+00
 1.53670773e+00
 1.52906977e+00
 1.52148912e+00
 1.51405617e+00
 1.50686336e+00
 1.50000375e+00
 1.49356942e+00
 1.48764960e+00
 1.48232863e+00
 1.47768398e+00
 1.47378442e+00
 1.47068836e+00
 1.46844259e+00
 1.46708126e+00
 1.46662515e+00
 1.61429169e+00
 1.61404251e+00
 1.61329344e+00
 1.61204014e+00
 1.61027597e+00
 1.60799301e+00
 1.60518334e+00
 1.60184076e+00
 1.59796275e+00
 1.59355253e+00
 1.58862096e+00
 1.58318797e+00
 1.57728339e+00
 1.57094699e+00
 1.56422808e+00
 1.55718460e+00
 1.54988214e+00
 1.54239294e+00
 1.53479484e+00
 1.52717039e+00
 1.51960594e+00
 1.51219077e+00
 1.50501602e+00
 1.49817355e+00
 1.49175446e+00
 1.48584734e+00
 1.48053627e+00
 1.47589884e+00
 1.47200413e+00
 1.46891108e+00
 1.46666701e+00
 1.46530653e+00
 1.46485068e+00
 1.61243130e+00
 1.61218097e+00
 1.61142844e+00
 1.61016926e+00
 1.60839663e+00
 1.60610247e+00
 1.60327876e+00
 1.59991936e+00
 1.59602203e+00
 1.59159068e+00
 1.58663729e+00
 1.58118329e+00
 1.57526012e+00
 1.56890908e+00
 1.56218063e+00
 1.55513346e+00
 1.54783347e+00
 1.54035274e+00
 1.53276860e+00
 1.52516273e+00
 1.51762027e+00
 1.51022899e+00
 1.50307840e+00
 1.49625882e+00
 1.48986006e+00
 1.48396992e+00
 1.47867226e+00
 1.47404482e+00
 1.47015714e+00
 1.46706869e+00
 1.46482733e+00
 1.46346818e+00
 1.46301271e+00
 1.61050473e+00
 1.61025339e+00
 1.60949772e+00
 1.60823302e+00
 1.60645223e+00
 1.60414693e+00
 1.60130870e+00
 1.59793110e+00
 1.59401199e+00
 1.58955604e+00
 1.58457677e+00
 1.57909768e+00
 1.57315245e+00
 1.56678430e+00
 1.56004512e+00
 1.55299444e+00
 1.54569841e+00
 1.53822893e+00
 1.53066269e+00
 1.52308034e+00
 1.51556561e+00
 1.50820454e+00
 1.50108465e+00
 1.49429427e+00
 1.48792154e+00
 1.48205321e+00
 1.47677279e+00
 1.47215836e+00
 1.46828016e+00
 1.46519843e+00
 1.46296163e+00
 1.46160520e+00
 1.46115065e+00
 1.60855492e+00
 1.60830250e+00
 1.60754363e+00
 1.60627364e+00
 1.60448513e+00
 1.60216894e+00
 1.59931569e+00
 1.59591808e+00
 1.59197386e+00
 1.58748880e+00
 1.58247869e+00
 1.57696992e+00
 1.57099894e+00
 1.56461128e+00
 1.55786033e+00
 1.55080639e+00
 1.54351579e+00
 1.53606010e+00
 1.52851530e+00
 1.52096099e+00
 1.51347944e+00
 1.50615479e+00
 1.49907235e+00
 1.49231797e+00
 1.48597754e+00
 1.48013621e+00
 1.47487689e+00
 1.47027806e+00
 1.46641087e+00
 1.46333656e+00
 1.46110440e+00
 1.45975045e+00
 1.45929667e+00
 1.60662251e+00
 1.60636954e+00
 1.60560885e+00
 1.60433530e+00
 1.60254084e+00
 1.60021503e+00
 1.59734653e+00
 1.59392643e+00
 1.58995245e+00
 1.58543240e+00
 1.58038556e+00
 1.57484213e+00
 1.56884189e+00
 1.56243267e+00
 1.55566925e+00
 1.54861249e+00
 1.54132867e+00
 1.53388893e+00
 1.52636852e+00
 1.51884600e+00
 1.51140229e+00
 1.50411971e+00
 1.49708122e+00
 1.49036988e+00
 1.48406862e+00
 1.47826004e+00
 1.47302579e+00
 1.46844464e+00
 1.46458930e+00
 1.46152279e+00
 1.45929565e+00
 1.45794452e+00
 1.45749166e+00
 1.60475221e+00
 1.60449889e+00
 1.60373770e+00
 1.60246387e+00
 1.60066772e+00
 1.59833530e+00
 1.59545133e+00
 1.59200466e+00
 1.58799412e+00
 1.58343159e+00
 1.57834153e+00
 1.57275877e+00
 1.56672644e+00
 1.56029440e+00
 1.55351841e+00
 1.54645951e+00
 1.53918371e+00
 1.53176153e+00
 1.52426751e+00
 1.51677935e+00
 1.50937683e+00
 1.50214071e+00
 1.49515181e+00
 1.48849033e+00
 1.48223564e+00
 1.47646657e+00
 1.47126196e+00
 1.46670007e+00
 1.46285556e+00
 1.45979462e+00
 1.45757058e+00
 1.45622144e+00
 1.45576935e+00
 1.60297470e+00
 1.60272508e+00
 1.60197272e+00
 1.60070853e+00
 1.59891871e+00
 1.59658357e+00
 1.59368180e+00
 1.59020082e+00
 1.58614399e+00
 1.58153042e+00
 1.57639114e+00
 1.57076564e+00
 1.56469979e+00
 1.55824485e+00
 1.55145692e+00
 1.54439686e+00
 1.53713006e+00
 1.52972634e+00
 1.52225958e+00
 1.51480682e+00
 1.50744703e+00
 1.50025981e+00
 1.49332432e+00
 1.48671834e+00
 1.48051766e+00
 1.47479631e+00
 1.46962797e+00
 1.46508783e+00
 1.46125193e+00
 1.45819121e+00
 1.45596341e+00
 1.45460975e+00
 1.45415560e+00
 1.60137526e+00
 1.60112530e+00
 1.60037672e+00
 1.59912600e+00
 1.59735136e+00
 1.59501545e+00
 1.59208717e+00
 1.58855831e+00
 1.58444319e+00
 1.57977080e+00
 1.57457851e+00
 1.56890919e+00
 1.56281036e+00
 1.55633376e+00
 1.54953530e+00
 1.54247520e+00
 1.53521806e+00
 1.52783288e+00
 1.52039293e+00
 1.51297488e+00
 1.50565722e+00
 1.49851884e+00
 1.49163782e+00
 1.48509043e+00
 1.47894980e+00
 1.47328527e+00
 1.46816345e+00
 1.46365170e+00
 1.45982313e+00
 1.45675619e+00
 1.45452192e+00
 1.45316755e+00
 1.45271433e+00
 1.59987432e+00
 1.59964389e+00
 1.59894959e+00
 1.59776418e+00
 1.59602772e+00
 1.59368263e+00
 1.59070653e+00
 1.58711138e+00
 1.58292743e+00
 1.57819227e+00
 1.57294700e+00
 1.56723581e+00
 1.56110660e+00
 1.55461084e+00
 1.54780376e+00
 1.54074474e+00
 1.53349747e+00
 1.52612999e+00
 1.51871509e+00
 1.51132934e+00
 1.50405106e+00
 1.49695875e+00
 1.49012990e+00
 1.48364038e+00
 1.47756214e+00
 1.47196174e+00
 1.46689961e+00
 1.46243165e+00
 1.45861628e+00
 1.45552571e+00
 1.45324624e+00
 1.45185356e+00
 1.45138654e+00
 1.59859917e+00
 1.59842320e+00
 1.59784410e+00
 1.59674391e+00
 1.59501555e+00
 1.59261671e+00
 1.58956086e+00
 1.58588446e+00
 1.58162820e+00
 1.57683260e+00
 1.57153892e+00
 1.56579066e+00
 1.55963540e+00
 1.55312384e+00
 1.54631026e+00
 1.53925319e+00
 1.53201540e+00
 1.52466388e+00
 1.51727105e+00
 1.50991368e+00
 1.50267006e+00
 1.49561862e+00
 1.48883635e+00
 1.48239967e+00
 1.47638067e+00
 1.47084575e+00
 1.46585332e+00
 1.46145193e+00
 1.45768223e+00
 1.45458976e+00
 1.45224956e+00
 1.45077258e+00
 1.45026546e+00
 1.59801815e+00
 1.59785692e+00
 1.59728891e+00
 1.59614433e+00
 1.59431962e+00
 1.59181070e+00
 1.58865551e+00
 1.58489715e+00
 1.58057533e+00
 1.57572793e+00
 1.57039419e+00
 1.56461578e+00
 1.55843990e+00
 1.55191629e+00
 1.54509826e+00
 1.53804354e+00
 1.53081418e+00
 1.52347604e+00
 1.51610127e+00
 1.50876716e+00
 1.50155188e+00
 1.49453421e+00
 1.48779015e+00
 1.48139762e+00
 1.47542922e+00
 1.46995293e+00
 1.46502910e+00
 1.46070749e+00
 1.45702448e+00
 1.45400725e+00
 1.45170231e+00
 1.45021825e+00
 1.44970053e+00
 1.59805023e+00
 1.59785328e+00
 1.59716669e+00
 1.59585218e+00
 1.59386984e+00
 1.59123952e+00
 1.58799467e+00
 1.58416968e+00
 1.57979741e+00
 1.57491122e+00
 1.56954813e+00
 1.56374767e+00
 1.55755711e+00
 1.55102516e+00
 1.54420438e+00
 1.53715187e+00
 1.52992920e+00
 1.52260117e+00
 1.51523972e+00
 1.50792285e+00
 1.50072845e+00
 1.49373600e+00
 1.48702000e+00
 1.48066042e+00
 1.47472999e+00
 1.46929878e+00
 1.46443018e+00
 1.46017937e+00
 1.45659046e+00
 1.45369343e+00
 1.45151679e+00
 1.45012191e+00
 1.44963104e+00
 1.59831687e+00
 1.59805046e+00
 1.59719558e+00
 1.59571374e+00
 1.59360758e+00
 1.59089280e+00
 1.58758947e+00
 1.58372258e+00
 1.57931926e+00
 1.57440936e+00
 1.56902858e+00
 1.56321472e+00
 1.55701547e+00
 1.55047868e+00
 1.54365646e+00
 1.53660551e+00
 1.52938716e+00
 1.52206542e+00
 1.51471208e+00
 1.50740582e+00
 1.50022414e+00
 1.49324735e+00
 1.48654830e+00
 1.48020902e+00
 1.47430185e+00
 1.46889852e+00
 1.46406457e+00
 1.45985955e+00
 1.45633600e+00
 1.45353308e+00
 1.45148220e+00
 1.45021316e+00
 1.44977417e+00
 1.59845400e+00
 1.59814341e+00
 1.59721338e+00
 1.59566922e+00
 1.59351949e+00
 1.59077578e+00
 1.58745257e+00
 1.58357159e+00
 1.57915786e+00
 1.57424002e+00
 1.56885336e+00
 1.56303501e+00
 1.55683288e+00
 1.55029451e+00
 1.54347184e+00
 1.53642146e+00
 1.52920460e+00
 1.52188500e+00
 1.51453438e+00
 1.50723171e+00
 1.50005428e+00
 1.49308281e+00
 1.48638942e+00
 1.48005699e+00
 1.47415762e+00
 1.46876368e+00
 1.46394139e+00
 1.45975186e+00
 1.45625073e+00
 1.45348093e+00
 1.45147689e+00
 1.45026404e+00
 1.44985800e+00
