 1.10000000e+00
 1.10000001e+00
 1.09999999e+00
 1.10000000e+00
 1.10000000e+00
 1.10000000e+00
 1.10000000e+00
 1.10000002e+00
 1.10000000e+00
 1.10000000e+00
 1.10000001e+00
 1.10000001e+00
 1.09999999e+00
 1.09999998e+00
 1.10000001e+00
 1.10000001e+00
 1.10000000e+00
 1.10000000e+00
 1.10000000e+00
 1.09999999e+00
 1.10000000e+00
 1.10000000e+00
 1.10000000e+00
 1.10000000e+00
 1.10000000e+00
 1.10000000e+00
 1.10000000e+00
 1.10000000e+00
 1.10000000e+00
 1.10000000e+00
 1.10000000e+00
 1.10000000e+00
 1.10000000e+00
 1.09996242e+00
 1.10003990e+00
 1.10017026e+00
 1.10027622e+00
 1.10034793e+00
 1.10039334e+00
 1.10042241e+00
 1.10044194e+00
 1.10045580e+00
 1.10046621e+00
 1.10047436e+00
 1.10048094e+00
 1.10048639e+00
 1.10049101e+00
 1.10049500e+00
 1.10049841e+00
 1.10050130e+00
 1.10050369e+00
 1.10050556e+00
 1.10050686e+00
 1.10050754e+00
 1.10050750e+00
 1.10050664e+00
 1.10050487e+00
 1.10050206e+00
 1.10049797e+00
 1.10049229e+00
 1.10048432e+00
 1.10047278e+00
 1.10045573e+00
 1.10043159e+00
 1.10040262e+00
 1.10038562e+00
 1.10011409e+00
 1.10031153e+00
 1.10073126e+00
 1.10112014e+00
 1.10139469e+00
 1.10157199e+00
 1.10168653e+00
 1.10176387e+00
 1.10181904e+00
 1.10186046e+00
 1.10189289e+00
 1.10191913e+00
 1.10194093e+00
 1.10195939e+00
 1.10197523e+00
 1.10198883e+00
 1.10200037e+00
 1.10200993e+00
 1.10201739e+00
 1.10202259e+00
 1.10202526e+00
 1.10202510e+00
 1.10202172e+00
 1.10201468e+00
 1.10200345e+00
 1.10198723e+00
 1.10196467e+00
 1.10193316e+00
 1.10188797e+00
 1.10182241e+00
 1.10173345e+00
 1.10163961e+00
 1.10159586e+00
 1.10111955e+00
 1.10137472e+00
 1.10198896e+00
 1.10265582e+00
 1.10318199e+00
 1.10354481e+00
 1.10378854e+00
 1.10395684e+00
 1.10407841e+00
 1.10417029e+00
 1.10424248e+00
 1.10430105e+00
 1.10434976e+00
 1.10439107e+00
 1.10442650e+00
 1.10445694e+00
 1.10448281e+00
 1.10450422e+00
 1.10452096e+00
 1.10453263e+00
 1.10453866e+00
 1.10453835e+00
 1.10453085e+00
 1.10451523e+00
 1.10449030e+00
 1.10445445e+00
 1.10440500e+00
 1.10433722e+00
 1.10424341e+00
 1.10411573e+00
 1.10396057e+00
 1.10382077e+00
 1.10376321e+00
 1.10367303e+00
 1.10389426e+00
 1.10446698e+00
 1.10518039e+00
 1.10583932e+00
 1.10635683e+00
 1.10673650e+00
 1.10701296e+00
 1.10721879e+00
 1.10737699e+00
 1.10750249e+00
 1.10760488e+00
 1.10769036e+00
 1.10776301e+00
 1.10782542e+00
 1.10787911e+00
 1.10792481e+00
 1.10796265e+00
 1.10799230e+00
 1.10801304e+00
 1.10802387e+00
 1.10802357e+00
 1.10801073e+00
 1.10798375e+00
 1.10794081e+00
 1.10787959e+00
 1.10779688e+00
 1.10768820e+00
 1.10754914e+00
 1.10738201e+00
 1.10720824e+00
 1.10707194e+00
 1.10701983e+00
 1.10793287e+00
 1.10804860e+00
 1.10839208e+00
 1.10891759e+00
 1.10951787e+00
 1.11008275e+00
 1.11055555e+00
 1.11093063e+00
 1.11122478e+00
 1.11145788e+00
 1.11164619e+00
 1.11180153e+00
 1.11193214e+00
 1.11204367e+00
 1.11213979e+00
 1.11222269e+00
 1.11229343e+00
 1.11235216e+00
 1.11239833e+00
 1.11243084e+00
 1.11244818e+00
 1.11244853e+00
 1.11242986e+00
 1.11239000e+00
 1.11232671e+00
 1.11223783e+00
 1.11212168e+00
 1.11197848e+00
 1.11181420e+00
 1.11164599e+00
 1.11150187e+00
 1.11140810e+00
 1.11137636e+00
 1.11306556e+00
 1.11313997e+00
 1.11336701e+00
 1.11374372e+00
 1.11423289e+00
 1.11476401e+00
 1.11526910e+00
 1.11571077e+00
 1.11608108e+00
 1.11638751e+00
 1.11664192e+00
 1.11685549e+00
 1.11703716e+00
 1.11719350e+00
 1.11732901e+00
 1.11744643e+00
 1.11754703e+00
 1.11763091e+00
 1.11769724e+00
 1.11774448e+00
 1.11777056e+00
 1.11777307e+00
 1.11774944e+00
 1.11769717e+00
 1.11761423e+00
 1.11749981e+00
 1.11735574e+00
 1.11718893e+00
 1.11701405e+00
 1.11685291e+00
 1.11672727e+00
 1.11664996e+00
 1.11662421e+00
 1.11886316e+00
 1.11893303e+00
 1.11913740e+00
 1.11946253e+00
 1.11988578e+00
 1.12037044e+00
 1.12086980e+00
 1.12134316e+00
 1.12176737e+00
 1.12213609e+00
 1.12245289e+00
 1.12272513e+00
 1.12296049e+00
 1.12316538e+00
 1.12334453e+00
 1.12350084e+00
 1.12363559e+00
 1.12374870e+00
 1.12383896e+00
 1.12390433e+00
 1.12394220e+00
 1.12394967e+00
 1.12392384e+00
 1.12386229e+00
 1.12376384e+00
 1.12362980e+00
 1.12346566e+00
 1.12328277e+00
 1.12309813e+00
 1.12293117e+00
 1.12279901e+00
 1.12271426e+00
 1.12268504e+00
 1.12549855e+00
 1.12555672e+00
 1.12573000e+00
 1.12601225e+00
 1.12638842e+00
 1.12683318e+00
 1.12731336e+00
 1.12779471e+00
 1.12825043e+00
 1.12866550e+00
 1.12903536e+00
 1.12936198e+00
 1.12965008e+00
 1.12990472e+00
 1.13012999e+00
 1.13032845e+00
 1.13050107e+00
 1.13064731e+00
 1.13076548e+00
 1.13085301e+00
 1.13090681e+00
 1.13092366e+00
 1.13090063e+00
 1.13083578e+00
 1.13072913e+00
 1.13058397e+00
 1.13040823e+00
 1.13021498e+00
 1.13002128e+00
 1.12984573e+00
 1.12970576e+00
 1.12961559e+00
 1.12958447e+00
 1.13283954e+00
 1.13289356e+00
 1.13305329e+00
 1.13331188e+00
 1.13365746e+00
 1.13407198e+00
 1.13453140e+00
 1.13500873e+00
 1.13547923e+00
 1.13592486e+00
 1.13633583e+00
 1.13670915e+00
 1.13704599e+00
 1.13734912e+00
 1.13762126e+00
 1.13786402e+00
 1.13807759e+00
 1.13826075e+00
 1.13841113e+00
 1.13852560e+00
 1.13860066e+00
 1.13863300e+00
 1.13861997e+00
 1.13856039e+00
 1.13845548e+00
 1.13830994e+00
 1.13813283e+00
 1.13793764e+00
 1.13774128e+00
 1.13756232e+00
 1.13741875e+00
 1.13732574e+00
 1.13729353e+00
 1.14084732e+00
 1.14089752e+00
 1.14104618e+00
 1.14128742e+00
 1.14161106e+00
 1.14200246e+00
 1.14244286e+00
 1.14291086e+00
 1.14338530e+00
 1.14384860e+00
 1.14428881e+00
 1.14469970e+00
 1.14507928e+00
 1.14542783e+00
 1.14574615e+00
 1.14603440e+00
 1.14629157e+00
 1.14651540e+00
 1.14670266e+00
 1.14684958e+00
 1.14695237e+00
 1.14700780e+00
 1.14701377e+00
 1.14697001e+00
 1.14687886e+00
 1.14674595e+00
 1.14658067e+00
 1.14639619e+00
 1.14620885e+00
 1.14603682e+00
 1.14589810e+00
 1.14580801e+00
 1.14577679e+00
 1.14944534e+00
 1.14949237e+00
 1.14963183e+00
 1.14985870e+00
 1.15016429e+00
 1.15053623e+00
 1.15095889e+00
 1.15141468e+00
 1.15188591e+00
 1.15235700e+00
 1.15281606e+00
 1.15325547e+00
 1.15367113e+00
 1.15406109e+00
 1.15442410e+00
 1.15475852e+00
 1.15506173e+00
 1.15533011e+00
 1.15555932e+00
 1.15574485e+00
 1.15588263e+00
 1.15596967e+00
 1.15600460e+00
 1.15598827e+00
 1.15592411e+00
 1.15581852e+00
 1.15568094e+00
 1.15552364e+00
 1.15536134e+00
 1.15521032e+00
 1.15508709e+00
 1.15500625e+00
 1.15497806e+00
 1.15853912e+00
 1.15858410e+00
 1.15871732e+00
 1.15893364e+00
 1.15922471e+00
 1.15957935e+00
 1.15998423e+00
 1.16042494e+00
 1.16088717e+00
 1.16135805e+00
 1.16182720e+00
 1.16228706e+00
 1.16273249e+00
 1.16315990e+00
 1.16356607e+00
 1.16394737e+00
 1.16429925e+00
 1.16461639e+00
 1.16489304e+00
 1.16512377e+00
 1.16530416e+00
 1.16543147e+00
 1.16550520e+00
 1.16552743e+00
 1.16550290e+00
 1.16543898e+00
 1.16534526e+00
 1.16523317e+00
 1.16511534e+00
 1.16500490e+00
 1.16491452e+00
 1.16485516e+00
 1.16483445e+00
 1.16804864e+00
 1.16809160e+00
 1.16821852e+00
 1.16842391e+00
 1.16869937e+00
 1.16903461e+00
 1.16941833e+00
 1.16983908e+00
 1.17028599e+00
 1.17074936e+00
 1.17122106e+00
 1.17169456e+00
 1.17216456e+00
 1.17262632e+00
 1.17307485e+00
 1.17350440e+00
 1.17390824e+00
 1.17427894e+00
 1.17460901e+00
 1.17489177e+00
 1.17512221e+00
 1.17529775e+00
 1.17541870e+00
 1.17548838e+00
 1.17551300e+00
 1.17550104e+00
 1.17546254e+00
 1.17540821e+00
 1.17534847e+00
 1.17529263e+00
 1.17524807e+00
 1.17521967e+00
 1.17520997e+00
 1.17789431e+00
 1.17793380e+00
 1.17805038e+00
 1.17823881e+00
 1.17849146e+00
 1.17879950e+00
 1.17915407e+00
 1.17954695e+00
 1.17997082e+00
 1.18041937e+00
 1.18088707e+00
 1.18136890e+00
 1.18185985e+00
 1.18235440e+00
 1.18284591e+00
 1.18332640e+00
 1.18378661e+00
 1.18421661e+00
 1.18460669e+00
 1.18494846e+00
 1.18523593e+00
 1.18546632e+00
 1.18564046e+00
 1.18576274e+00
 1.18584064e+00
 1.18588369e+00
 1.18590226e+00
 1.18590611e+00
 1.18590309e+00
 1.18589840e+00
 1.18589458e+00
 1.18589232e+00
 1.18589160e+00
 1.18797733e+00
 1.18801110e+00
 1.18811092e+00
 1.18827275e+00
 1.18849106e+00
 1.18875995e+00
 1.18907410e+00
 1.18942913e+00
 1.18982154e+00
 1.19024840e+00
 1.19070685e+00
 1.19119351e+00
 1.19170388e+00
 1.19223177e+00
 1.19276891e+00
 1.19330489e+00
 1.19382756e+00
 1.19432394e+00
 1.19478151e+00
 1.19518957e+00
 1.19554055e+00
 1.19583094e+00
 1.19606156e+00
 1.19623743e+00
 1.19636686e+00
 1.19646014e+00
 1.19652793e+00
 1.19657947e+00
 1.19662122e+00
 1.19665616e+00
 1.19668400e+00
 1.19670246e+00
 1.19670898e+00
 1.19817102e+00
 1.19819635e+00
 1.19827182e+00
 1.19839615e+00
 1.19856772e+00
 1.19878522e+00
 1.19904798e+00
 1.19935604e+00
 1.19970989e+00
 1.20011001e+00
 1.20055616e+00
 1.20104661e+00
 1.20157743e+00
 1.20214181e+00
 1.20272976e+00
 1.20332816e+00
 1.20392149e+00
 1.20449311e+00
 1.20502694e+00
 1.20550923e+00
 1.20593012e+00
 1.20628465e+00
 1.20657308e+00
 1.20680040e+00
 1.20697530e+00
 1.20710852e+00
 1.20721102e+00
 1.20729216e+00
 1.20735832e+00
 1.20741225e+00
 1.20745355e+00
 1.20747993e+00
 1.20748904e+00
 1.20830719e+00
 1.20832263e+00
 1.20836976e+00
 1.20845077e+00
 1.20856899e+00
 1.20872850e+00
 1.20893395e+00
 1.20919028e+00
 1.20950229e+00
 1.20987399e+00
 1.21030791e+00
 1.21080411e+00
 1.21135935e+00
 1.21196628e+00
 1.21261306e+00
 1.21328354e+00
 1.21395828e+00
 1.21461621e+00
 1.21523682e+00
 1.21580247e+00
 1.21630021e+00
 1.21672299e+00
 1.21706989e+00
 1.21734547e+00
 1.21755844e+00
 1.21771988e+00
 1.21784133e+00
 1.21793309e+00
 1.21800298e+00
 1.21805582e+00
 1.21809367e+00
 1.21811673e+00
 1.21812452e+00
 1.21820109e+00
 1.21820745e+00
 1.21822820e+00
 1.21826825e+00
 1.21833513e+00
 1.21843817e+00
 1.21858754e+00
 1.21879342e+00
 1.21906524e+00
 1.21941095e+00
 1.21983618e+00
 1.22034322e+00
 1.22092984e+00
 1.22158830e+00
 1.22230486e+00
 1.22306000e+00
 1.22382967e+00
 1.22458749e+00
 1.22530757e+00
 1.22596739e+00
 1.22655017e+00
 1.22704617e+00
 1.22745298e+00
 1.22777458e+00
 1.22801978e+00
 1.22820030e+00
 1.22832879e+00
 1.22841734e+00
 1.22847641e+00
 1.22851443e+00
 1.22853762e+00
 1.22855007e+00
 1.22855400e+00
 1.22769953e+00
 1.22769774e+00
 1.22769498e+00
 1.22769866e+00
 1.22772011e+00
 1.22777323e+00
 1.22787310e+00
 1.22803475e+00
 1.22827226e+00
 1.22859786e+00
 1.22902090e+00
 1.22954647e+00
 1.23017391e+00
 1.23089546e+00
 1.23169546e+00
 1.23255063e+00
 1.23343156e+00
 1.23430551e+00
 1.23514006e+00
 1.23590682e+00
 1.23658441e+00
 1.23716006e+00
 1.23762979e+00
 1.23799728e+00
 1.23827201e+00
 1.23846705e+00
 1.23859703e+00
 1.23867661e+00
 1.23871942e+00
 1.23873765e+00
 1.23874179e+00
 1.23874038e+00
 1.23873922e+00
 1.23666841e+00
 1.23666009e+00
 1.23663849e+00
 1.23661319e+00
 1.23659854e+00
 1.23661192e+00
 1.23667224e+00
 1.23679873e+00
 1.23701007e+00
 1.23732326e+00
 1.23775212e+00
 1.23830541e+00
 1.23898474e+00
 1.23978275e+00
 1.24068197e+00
 1.24165494e+00
 1.24266599e+00
 1.24367477e+00
 1.24464102e+00
 1.24552934e+00
 1.24631305e+00
 1.24697614e+00
 1.24751332e+00
 1.24792860e+00
 1.24823299e+00
 1.24844195e+00
 1.24857320e+00
 1.24864499e+00
 1.24867494e+00
 1.24867919e+00
 1.24867149e+00
 1.24866241e+00
 1.24865862e+00
 1.24499926e+00
 1.24498710e+00
 1.24495424e+00
 1.24491093e+00
 1.24487258e+00
 1.24485828e+00
 1.24488967e+00
 1.24498995e+00
 1.24518284e+00
 1.24549094e+00
 1.24593349e+00
 1.24652380e+00
 1.24726651e+00
 1.24815517e+00
 1.24917061e+00
 1.25028079e+00
 1.25144277e+00
 1.25260708e+00
 1.25372397e+00
 1.25474980e+00
 1.25565190e+00
 1.25641096e+00
 1.25702086e+00
 1.25748678e+00
 1.25782228e+00
 1.25804628e+00
 1.25818030e+00
 1.25824651e+00
 1.25826634e+00
 1.25825939e+00
 1.25824220e+00
 1.25822703e+00
 1.25822118e+00
 1.25263546e+00
 1.25262211e+00
 1.25258501e+00
 1.25253301e+00
 1.25248044e+00
 1.25244666e+00
 1.25245556e+00
 1.25253477e+00
 1.25271389e+00
 1.25302198e+00
 1.25348449e+00
 1.25412000e+00
 1.25493680e+00
 1.25592986e+00
 1.25707856e+00
 1.25834596e+00
 1.25968068e+00
 1.26102230e+00
 1.26230963e+00
 1.26348930e+00
 1.26452200e+00
 1.26538524e+00
 1.26607278e+00
 1.26659188e+00
 1.26695968e+00
 1.26719956e+00
 1.26733767e+00
 1.26740016e+00
 1.26741138e+00
 1.26739311e+00
 1.26736426e+00
 1.26734014e+00
 1.26733090e+00
 1.25957291e+00
 1.25955862e+00
 1.25951801e+00
 1.25945805e+00
 1.25939120e+00
 1.25933681e+00
 1.25932172e+00
 1.25937903e+00
 1.25954497e+00
 1.25985531e+00
 1.26034183e+00
 1.26102873e+00
 1.26192844e+00
 1.26303788e+00
 1.26433542e+00
 1.26577920e+00
 1.26730821e+00
 1.26884876e+00
 1.27032585e+00
 1.27167473e+00
 1.27284889e+00
 1.27382304e+00
 1.27459167e+00
 1.27516509e+00
 1.27556491e+00
 1.27581984e+00
 1.27596192e+00
 1.27602281e+00
 1.27603082e+00
 1.27600951e+00
 1.27597810e+00
 1.27595197e+00
 1.27594192e+00
 1.26582235e+00
 1.26580583e+00
 1.26575708e+00
 1.26568052e+00
 1.26558805e+00
 1.26550170e+00
 1.26545378e+00
 1.26548404e+00
 1.26563491e+00
 1.26594776e+00
 1.26646020e+00
 1.26720227e+00
 1.26819097e+00
 1.26942556e+00
 1.27088427e+00
 1.27252095e+00
 1.27426385e+00
 1.27602312e+00
 1.27770707e+00
 1.27923792e+00
 1.28056158e+00
 1.28165060e+00
 1.28250144e+00
 1.28312848e+00
 1.28355819e+00
 1.28382471e+00
 1.28396644e+00
 1.28402242e+00
 1.28402774e+00
 1.28400963e+00
 1.28398644e+00
 1.28396907e+00
 1.28396279e+00
 1.27140124e+00
 1.27137593e+00
 1.27130278e+00
 1.27118966e+00
 1.27105160e+00
 1.27091653e+00
 1.27082539e+00
 1.27082445e+00
 1.27095926e+00
 1.27127426e+00
 1.27181260e+00
 1.27261103e+00
 1.27369142e+00
 1.27505535e+00
 1.27668224e+00
 1.27852365e+00
 1.28049615e+00
 1.28248995e+00
 1.28439347e+00
 1.28611458e+00
 1.28759139e+00
 1.28879537e+00
 1.28972661e+00
 1.29040478e+00
 1.29086131e+00
 1.29113460e+00
 1.29126754e+00
 1.29130579e+00
 1.29129338e+00
 1.29126492e+00
 1.29123955e+00
 1.29122362e+00
 1.29121825e+00
 1.27624966e+00
 1.27621822e+00
 1.27612093e+00
 1.27595845e+00
 1.27575398e+00
 1.27555581e+00
 1.27541871e+00
 1.27538980e+00
 1.27551099e+00
 1.27582751e+00
 1.27638964e+00
 1.27724306e+00
 1.27841432e+00
 1.27990601e+00
 1.28170067e+00
 1.28375168e+00
 1.28596343e+00
 1.28820092e+00
 1.29032977e+00
 1.29224308e+00
 1.29387103e+00
 1.29518531e+00
 1.29619186e+00
 1.29691705e+00
 1.29739770e+00
 1.29767509e+00
 1.29779273e+00
 1.29779755e+00
 1.29774029e+00
 1.29766980e+00
 1.29761922e+00
 1.29759584e+00
 1.29759014e+00
 1.28048293e+00
 1.28042186e+00
 1.28024008e+00
 1.27996392e+00
 1.27965914e+00
 1.27939853e+00
 1.27923114e+00
 1.27918751e+00
 1.27930003e+00
 1.27961603e+00
 1.28019742e+00
 1.28110223e+00
 1.28236025e+00
 1.28397179e+00
 1.28592459e+00
 1.28818108e+00
 1.29063324e+00
 1.29311393e+00
 1.29546415e+00
 1.29756371e+00
 1.29933431e+00
 1.30074909e+00
 1.30182258e+00
 1.30258915e+00
 1.30309176e+00
 1.30337469e+00
 1.30347943e+00
 1.30344713e+00
 1.30332329e+00
 1.30316127e+00
 1.30301687e+00
 1.30292751e+00
 1.30289925e+00
 1.28398059e+00
 1.28385002e+00
 1.28351309e+00
 1.28309709e+00
 1.28272169e+00
 1.28244588e+00
 1.28228298e+00
 1.28224147e+00
 1.28234889e+00
 1.28266002e+00
 1.28325402e+00
 1.28420497e+00
 1.28554279e+00
 1.28726003e+00
 1.28935155e+00
 1.29179879e+00
 1.29448149e+00
 1.29719206e+00
 1.29974769e+00
 1.30201872e+00
 1.30391676e+00
 1.30541753e+00
 1.30654697e+00
 1.30734774e+00
 1.30786964e+00
 1.30816177e+00
 1.30826413e+00
 1.30821126e+00
 1.30803722e+00
 1.30778131e+00
 1.30750175e+00
 1.30728055e+00
 1.30719594e+00
 1.28623476e+00
 1.28607863e+00
 1.28570191e+00
 1.28529060e+00
 1.28496371e+00
 1.28474137e+00
 1.28461261e+00
 1.28458273e+00
 1.28468521e+00
 1.28498608e+00
 1.28558547e+00
 1.28657596e+00
 1.28798351e+00
 1.28978717e+00
 1.29198960e+00
 1.29460152e+00
 1.29749098e+00
 1.30040300e+00
 1.30313497e+00
 1.30555351e+00
 1.30755756e+00
 1.30912622e+00
 1.31029918e+00
 1.31112606e+00
 1.31166319e+00
 1.31196686e+00
 1.31207720e+00
 1.31202624e+00
 1.31184572e+00
 1.31156752e+00
 1.31123853e+00
 1.31095442e+00
 1.31084005e+00
 1.28734358e+00
 1.28721870e+00
 1.28694887e+00
 1.28668797e+00
 1.28648857e+00
 1.28634660e+00
 1.28625692e+00
 1.28623831e+00
 1.28633462e+00
 1.28662206e+00
 1.28722123e+00
 1.28824297e+00
 1.28970605e+00
 1.29157331e+00
 1.29385411e+00
 1.29659359e+00
 1.29964953e+00
 1.30271907e+00
 1.30558619e+00
 1.30811915e+00
 1.31020262e+00
 1.31181929e+00
 1.31302303e+00
 1.31386788e+00
 1.31441516e+00
 1.31472974e+00
 1.31485221e+00
 1.31481443e+00
 1.31465418e+00
 1.31441326e+00
 1.31413422e+00
 1.31388405e+00
 1.31377723e+00
 1.28773244e+00
 1.28767806e+00
 1.28757702e+00
 1.28747639e+00
 1.28738407e+00
 1.28730151e+00
 1.28723791e+00
 1.28722579e+00
 1.28731653e+00
 1.28759238e+00
 1.28818905e+00
 1.28923130e+00
 1.29073070e+00
 1.29263675e+00
 1.29496301e+00
 1.29778342e+00
 1.30094845e+00
 1.30411834e+00
 1.30707015e+00
 1.30967606e+00
 1.31180861e+00
 1.31345343e+00
 1.31467545e+00
 1.31553069e+00
 1.31608329e+00
 1.31640549e+00
 1.31653788e+00
 1.31651212e+00
 1.31637157e+00
 1.31617150e+00
 1.31596409e+00
 1.31579663e+00
 1.31572529e+00
 1.28780800e+00
 1.28780001e+00
 1.28777584e+00
 1.28773561e+00
 1.28768131e+00
 1.28761924e+00
 1.28756426e+00
 1.28755408e+00
 1.28764255e+00
 1.28791383e+00
 1.28850918e+00
 1.28955863e+00
 1.29107073e+00
 1.29298980e+00
 1.29533078e+00
 1.29817896e+00
 1.30138210e+00
 1.30458645e+00
 1.30756706e+00
 1.31019809e+00
 1.31234722e+00
 1.31400126e+00
 1.31522935e+00
 1.31608797e+00
 1.31664213e+00
 1.31696707e+00
 1.31710320e+00
 1.31708200e+00
 1.31694865e+00
 1.31676374e+00
 1.31658448e+00
 1.31645695e+00
 1.31641100e+00
