 1.27776400e+00
 1.27816792e+00
 1.27936634e+00
 1.28132004e+00
 1.28396639e+00
 1.28722340e+00
 1.29099405e+00
 1.29516748e+00
 1.29963318e+00
 1.30429798e+00
 1.30907347e+00
 1.31390142e+00
 1.31878331e+00
 1.32383193e+00
 1.32918911e+00
 1.33488688e+00
 1.34087107e+00
 1.34707141e+00
 1.35336130e+00
 1.35955970e+00
 1.36551995e+00
 1.37109931e+00
 1.37620737e+00
 1.38080659e+00
 1.38493434e+00
 1.38864557e+00
 1.39195845e+00
 1.39486264e+00
 1.39732553e+00
 1.39930581e+00
 1.40075978e+00
 1.40164943e+00
 1.40194900e+00
 1.27791627e+00
 1.27827688e+00
 1.27939895e+00
 1.28128548e+00
 1.28388178e+00
 1.28710422e+00
 1.29085205e+00
 1.29501217e+00
 1.29947266e+00
 1.30413822e+00
 1.30892061e+00
 1.31376164e+00
 1.31866250e+00
 1.32372997e+00
 1.32909867e+00
 1.33480048e+00
 1.34078362e+00
 1.34697724e+00
 1.35325584e+00
 1.35944280e+00
 1.36539205e+00
 1.37096410e+00
 1.37606982e+00
 1.38067330e+00
 1.38480945e+00
 1.38853017e+00
 1.39185378e+00
 1.39477182e+00
 1.39725640e+00
 1.39927302e+00
 1.40078419e+00
 1.40174752e+00
 1.40209194e+00
 1.27824155e+00
 1.27853036e+00
 1.27947601e+00
 1.28117916e+00
 1.28363176e+00
 1.28675272e+00
 1.29043302e+00
 1.29455331e+00
 1.29899741e+00
 1.30366465e+00
 1.30846660e+00
 1.31334506e+00
 1.31829949e+00
 1.32342019e+00
 1.32882226e+00
 1.33453621e+00
 1.34051630e+00
 1.34669063e+00
 1.35293716e+00
 1.35909101e+00
 1.36500893e+00
 1.37055998e+00
 1.37565913e+00
 1.38027409e+00
 1.38443331e+00
 1.38818063e+00
 1.39153455e+00
 1.39449208e+00
 1.39703821e+00
 1.39915582e+00
 1.40081709e+00
 1.40193996e+00
 1.40235128e+00
 1.27840231e+00
 1.27864527e+00
 1.27944673e+00
 1.28094609e+00
 1.28320574e+00
 1.28617674e+00
 1.28975236e+00
 1.29380869e+00
 1.29822451e+00
 1.30289284e+00
 1.30772395e+00
 1.31265898e+00
 1.31769268e+00
 1.32289225e+00
 1.32834586e+00
 1.33407985e+00
 1.34005526e+00
 1.34620011e+00
 1.35239851e+00
 1.35850126e+00
 1.36437178e+00
 1.36989074e+00
 1.37497977e+00
 1.37961004e+00
 1.38380114e+00
 1.38758637e+00
 1.39098345e+00
 1.39399591e+00
 1.39662181e+00
 1.39885434e+00
 1.40064856e+00
 1.40186387e+00
 1.40230096e+00
 1.27802097e+00
 1.27826107e+00
 1.27902843e+00
 1.28042773e+00
 1.28253974e+00
 1.28536269e+00
 1.28881996e+00
 1.29279800e+00
 1.29717621e+00
 1.30184401e+00
 1.30670986e+00
 1.31171301e+00
 1.31684005e+00
 1.32213270e+00
 1.32765019e+00
 1.33341085e+00
 1.33938058e+00
 1.34548926e+00
 1.35162944e+00
 1.35766869e+00
 1.36348117e+00
 1.36896033e+00
 1.37403575e+00
 1.37868031e+00
 1.38290392e+00
 1.38672849e+00
 1.39016791e+00
 1.39322617e+00
 1.39589852e+00
 1.39815954e+00
 1.39993426e+00
 1.40109080e+00
 1.40149523e+00
 1.27693258e+00
 1.27720730e+00
 1.27804034e+00
 1.27946587e+00
 1.28153383e+00
 1.28426665e+00
 1.28762832e+00
 1.29153310e+00
 1.29587267e+00
 1.30053952e+00
 1.30544205e+00
 1.31051676e+00
 1.31573987e+00
 1.32112864e+00
 1.32671507e+00
 1.33250639e+00
 1.33847015e+00
 1.34453964e+00
 1.35061725e+00
 1.35658680e+00
 1.36233581e+00
 1.36777038e+00
 1.37282763e+00
 1.37748008e+00
 1.38172781e+00
 1.38558056e+00
 1.38904306e+00
 1.39210839e+00
 1.39475093e+00
 1.39691584e+00
 1.39852304e+00
 1.39950315e+00
 1.39983007e+00
 1.27539717e+00
 1.27568911e+00
 1.27656759e+00
 1.27804235e+00
 1.28013043e+00
 1.28284198e+00
 1.28615674e+00
 1.29001452e+00
 1.29432671e+00
 1.29899626e+00
 1.30393534e+00
 1.30907847e+00
 1.31439141e+00
 1.31987024e+00
 1.32552348e+00
 1.33134580e+00
 1.33730344e+00
 1.34333364e+00
 1.34934885e+00
 1.35524778e+00
 1.36093184e+00
 1.36631865e+00
 1.37135132e+00
 1.37600026e+00
 1.38025572e+00
 1.38411455e+00
 1.38756829e+00
 1.39059509e+00
 1.39315482e+00
 1.39519347e+00
 1.39666311e+00
 1.39754272e+00
 1.39783451e+00
 1.27345747e+00
 1.27376040e+00
 1.27467162e+00
 1.27619538e+00
 1.27833191e+00
 1.28107224e+00
 1.28439089e+00
 1.28823884e+00
 1.29254468e+00
 1.29722537e+00
 1.30220052e+00
 1.30740481e+00
 1.31279560e+00
 1.31835219e+00
 1.32406416e+00
 1.32991395e+00
 1.33586466e+00
 1.34185699e+00
 1.34781264e+00
 1.35364333e+00
 1.35926314e+00
 1.36459937e+00
 1.36959918e+00
 1.37422979e+00
 1.37847215e+00
 1.38231110e+00
 1.38572654e+00
 1.38868889e+00
 1.39116111e+00
 1.39310847e+00
 1.39450857e+00
 1.39535147e+00
 1.39563294e+00
 1.27106719e+00
 1.27139165e+00
 1.27236047e+00
 1.27396124e+00
 1.27617567e+00
 1.27897961e+00
 1.28234014e+00
 1.28621147e+00
 1.29053334e+00
 1.29523534e+00
 1.30024591e+00
 1.30550205e+00
 1.31095577e+00
 1.31657426e+00
 1.32233273e+00
 1.32820306e+00
 1.33414456e+00
 1.34010048e+00
 1.34600021e+00
 1.35176619e+00
 1.35732299e+00
 1.36260544e+00
 1.36756310e+00
 1.37215984e+00
 1.37636891e+00
 1.38016628e+00
 1.38352557e+00
 1.38641713e+00
 1.38881192e+00
 1.39068725e+00
 1.39202987e+00
 1.39283509e+00
 1.39310321e+00
 1.26842154e+00
 1.26876457e+00
 1.26978459e+00
 1.27145741e+00
 1.27375012e+00
 1.27662562e+00
 1.28004308e+00
 1.28395545e+00
 1.28830757e+00
 1.29303738e+00
 1.29808080e+00
 1.30337805e+00
 1.30887850e+00
 1.31454139e+00
 1.32033172e+00
 1.32621311e+00
 1.33214126e+00
 1.33806102e+00
 1.34390769e+00
 1.34961198e+00
 1.35510651e+00
 1.36033159e+00
 1.36523822e+00
 1.36978757e+00
 1.37394775e+00
 1.37768995e+00
 1.38098623e+00
 1.38381026e+00
 1.38614008e+00
 1.38796054e+00
 1.38926353e+00
 1.39004591e+00
 1.39030676e+00
 1.26572985e+00
 1.26607964e+00
 1.26712052e+00
 1.26882842e+00
 1.27116729e+00
 1.27409339e+00
 1.27755835e+00
 1.28151023e+00
 1.28589350e+00
 1.29064953e+00
 1.29571882e+00
 1.30104434e+00
 1.30657448e+00
 1.31226364e+00
 1.31807003e+00
 1.32395125e+00
 1.32986001e+00
 1.33574203e+00
 1.34153680e+00
 1.34718102e+00
 1.35261314e+00
 1.35777736e+00
 1.36262571e+00
 1.36711789e+00
 1.37121945e+00
 1.37490006e+00
 1.37813282e+00
 1.38089508e+00
 1.38316971e+00
 1.38494551e+00
 1.38621630e+00
 1.38697935e+00
 1.38723375e+00
 1.26302761e+00
 1.26337847e+00
 1.26442407e+00
 1.26614335e+00
 1.26850172e+00
 1.27145355e+00
 1.27494598e+00
 1.27892260e+00
 1.28332560e+00
 1.28809691e+00
 1.29317920e+00
 1.29851716e+00
 1.30405886e+00
 1.30975589e+00
 1.31556207e+00
 1.32143082e+00
 1.32731258e+00
 1.33315339e+00
 1.33889551e+00
 1.34447973e+00
 1.34984856e+00
 1.35494898e+00
 1.35973407e+00
 1.36416319e+00
 1.36820136e+00
 1.37181860e+00
 1.37498988e+00
 1.37769546e+00
 1.37992114e+00
 1.38165780e+00
 1.38290037e+00
 1.38364649e+00
 1.38389526e+00
 1.26029440e+00
 1.26064795e+00
 1.26170069e+00
 1.26342952e+00
 1.26579798e+00
 1.26875899e+00
 1.27225842e+00
 1.27623866e+00
 1.28064137e+00
 1.28540906e+00
 1.29048568e+00
 1.29581701e+00
 1.30135092e+00
 1.30703723e+00
 1.31282686e+00
 1.31867037e+00
 1.32451640e+00
 1.33031101e+00
 1.33599811e+00
 1.34152119e+00
 1.34682547e+00
 1.35186002e+00
 1.35657905e+00
 1.36094244e+00
 1.36491579e+00
 1.36847032e+00
 1.37158288e+00
 1.37423592e+00
 1.37641716e+00
 1.37811874e+00
 1.37933618e+00
 1.38006726e+00
 1.38031103e+00
 1.25762002e+00
 1.25797393e+00
 1.25902688e+00
 1.26075359e+00
 1.26311525e+00
 1.26606345e+00
 1.26954409e+00
 1.27350070e+00
 1.27787653e+00
 1.28261573e+00
 1.28766365e+00
 1.29296679e+00
 1.29847273e+00
 1.30412988e+00
 1.30988704e+00
 1.31569258e+00
 1.32149373e+00
 1.32723626e+00
 1.33286499e+00
 1.33832507e+00
 1.34356356e+00
 1.34853109e+00
 1.35318304e+00
 1.35748025e+00
 1.36138936e+00
 1.36488297e+00
 1.36793956e+00
 1.37054325e+00
 1.37268309e+00
 1.37435212e+00
 1.37554627e+00
 1.37626340e+00
 1.37650253e+00
 1.25510951e+00
 1.25545790e+00
 1.25649420e+00
 1.25819313e+00
 1.26051644e+00
 1.26341720e+00
 1.26684376e+00
 1.27074264e+00
 1.27506009e+00
 1.27974256e+00
 1.28473677e+00
 1.28998949e+00
 1.29544762e+00
 1.30105812e+00
 1.30676789e+00
 1.31252348e+00
 1.31827082e+00
 1.32395523e+00
 1.32952192e+00
 1.33491700e+00
 1.34008877e+00
 1.34498905e+00
 1.34957429e+00
 1.35380636e+00
 1.35765299e+00
 1.36108804e+00
 1.36409128e+00
 1.36664803e+00
 1.36874837e+00
 1.37038611e+00
 1.37155770e+00
 1.37226127e+00
 1.37249589e+00
 1.25281278e+00
 1.25314802e+00
 1.25414612e+00
 1.25578516e+00
 1.25803162e+00
 1.26084411e+00
 1.26417682e+00
 1.26798158e+00
 1.27220871e+00
 1.27680706e+00
 1.28172410e+00
 1.28690615e+00
 1.29229882e+00
 1.29784730e+00
 1.30349664e+00
 1.30919172e+00
 1.31487726e+00
 1.32049802e+00
 1.32599930e+00
 1.33132774e+00
 1.33643245e+00
 1.34126613e+00
 1.34578610e+00
 1.34995515e+00
 1.35374198e+00
 1.35712141e+00
 1.36007419e+00
 1.36258649e+00
 1.36464905e+00
 1.36625628e+00
 1.36740525e+00
 1.36809479e+00
 1.36832464e+00
 1.25069437e+00
 1.25101032e+00
 1.25195216e+00
 1.25350302e+00
 1.25563781e+00
 1.25832551e+00
 1.26153020e+00
 1.26521122e+00
 1.26932328e+00
 1.27381689e+00
 1.27863927e+00
 1.28373541e+00
 1.28904909e+00
 1.29452360e+00
 1.30010218e+00
 1.30572824e+00
 1.31134548e+00
 1.31689813e+00
 1.32233141e+00
 1.32759227e+00
 1.33263034e+00
 1.33739894e+00
 1.34185606e+00
 1.34596515e+00
 1.34969565e+00
 1.35302314e+00
 1.35592917e+00
 1.35840062e+00
 1.36042894e+00
 1.36200908e+00
 1.36313853e+00
 1.36381633e+00
 1.36404226e+00
 1.24866396e+00
 1.24895310e+00
 1.24981892e+00
 1.25125610e+00
 1.25325438e+00
 1.25579676e+00
 1.25885797e+00
 1.26240384e+00
 1.26639186e+00
 1.27077278e+00
 1.27549272e+00
 1.28049501e+00
 1.28572169e+00
 1.29111445e+00
 1.29661517e+00
 1.30216619e+00
 1.30771049e+00
 1.31319193e+00
 1.31855571e+00
 1.32374898e+00
 1.32872173e+00
 1.33342769e+00
 1.33782525e+00
 1.34187829e+00
 1.34555668e+00
 1.34883653e+00
 1.35169994e+00
 1.35413442e+00
 1.35613200e+00
 1.35768811e+00
 1.35880045e+00
 1.35946807e+00
 1.35969063e+00
 1.24646080e+00
 1.24672623e+00
 1.24752520e+00
 1.24886337e+00
 1.25074388e+00
 1.25316143e+00
 1.25609869e+00
 1.25952565e+00
 1.26340131e+00
 1.26767652e+00
 1.27229686e+00
 1.27720499e+00
 1.28234225e+00
 1.28764970e+00
 1.29306867e+00
 1.29854111e+00
 1.30400973e+00
 1.30941838e+00
 1.31471234e+00
 1.31983902e+00
 1.32474868e+00
 1.32939529e+00
 1.33373746e+00
 1.33773918e+00
 1.34137044e+00
 1.34460748e+00
 1.34743263e+00
 1.34983375e+00
 1.35180327e+00
 1.35333702e+00
 1.35443308e+00
 1.35509077e+00
 1.35531000e+00
 1.24385005e+00
 1.24410669e+00
 1.24487982e+00
 1.24617666e+00
 1.24800255e+00
 1.25035460e+00
 1.25321772e+00
 1.25656390e+00
 1.26035411e+00
 1.26454107e+00
 1.26907206e+00
 1.27389115e+00
 1.27894073e+00
 1.28416260e+00
 1.28949861e+00
 1.29489108e+00
 1.30028306e+00
 1.30561871e+00
 1.31084368e+00
 1.31590570e+00
 1.32075531e+00
 1.32534668e+00
 1.32963842e+00
 1.33359440e+00
 1.33718436e+00
 1.34038423e+00
 1.34317619e+00
 1.34554807e+00
 1.34749257e+00
 1.34900600e+00
 1.35008703e+00
 1.35073550e+00
 1.35095163e+00
 1.24085628e+00
 1.24111898e+00
 1.24190741e+00
 1.24322125e+00
 1.24505673e+00
 1.24740353e+00
 1.25024287e+00
 1.25354687e+00
 1.25727917e+00
 1.26139639e+00
 1.26584976e+00
 1.27058673e+00
 1.27555234e+00
 1.28069034e+00
 1.28594402e+00
 1.29125678e+00
 1.29657256e+00
 1.30183621e+00
 1.30699395e+00
 1.31199400e+00
 1.31678726e+00
 1.32132807e+00
 1.32557499e+00
 1.32949157e+00
 1.33304699e+00
 1.33621653e+00
 1.33898169e+00
 1.34132992e+00
 1.34325379e+00
 1.34474993e+00
 1.34581762e+00
 1.34645757e+00
 1.34667075e+00
 1.23772552e+00
 1.23800069e+00
 1.23882187e+00
 1.24017717e+00
 1.24204942e+00
 1.24441758e+00
 1.24725687e+00
 1.25053829e+00
 1.25422798e+00
 1.25828691e+00
 1.26267093e+00
 1.26733154e+00
 1.27221701e+00
 1.27727363e+00
 1.28244668e+00
 1.28768117e+00
 1.29292228e+00
 1.29811583e+00
 1.30320885e+00
 1.30815017e+00
 1.31289114e+00
 1.31738638e+00
 1.32159441e+00
 1.32547840e+00
 1.32900680e+00
 1.33215394e+00
 1.33490030e+00
 1.33723246e+00
 1.33914255e+00
 1.34062722e+00
 1.34168618e+00
 1.34232066e+00
 1.34253197e+00
 1.23475642e+00
 1.23503780e+00
 1.23587597e+00
 1.23725391e+00
 1.23914647e+00
 1.24152416e+00
 1.24435640e+00
 1.24761239e+00
 1.25125988e+00
 1.25526307e+00
 1.25958129e+00
 1.26416918e+00
 1.26897772e+00
 1.27395565e+00
 1.27905042e+00
 1.28420889e+00
 1.28937771e+00
 1.29450385e+00
 1.29953521e+00
 1.30442134e+00
 1.30911420e+00
 1.31356877e+00
 1.31774369e+00
 1.32160183e+00
 1.32511092e+00
 1.32824414e+00
 1.33098063e+00
 1.33330568e+00
 1.33521039e+00
 1.33669078e+00
 1.33774634e+00
 1.33837850e+00
 1.33858898e+00
 1.23206717e+00
 1.23235003e+00
 1.23319107e+00
 1.23456927e+00
 1.23645465e+00
 1.23881423e+00
 1.24161637e+00
 1.24483124e+00
 1.24842829e+00
 1.25237324e+00
 1.25662657e+00
 1.26114416e+00
 1.26587864e+00
 1.27078076e+00
 1.27580013e+00
 1.28088554e+00
 1.28598521e+00
 1.29104727e+00
 1.29602050e+00
 1.30085518e+00
 1.30550395e+00
 1.30992234e+00
 1.31406932e+00
 1.31790767e+00
 1.32140450e+00
 1.32453186e+00
 1.32726730e+00
 1.32959439e+00
 1.33150268e+00
 1.33298700e+00
 1.33404608e+00
 1.33468072e+00
 1.33489210e+00
 1.22973089e+00
 1.23000901e+00
 1.23083431e+00
 1.23218340e+00
 1.23402660e+00
 1.23633438e+00
 1.23907980e+00
 1.24223665e+00
 1.24577530e+00
 1.24966016e+00
 1.25385005e+00
 1.25830011e+00
 1.26296368e+00
 1.26779328e+00
 1.27274072e+00
 1.27775680e+00
 1.28279125e+00
 1.28779325e+00
 1.29271232e+00
 1.29749941e+00
 1.30210787e+00
 1.30649396e+00
 1.31061720e+00
 1.31444056e+00
 1.31793081e+00
 1.32105897e+00
 1.32380093e+00
 1.32613809e+00
 1.32805771e+00
 1.32955263e+00
 1.33062007e+00
 1.33125992e+00
 1.33147305e+00
 1.22777889e+00
 1.22804023e+00
 1.22881938e+00
 1.23010176e+00
 1.23186642e+00
 1.23409302e+00
 1.23676323e+00
 1.23985433e+00
 1.24333410e+00
 1.24716183e+00
 1.25129225e+00
 1.25567880e+00
 1.26027536e+00
 1.26503641e+00
 1.26991617e+00
 1.27486752e+00
 1.27984157e+00
 1.28478827e+00
 1.28965767e+00
 1.29440121e+00
 1.29897294e+00
 1.30332998e+00
 1.30743261e+00
 1.31124427e+00
 1.31473173e+00
 1.31786527e+00
 1.32061927e+00
 1.32297277e+00
 1.32491014e+00
 1.32642142e+00
 1.32750183e+00
 1.32815005e+00
 1.32836609e+00
 1.22609288e+00
 1.22633975e+00
 1.22707254e+00
 1.22827582e+00
 1.22994259e+00
 1.23207575e+00
 1.23467104e+00
 1.23770444e+00
 1.24113494e+00
 1.24491379e+00
 1.24899123e+00
 1.25331959e+00
 1.25785392e+00
 1.26255126e+00
 1.26736856e+00
 1.27226082e+00
 1.27718023e+00
 1.28207721e+00
 1.28690203e+00
 1.29160637e+00
 1.29614489e+00
 1.30047569e+00
 1.30455997e+00
 1.30836184e+00
 1.31184833e+00
 1.31498941e+00
 1.31775831e+00
 1.32013212e+00
 1.32209221e+00
 1.32362474e+00
 1.32472132e+00
 1.32537896e+00
 1.32559799e+00
 1.22474058e+00
 1.22495440e+00
 1.22559336e+00
 1.22666907e+00
 1.22821787e+00
 1.23026868e+00
 1.23281354e+00
 1.23581192e+00
 1.23920933e+00
 1.24295007e+00
 1.24698220e+00
 1.25125858e+00
 1.25573642e+00
 1.26037595e+00
 1.26513716e+00
 1.26997709e+00
 1.27484863e+00
 1.27970226e+00
 1.28448824e+00
 1.28915813e+00
 1.29366714e+00
 1.29797445e+00
 1.30204218e+00
 1.30583515e+00
 1.30932097e+00
 1.31246952e+00
 1.31525329e+00
 1.31764805e+00
 1.31963340e+00
 1.32119272e+00
 1.32231306e+00
 1.32298660e+00
 1.32321107e+00
 1.22361718e+00
 1.22376431e+00
 1.22425265e+00
 1.22518795e+00
 1.22665818e+00
 1.22868179e+00
 1.23121938e+00
 1.23420937e+00
 1.23758923e+00
 1.24130180e+00
 1.24529624e+00
 1.24952762e+00
 1.25395581e+00
 1.25854479e+00
 1.26325756e+00
 1.26805307e+00
 1.27288438e+00
 1.27770171e+00
 1.28245523e+00
 1.28709597e+00
 1.29157954e+00
 1.29586634e+00
 1.29991937e+00
 1.30370399e+00
 1.30718861e+00
 1.31034313e+00
 1.31313944e+00
 1.31555206e+00
 1.31755956e+00
 1.31914486e+00
 1.32029294e+00
 1.32098952e+00
 1.32122320e+00
 1.22228148e+00
 1.22240405e+00
 1.22285286e+00
 1.22378810e+00
 1.22529772e+00
 1.22736572e+00
 1.22993184e+00
 1.23293071e+00
 1.23630288e+00
 1.23999491e+00
 1.24395907e+00
 1.24815339e+00
 1.25254021e+00
 1.25708747e+00
 1.26176075e+00
 1.26652077e+00
 1.27132022e+00
 1.27610884e+00
 1.28083681e+00
 1.28545418e+00
 1.28991693e+00
 1.29418676e+00
 1.29822742e+00
 1.30200437e+00
 1.30548724e+00
 1.30864572e+00
 1.31145138e+00
 1.31387705e+00
 1.31589926e+00
 1.31750010e+00
 1.31866441e+00
 1.31937506e+00
 1.31961452e+00
 1.22084757e+00
 1.22099887e+00
 1.22154601e+00
 1.22261928e+00
 1.22424522e+00
 1.22638668e+00
 1.22899061e+00
 1.23200248e+00
 1.23537131e+00
 1.23904879e+00
 1.24299035e+00
 1.24715687e+00
 1.25151227e+00
 1.25602829e+00
 1.26067225e+00
 1.26540649e+00
 1.27018294e+00
 1.27495079e+00
 1.27966045e+00
 1.28426072e+00
 1.28870794e+00
 1.29296497e+00
 1.29699624e+00
 1.30076680e+00
 1.30424782e+00
 1.30740846e+00
 1.31022042e+00
 1.31265482e+00
 1.31468527e+00
 1.31629168e+00
 1.31745835e+00
 1.31817043e+00
 1.31841087e+00
 1.21972505e+00
 1.21994183e+00
 1.22064545e+00
 1.22186698e+00
 1.22359176e+00
 1.22578859e+00
 1.22841955e+00
 1.23144062e+00
 1.23480779e+00
 1.23847634e+00
 1.24240376e+00
 1.24655302e+00
 1.25088865e+00
 1.25538531e+00
 1.26001120e+00
 1.26472983e+00
 1.26949242e+00
 1.27424767e+00
 1.27894638e+00
 1.28353622e+00
 1.28797380e+00
 1.29222285e+00
 1.29624828e+00
 1.30001450e+00
 1.30349418e+00
 1.30665571e+00
 1.30947130e+00
 1.31191084e+00
 1.31394555e+00
 1.31555335e+00
 1.31671687e+00
 1.31742291e+00
 1.31766049e+00
 1.21930000e+00
 1.21955972e+00
 1.22033463e+00
 1.22161212e+00
 1.22337212e+00
 1.22558814e+00
 1.22822843e+00
 1.23125264e+00
 1.23461924e+00
 1.23828476e+00
 1.24220735e+00
 1.24635075e+00
 1.25067962e+00
 1.25516973e+00
 1.25978950e+00
 1.26450291e+00
 1.26926087e+00
 1.27401191e+00
 1.27870698e+00
 1.28329330e+00
 1.28772762e+00
 1.29197394e+00
 1.29599741e+00
 1.29976207e+00
 1.30324127e+00
 1.30640300e+00
 1.30921979e+00
 1.31166106e+00
 1.31369714e+00
 1.31530524e+00
 1.31646725e+00
 1.31716988e+00
 1.31740500e+00
