 1.27431600e+00
 1.27417238e+00
 1.27373668e+00
 1.27299573e+00
 1.27193253e+00
 1.27053255e+00
 1.26879272e+00
 1.26673660e+00
 1.26440204e+00
 1.26182502e+00
 1.25906606e+00
 1.25622352e+00
 1.25342993e+00
 1.25084409e+00
 1.24861840e+00
 1.24677515e+00
 1.24521192e+00
 1.24367362e+00
 1.24194134e+00
 1.23993381e+00
 1.23765198e+00
 1.23519649e+00
 1.23266093e+00
 1.23012282e+00
 1.22765687e+00
 1.22532884e+00
 1.22320246e+00
 1.22131659e+00
 1.21970373e+00
 1.21840117e+00
 1.21744305e+00
 1.21685652e+00
 1.21665900e+00
 1.27472612e+00
 1.27457841e+00
 1.27413567e+00
 1.27338918e+00
 1.27232315e+00
 1.27092334e+00
 1.26918664e+00
 1.26713493e+00
 1.26480482e+00
 1.26223334e+00
 1.25948096e+00
 1.25664484e+00
 1.25385543e+00
 1.25126831e+00
 1.24903014e+00
 1.24716360e+00
 1.24556771e+00
 1.24399727e+00
 1.24224001e+00
 1.24021465e+00
 1.23792266e+00
 1.23546003e+00
 1.23291877e+00
 1.23037601e+00
 1.22790563e+00
 1.22557300e+00
 1.22343976e+00
 1.22154437e+00
 1.21991819e+00
 1.21859522e+00
 1.21760680e+00
 1.21698248e+00
 1.21676230e+00
 1.27594372e+00
 1.27578919e+00
 1.27533007e+00
 1.27456811e+00
 1.27349340e+00
 1.27209330e+00
 1.27036453e+00
 1.26832482e+00
 1.26600754e+00
 1.26345181e+00
 1.26071790e+00
 1.25789946e+00
 1.25512094e+00
 1.25252848e+00
 1.25025358e+00
 1.24831924e+00
 1.24662975e+00
 1.24496656e+00
 1.24313614e+00
 1.24105819e+00
 1.23873501e+00
 1.23625049e+00
 1.23369184e+00
 1.23113480e+00
 1.22865097e+00
 1.22630413e+00
 1.22415082e+00
 1.22222798e+00
 1.22056342e+00
 1.21918310e+00
 1.21811430e+00
 1.21740698e+00
 1.21715229e+00
 1.27793456e+00
 1.27777530e+00
 1.27730213e+00
 1.27652242e+00
 1.27543538e+00
 1.27403350e+00
 1.27231426e+00
 1.27029110e+00
 1.26799327e+00
 1.26546100e+00
 1.26275384e+00
 1.25996002e+00
 1.25719467e+00
 1.25458916e+00
 1.25225510e+00
 1.25021449e+00
 1.24838195e+00
 1.24657550e+00
 1.24462897e+00
 1.24246627e+00
 1.24008940e+00
 1.23756698e+00
 1.23497849e+00
 1.23239678e+00
 1.22989007e+00
 1.22751906e+00
 1.22533457e+00
 1.22337132e+00
 1.22165380e+00
 1.22020410e+00
 1.21905917e+00
 1.21829921e+00
 1.21802934e+00
 1.28065347e+00
 1.28049294e+00
 1.28001453e+00
 1.27922498e+00
 1.27812847e+00
 1.27672457e+00
 1.27501417e+00
 1.27300865e+00
 1.27073366e+00
 1.26822872e+00
 1.26555146e+00
 1.26278324e+00
 1.26002736e+00
 1.25739721e+00
 1.25498414e+00
 1.25280782e+00
 1.25079778e+00
 1.24881141e+00
 1.24671410e+00
 1.24443829e+00
 1.24198458e+00
 1.23940693e+00
 1.23677520e+00
 1.23415768e+00
 1.23161849e+00
 1.22921457e+00
 1.22699272e+00
 1.22498778e+00
 1.22322814e+00
 1.22174675e+00
 1.22059701e+00
 1.21985653e+00
 1.21959944e+00
 1.28406074e+00
 1.28390185e+00
 1.28342605e+00
 1.28263635e+00
 1.28153742e+00
 1.28013380e+00
 1.27843119e+00
 1.27644175e+00
 1.27418909e+00
 1.27171074e+00
 1.26906089e+00
 1.26631300e+00
 1.26355716e+00
 1.26088822e+00
 1.25837942e+00
 1.25604809e+00
 1.25384100e+00
 1.25165255e+00
 1.24937995e+00
 1.24696764e+00
 1.24441509e+00
 1.24176435e+00
 1.23907536e+00
 1.23641070e+00
 1.23383025e+00
 1.23138791e+00
 1.22912982e+00
 1.22709590e+00
 1.22532654e+00
 1.22387096e+00
 1.22278671e+00
 1.22212206e+00
 1.22189929e+00
 1.28813556e+00
 1.28797724e+00
 1.28750292e+00
 1.28671481e+00
 1.28561708e+00
 1.28421592e+00
 1.28252011e+00
 1.28054356e+00
 1.27830919e+00
 1.27585217e+00
 1.27322215e+00
 1.27048410e+00
 1.26771484e+00
 1.26499219e+00
 1.26237470e+00
 1.25987838e+00
 1.25746700e+00
 1.25506706e+00
 1.25260485e+00
 1.25003868e+00
 1.24736844e+00
 1.24462770e+00
 1.24186774e+00
 1.23914530e+00
 1.23651652e+00
 1.23403388e+00
 1.23174568e+00
 1.22969851e+00
 1.22794106e+00
 1.22652372e+00
 1.22548956e+00
 1.22486382e+00
 1.22465485e+00
 1.29283150e+00
 1.29267310e+00
 1.29219880e+00
 1.29141118e+00
 1.29031463e+00
 1.28891584e+00
 1.28722485e+00
 1.28525669e+00
 1.28303398e+00
 1.28058950e+00
 1.27796798e+00
 1.27522596e+00
 1.27242805e+00
 1.26963774e+00
 1.26690253e+00
 1.26423848e+00
 1.26162445e+00
 1.25901322e+00
 1.25635601e+00
 1.25362510e+00
 1.25082284e+00
 1.24797776e+00
 1.24513457e+00
 1.24234506e+00
 1.23966253e+00
 1.23713914e+00
 1.23482541e+00
 1.23277088e+00
 1.23102336e+00
 1.22962472e+00
 1.22860608e+00
 1.22798730e+00
 1.22777975e+00
 1.29808456e+00
 1.29792639e+00
 1.29745253e+00
 1.29666524e+00
 1.29556887e+00
 1.29417049e+00
 1.29248076e+00
 1.29051515e+00
 1.28829571e+00
 1.28585287e+00
 1.28322654e+00
 1.28046553e+00
 1.27762402e+00
 1.27475426e+00
 1.27189597e+00
 1.26906634e+00
 1.26625679e+00
 1.26344081e+00
 1.26059000e+00
 1.25768962e+00
 1.25474611e+00
 1.25178594e+00
 1.24884960e+00
 1.24598525e+00
 1.24324412e+00
 1.24067794e+00
 1.23833759e+00
 1.23627173e+00
 1.23452437e+00
 1.23313179e+00
 1.23212068e+00
 1.23150817e+00
 1.23130313e+00
 1.30383438e+00
 1.30367570e+00
 1.30320046e+00
 1.30241107e+00
 1.30131199e+00
 1.29991033e+00
 1.29821681e+00
 1.29624674e+00
 1.29402126e+00
 1.29156839e+00
 1.28892366e+00
 1.28612921e+00
 1.28323088e+00
 1.28027255e+00
 1.27728884e+00
 1.27429867e+00
 1.27130357e+00
 1.26829293e+00
 1.26525451e+00
 1.26218497e+00
 1.25909582e+00
 1.25601366e+00
 1.25297684e+00
 1.25003113e+00
 1.24722607e+00
 1.24461225e+00
 1.24223919e+00
 1.24015304e+00
 1.23839411e+00
 1.23699497e+00
 1.23597966e+00
 1.23536431e+00
 1.23515818e+00
 1.31000705e+00
 1.30984753e+00
 1.30936966e+00
 1.30857578e+00
 1.30747038e+00
 1.30606069e+00
 1.30435735e+00
 1.30237522e+00
 1.30013423e+00
 1.29766004e+00
 1.29498432e+00
 1.29214378e+00
 1.28917786e+00
 1.28612452e+00
 1.28301528e+00
 1.27987109e+00
 1.27670139e+00
 1.27350767e+00
 1.27029028e+00
 1.26705558e+00
 1.26382035e+00
 1.26061276e+00
 1.25747052e+00
 1.25443796e+00
 1.25156305e+00
 1.24889474e+00
 1.24648046e+00
 1.24436376e+00
 1.24258230e+00
 1.24116656e+00
 1.24013961e+00
 1.23951731e+00
 1.23930887e+00
 1.31652787e+00
 1.31636659e+00
 1.31588363e+00
 1.31508174e+00
 1.31396572e+00
 1.31254286e+00
 1.31082356e+00
 1.30882198e+00
 1.30655667e+00
 1.30405109e+00
 1.30133359e+00
 1.29843665e+00
 1.29539499e+00
 1.29224260e+00
 1.28900931e+00
 1.28571811e+00
 1.28238468e+00
 1.27901966e+00
 1.27563318e+00
 1.27223958e+00
 1.26886074e+00
 1.26552705e+00
 1.26227651e+00
 1.25915265e+00
 1.25620208e+00
 1.25347200e+00
 1.25100787e+00
 1.24885121e+00
 1.24703804e+00
 1.24559785e+00
 1.24455332e+00
 1.24392034e+00
 1.24370831e+00
 1.32330897e+00
 1.32314565e+00
 1.32265663e+00
 1.32184483e+00
 1.32071522e+00
 1.31927516e+00
 1.31753476e+00
 1.31550740e+00
 1.31321033e+00
 1.31066500e+00
 1.30789711e+00
 1.30493592e+00
 1.30181284e+00
 1.29855931e+00
 1.29520446e+00
 1.29177327e+00
 1.28828634e+00
 1.28476131e+00
 1.28121587e+00
 1.27767088e+00
 1.27415277e+00
 1.27069438e+00
 1.26733449e+00
 1.26411625e+00
 1.26108518e+00
 1.25828706e+00
 1.25576574e+00
 1.25356141e+00
 1.25170916e+00
 1.25023818e+00
 1.24917124e+00
 1.24852461e+00
 1.24830799e+00
 1.33026364e+00
 1.33009811e+00
 1.32960254e+00
 1.32877988e+00
 1.32763510e+00
 1.32617534e+00
 1.32441022e+00
 1.32235234e+00
 1.32001774e+00
 1.31742627e+00
 1.31460153e+00
 1.31157049e+00
 1.30836238e+00
 1.30500715e+00
 1.30153387e+00
 1.29796945e+00
 1.29433842e+00
 1.29066386e+00
 1.28696934e+00
 1.28328098e+00
 1.27962914e+00
 1.27604904e+00
 1.27258042e+00
 1.26926639e+00
 1.26615175e+00
 1.26328120e+00
 1.26069754e+00
 1.25844016e+00
 1.25654380e+00
 1.25503771e+00
 1.25394509e+00
 1.25328273e+00
 1.25306081e+00
 1.33730735e+00
 1.33713982e+00
 1.33663808e+00
 1.33580475e+00
 1.33464436e+00
 1.33316356e+00
 1.33137139e+00
 1.32927966e+00
 1.32690338e+00
 1.32426109e+00
 1.32137495e+00
 1.31827036e+00
 1.31497522e+00
 1.31151884e+00
 1.30793065e+00
 1.30423940e+00
 1.30047285e+00
 1.29665839e+00
 1.29282419e+00
 1.28900063e+00
 1.28522138e+00
 1.28152382e+00
 1.27794872e+00
 1.27453937e+00
 1.27134020e+00
 1.26839526e+00
 1.26574673e+00
 1.26343360e+00
 1.26149060e+00
 1.25994732e+00
 1.25882753e+00
 1.25814860e+00
 1.25792110e+00
 1.34436683e+00
 1.34419715e+00
 1.34368886e+00
 1.34284434e+00
 1.34166762e+00
 1.34016466e+00
 1.33834370e+00
 1.33621567e+00
 1.33379466e+00
 1.33109823e+00
 1.32814752e+00
 1.32496706e+00
 1.32158411e+00
 1.31802787e+00
 1.31432850e+00
 1.31051647e+00
 1.30662229e+00
 1.30267678e+00
 1.29871183e+00
 1.29476124e+00
 1.29086146e+00
 1.28705173e+00
 1.28337391e+00
 1.27987163e+00
 1.27658920e+00
 1.27357039e+00
 1.27085710e+00
 1.26848823e+00
 1.26649861e+00
 1.26491818e+00
 1.26377118e+00
 1.26307559e+00
 1.26284248e+00
 1.35137046e+00
 1.35119867e+00
 1.35068392e+00
 1.34982812e+00
 1.34863461e+00
 1.34710856e+00
 1.34525730e+00
 1.34309092e+00
 1.34062271e+00
 1.33786956e+00
 1.33485206e+00
 1.33159434e+00
 1.32812357e+00
 1.32446926e+00
 1.32066253e+00
 1.31673549e+00
 1.31272099e+00
 1.30865270e+00
 1.30456551e+00
 1.30049604e+00
 1.29648301e+00
 1.29256736e+00
 1.28879192e+00
 1.28520077e+00
 1.28183834e+00
 1.27874836e+00
 1.27597271e+00
 1.27355039e+00
 1.27151650e+00
 1.26990128e+00
 1.26872930e+00
 1.26801870e+00
 1.26778059e+00
 1.35825518e+00
 1.35808127e+00
 1.35755992e+00
 1.35669243e+00
 1.35548134e+00
 1.35393088e+00
 1.35204752e+00
 1.34984059e+00
 1.34732279e+00
 1.34451064e+00
 1.34142456e+00
 1.33808874e+00
 1.33453064e+00
 1.33078040e+00
 1.32687018e+00
 1.32283368e+00
 1.31870577e+00
 1.31452252e+00
 1.31032131e+00
 1.30614106e+00
 1.30202246e+00
 1.29800785e+00
 1.29414099e+00
 1.29046643e+00
 1.28702883e+00
 1.28387198e+00
 1.28103786e+00
 1.27856562e+00
 1.27649054e+00
 1.27484306e+00
 1.27364792e+00
 1.27292336e+00
 1.27268058e+00
 1.36496680e+00
 1.36479037e+00
 1.36426133e+00
 1.36338056e+00
 1.36214992e+00
 1.36057278e+00
 1.35865477e+00
 1.35640453e+00
 1.35383442e+00
 1.35096091e+00
 1.34780465e+00
 1.34439021e+00
 1.34074564e+00
 1.33690186e+00
 1.33289214e+00
 1.32875161e+00
 1.32451696e+00
 1.32022627e+00
 1.31591902e+00
 1.31163611e+00
 1.30741985e+00
 1.30331382e+00
 1.29936257e+00
 1.29561113e+00
 1.29210433e+00
 1.28888603e+00
 1.28599827e+00
 1.28348030e+00
 1.28136755e+00
 1.27969064e+00
 1.27847442e+00
 1.27773722e+00
 1.27749022e+00
 1.37145061e+00
 1.37127144e+00
 1.37073400e+00
 1.36983864e+00
 1.36858642e+00
 1.36697986e+00
 1.36502393e+00
 1.36272692e+00
 1.36010128e+00
 1.35716385e+00
 1.35393589e+00
 1.35044265e+00
 1.34671287e+00
 1.34277832e+00
 1.33867327e+00
 1.33443416e+00
 1.33009928e+00
 1.32570848e+00
 1.32130304e+00
 1.31692553e+00
 1.31261967e+00
 1.30843011e+00
 1.30440210e+00
 1.30058103e+00
 1.29701184e+00
 1.29373836e+00
 1.29080252e+00
 1.28824352e+00
 1.28609687e+00
 1.28439332e+00
 1.28315792e+00
 1.28240914e+00
 1.28215828e+00
 1.37766016e+00
 1.37747794e+00
 1.37693105e+00
 1.37601910e+00
 1.37474227e+00
 1.37310240e+00
 1.37110412e+00
 1.36875594e+00
 1.36607097e+00
 1.36306698e+00
 1.35976614e+00
 1.35619447e+00
 1.35238138e+00
 1.34835932e+00
 1.34416345e+00
 1.33983136e+00
 1.33540273e+00
 1.33091902e+00
 1.32642309e+00
 1.32195897e+00
 1.31757160e+00
 1.31330655e+00
 1.30920969e+00
 1.30532670e+00
 1.30170256e+00
 1.29838088e+00
 1.29540330e+00
 1.29280875e+00
 1.29063258e+00
 1.28890559e+00
 1.28765305e+00
 1.28689376e+00
 1.28663936e+00
 1.38355750e+00
 1.38337134e+00
 1.38281246e+00
 1.38187996e+00
 1.38057346e+00
 1.37889443e+00
 1.37684782e+00
 1.37444311e+00
 1.37169477e+00
 1.36862198e+00
 1.36524793e+00
 1.36159923e+00
 1.35770569e+00
 1.35360015e+00
 1.34931844e+00
 1.34489917e+00
 1.34038331e+00
 1.33581379e+00
 1.33123492e+00
 1.32669204e+00
 1.32223114e+00
 1.31789858e+00
 1.31374077e+00
 1.30980369e+00
 1.30613231e+00
 1.30276997e+00
 1.29975781e+00
 1.29713423e+00
 1.29493419e+00
 1.29318837e+00
 1.29192213e+00
 1.29115452e+00
 1.29089731e+00
 1.38910408e+00
 1.38891290e+00
 1.38833877e+00
 1.38738043e+00
 1.38603739e+00
 1.38431167e+00
 1.38220954e+00
 1.37974259e+00
 1.37692748e+00
 1.37378501e+00
 1.37033908e+00
 1.36661638e+00
 1.36264653e+00
 1.35846245e+00
 1.35410045e+00
 1.34960005e+00
 1.34500353e+00
 1.34035522e+00
 1.33570083e+00
 1.33108684e+00
 1.32656016e+00
 1.32216779e+00
 1.31795662e+00
 1.31397296e+00
 1.31026189e+00
 1.30686651e+00
 1.30382740e+00
 1.30118208e+00
 1.29896475e+00
 1.29720557e+00
 1.29592971e+00
 1.29515623e+00
 1.29489705e+00
 1.39426109e+00
 1.39406335e+00
 1.39346963e+00
 1.39247893e+00
 1.39109123e+00
 1.38931014e+00
 1.38714499e+00
 1.38461105e+00
 1.38172791e+00
 1.37851756e+00
 1.37500367e+00
 1.37121203e+00
 1.36717150e+00
 1.36291475e+00
 1.35847852e+00
 1.35390330e+00
 1.34923271e+00
 1.34451255e+00
 1.33978988e+00
 1.33511226e+00
 1.33052727e+00
 1.32608239e+00
 1.32182485e+00
 1.31780135e+00
 1.31405731e+00
 1.31063595e+00
 1.30757731e+00
 1.30491785e+00
 1.30269034e+00
 1.30092381e+00
 1.29964285e+00
 1.29886635e+00
 1.29860617e+00
 1.39898828e+00
 1.39878297e+00
 1.39816579e+00
 1.39713502e+00
 1.39569236e+00
 1.39384593e+00
 1.39161112e+00
 1.38900854e+00
 1.38606028e+00
 1.38278787e+00
 1.37921303e+00
 1.37535960e+00
 1.37125530e+00
 1.36693254e+00
 1.36242856e+00
 1.35778499e+00
 1.35304693e+00
 1.34826176e+00
 1.34347794e+00
 1.33874398e+00
 1.33410794e+00
 1.32961740e+00
 1.32531976e+00
 1.32126207e+00
 1.31749037e+00
 1.31404852e+00
 1.31097672e+00
 1.30831043e+00
 1.30608042e+00
 1.30431345e+00
 1.30303247e+00
 1.30225574e+00
 1.30199540e+00
 1.40326524e+00
 1.40304703e+00
 1.40239357e+00
 1.40130774e+00
 1.39979614e+00
 1.39787445e+00
 1.39556734e+00
 1.39290088e+00
 1.38989666e+00
 1.38657251e+00
 1.38294643e+00
 1.37903988e+00
 1.37487956e+00
 1.37049790e+00
 1.36593291e+00
 1.36122758e+00
 1.35642868e+00
 1.35158530e+00
 1.34674733e+00
 1.34196421e+00
 1.33728419e+00
 1.33275457e+00
 1.32842248e+00
 1.32433514e+00
 1.32053928e+00
 1.31708005e+00
 1.31399894e+00
 1.31133162e+00
 1.30910677e+00
 1.30734762e+00
 1.30607428e+00
 1.30530326e+00
 1.30504510e+00
 1.40701053e+00
 1.40678305e+00
 1.40609659e+00
 1.40494829e+00
 1.40335429e+00
 1.40135165e+00
 1.39897948e+00
 1.39626396e+00
 1.39321953e+00
 1.38985719e+00
 1.38619086e+00
 1.38224030e+00
 1.37803194e+00
 1.37359867e+00
 1.36897960e+00
 1.36421926e+00
 1.35936624e+00
 1.35447143e+00
 1.34958624e+00
 1.34476107e+00
 1.34004404e+00
 1.33548170e+00
 1.33112047e+00
 1.32700732e+00
 1.32318938e+00
 1.31971312e+00
 1.31662258e+00
 1.31395615e+00
 1.31174251e+00
 1.30999945e+00
 1.30873899e+00
 1.30797404e+00
 1.30771725e+00
 1.41031891e+00
 1.41006042e+00
 1.40928564e+00
 1.40801757e+00
 1.40631489e+00
 1.40424002e+00
 1.40182788e+00
 1.39908823e+00
 1.39602263e+00
 1.39263578e+00
 1.38893953e+00
 1.38495349e+00
 1.38070485e+00
 1.37622734e+00
 1.37156131e+00
 1.36675295e+00
 1.36185277e+00
 1.35691345e+00
 1.35198794e+00
 1.34712771e+00
 1.34238055e+00
 1.33779170e+00
 1.33340647e+00
 1.32927125e+00
 1.32543290e+00
 1.32193842e+00
 1.31883417e+00
 1.31616347e+00
 1.31396135e+00
 1.31224726e+00
 1.31102354e+00
 1.31028689e+00
 1.31004013e+00
 1.41306285e+00
 1.41273607e+00
 1.41180784e+00
 1.41039883e+00
 1.40862116e+00
 1.40652619e+00
 1.40411600e+00
 1.40137880e+00
 1.39830810e+00
 1.39490738e+00
 1.39118960e+00
 1.38717556e+00
 1.38289411e+00
 1.37837979e+00
 1.37367424e+00
 1.36882529e+00
 1.36388531e+00
 1.35890867e+00
 1.35394969e+00
 1.34906131e+00
 1.34429068e+00
 1.33968128e+00
 1.33527708e+00
 1.33112379e+00
 1.32726742e+00
 1.32375425e+00
 1.32063099e+00
 1.31794412e+00
 1.31573702e+00
 1.31404163e+00
 1.31286459e+00
 1.31218224e+00
 1.31196011e+00
 1.41475117e+00
 1.41439873e+00
 1.41342906e+00
 1.41202015e+00
 1.41028534e+00
 1.40824088e+00
 1.40586698e+00
 1.40314825e+00
 1.40008124e+00
 1.39667313e+00
 1.39294017e+00
 1.38890463e+00
 1.38459768e+00
 1.38005416e+00
 1.37531702e+00
 1.37043547e+00
 1.36546359e+00
 1.36045724e+00
 1.35547174e+00
 1.35056191e+00
 1.34577404e+00
 1.34114966e+00
 1.33673124e+00
 1.33256416e+00
 1.32869323e+00
 1.32516325e+00
 1.32201932e+00
 1.31930695e+00
 1.31707108e+00
 1.31535187e+00
 1.31416937e+00
 1.31349953e+00
 1.31328611e+00
 1.41547641e+00
 1.41515297e+00
 1.41428325e+00
 1.41301565e+00
 1.41140163e+00
 1.40943602e+00
 1.40710575e+00
 1.40440753e+00
 1.40134626e+00
 1.39793405e+00
 1.39419091e+00
 1.39013987e+00
 1.38581475e+00
 1.38124992e+00
 1.37648969e+00
 1.37158418e+00
 1.36658891e+00
 1.36156094e+00
 1.35655606e+00
 1.35163124e+00
 1.34683178e+00
 1.34219740e+00
 1.33776915e+00
 1.33359255e+00
 1.32971119e+00
 1.32616846e+00
 1.32300719e+00
 1.32026998e+00
 1.31799751e+00
 1.31622707e+00
 1.31498678e+00
 1.31427641e+00
 1.31405110e+00
 1.41564620e+00
 1.41538961e+00
 1.41467982e+00
 1.41356422e+00
 1.41205263e+00
 1.41014614e+00
 1.40784633e+00
 1.40516214e+00
 1.40210508e+00
 1.39869057e+00
 1.39494157e+00
 1.39088099e+00
 1.38654503e+00
 1.38196720e+00
 1.37719287e+00
 1.37227268e+00
 1.36726310e+00
 1.36222201e+00
 1.35720523e+00
 1.35227161e+00
 1.34746553e+00
 1.34282549e+00
 1.33839148e+00
 1.33420937e+00
 1.33032185e+00
 1.32677141e+00
 1.32359915e+00
 1.32084541e+00
 1.31854665e+00
 1.31673415e+00
 1.31543357e+00
 1.31466064e+00
 1.31440930e+00
 1.41565100e+00
 1.41543840e+00
 1.41480161e+00
 1.41374341e+00
 1.41226834e+00
 1.41038239e+00
 1.40809301e+00
 1.40541362e+00
 1.40235803e+00
 1.39894275e+00
 1.39519183e+00
 1.39112802e+00
 1.38678847e+00
 1.38220625e+00
 1.37742719e+00
 1.37250204e+00
 1.36748765e+00
 1.36244215e+00
 1.35742136e+00
 1.35248483e+00
 1.34767661e+00
 1.34303476e+00
 1.33859883e+00
 1.33441494e+00
 1.33052539e+00
 1.32697240e+00
 1.32379643e+00
 1.32103708e+00
 1.31872927e+00
 1.31690188e+00
 1.31557864e+00
 1.31477734e+00
 1.31450900e+00
