 1.19585100e+00
 1.19558486e+00
 1.19479034e+00
 1.19347893e+00
 1.19166899e+00
 1.18938462e+00
 1.18665490e+00
 1.18351699e+00
 1.18001031e+00
 1.17617883e+00
 1.17206962e+00
 1.16773233e+00
 1.16322084e+00
 1.15858526e+00
 1.15387251e+00
 1.14913297e+00
 1.14441215e+00
 1.13975255e+00
 1.13518999e+00
 1.13075863e+00
 1.12648985e+00
 1.12241429e+00
 1.11856146e+00
 1.11496492e+00
 1.11165464e+00
 1.10864949e+00
 1.10601387e+00
 1.10367729e+00
 1.10173569e+00
 1.10055927e+00
 1.10007950e+00
 1.09999072e+00
 1.10000000e+00
 1.19539052e+00
 1.19520971e+00
 1.19455813e+00
 1.19336141e+00
 1.19162697e+00
 1.18938778e+00
 1.18668435e+00
 1.18356124e+00
 1.18006268e+00
 1.17623521e+00
 1.17212749e+00
 1.16779012e+00
 1.16327730e+00
 1.15863955e+00
 1.15392430e+00
 1.14918179e+00
 1.14445773e+00
 1.13979459e+00
 1.13522852e+00
 1.13079378e+00
 1.12652197e+00
 1.12244394e+00
 1.11858954e+00
 1.11499235e+00
 1.11168233e+00
 1.10868146e+00
 1.10604738e+00
 1.10372878e+00
 1.10183356e+00
 1.10067201e+00
 1.10016669e+00
 1.10002492e+00
 1.10000000e+00
 1.19430355e+00
 1.19425419e+00
 1.19391856e+00
 1.19302724e+00
 1.19150582e+00
 1.18939759e+00
 1.18677110e+00
 1.18369177e+00
 1.18021725e+00
 1.17640175e+00
 1.17229847e+00
 1.16796089e+00
 1.16344416e+00
 1.15880006e+00
 1.15407735e+00
 1.14932610e+00
 1.14459245e+00
 1.13991894e+00
 1.13534252e+00
 1.13089785e+00
 1.12661719e+00
 1.12253195e+00
 1.11867292e+00
 1.11507382e+00
 1.11176513e+00
 1.10877532e+00
 1.10614978e+00
 1.10388173e+00
 1.10208713e+00
 1.10094351e+00
 1.10035210e+00
 1.10008251e+00
 1.10000000e+00
 1.19333120e+00
 1.19334330e+00
 1.19321553e+00
 1.19261894e+00
 1.19135704e+00
 1.18942945e+00
 1.18691656e+00
 1.18390459e+00
 1.18046785e+00
 1.17667137e+00
 1.17257516e+00
 1.16823702e+00
 1.16371400e+00
 1.15905976e+00
 1.15432487e+00
 1.14955951e+00
 1.14481035e+00
 1.14012026e+00
 1.13552727e+00
 1.13106679e+00
 1.12677204e+00
 1.12267537e+00
 1.11880893e+00
 1.11520674e+00
 1.11190105e+00
 1.10892566e+00
 1.10632025e+00
 1.10411630e+00
 1.10240356e+00
 1.10123867e+00
 1.10052410e+00
 1.10012936e+00
 1.10000000e+00
 1.19325262e+00
 1.19322360e+00
 1.19303900e+00
 1.19247527e+00
 1.19133355e+00
 1.18954265e+00
 1.18713920e+00
 1.18420090e+00
 1.18080819e+00
 1.17703444e+00
 1.17294648e+00
 1.16860683e+00
 1.16407515e+00
 1.15940734e+00
 1.15465598e+00
 1.14987171e+00
 1.14510187e+00
 1.14038991e+00
 1.13577508e+00
 1.13129383e+00
 1.12698063e+00
 1.12286903e+00
 1.11899265e+00
 1.11538617e+00
 1.11208412e+00
 1.10912320e+00
 1.10654298e+00
 1.10438555e+00
 1.10269699e+00
 1.10147232e+00
 1.10064590e+00
 1.10016117e+00
 1.10000000e+00
 1.19426110e+00
 1.19411034e+00
 1.19365688e+00
 1.19285965e+00
 1.19161721e+00
 1.18983358e+00
 1.18748036e+00
 1.18459267e+00
 1.18123566e+00
 1.17748125e+00
 1.17339927e+00
 1.16905565e+00
 1.16451251e+00
 1.15982791e+00
 1.15505626e+00
 1.15024902e+00
 1.14545427e+00
 1.14071624e+00
 1.13607546e+00
 1.13156963e+00
 1.12723457e+00
 1.12310519e+00
 1.11921643e+00
 1.11560383e+00
 1.11230336e+00
 1.10935212e+00
 1.10678719e+00
 1.10464116e+00
 1.10292925e+00
 1.10163458e+00
 1.10072509e+00
 1.10018144e+00
 1.10000000e+00
 1.19546071e+00
 1.19525696e+00
 1.19465314e+00
 1.19365628e+00
 1.19224385e+00
 1.19036561e+00
 1.18798291e+00
 1.18509816e+00
 1.18175146e+00
 1.17800307e+00
 1.17391951e+00
 1.16956689e+00
 1.16500847e+00
 1.16030375e+00
 1.15550848e+00
 1.15067500e+00
 1.14585213e+00
 1.14108502e+00
 1.13641543e+00
 1.13188236e+00
 1.12752297e+00
 1.12337344e+00
 1.11946970e+00
 1.11584773e+00
 1.11254338e+00
 1.10959146e+00
 1.10702276e+00
 1.10485808e+00
 1.10310191e+00
 1.10174497e+00
 1.10077689e+00
 1.10019459e+00
 1.10000000e+00
 1.19664684e+00
 1.19642796e+00
 1.19576970e+00
 1.19466955e+00
 1.19312430e+00
 1.19112441e+00
 1.18865783e+00
 1.18572601e+00
 1.18235460e+00
 1.17859041e+00
 1.17449213e+00
 1.17012245e+00
 1.16554356e+00
 1.16081506e+00
 1.15599326e+00
 1.15113106e+00
 1.14627795e+00
 1.14147994e+00
 1.13677989e+00
 1.13221802e+00
 1.12783267e+00
 1.12366095e+00
 1.11973926e+00
 1.11610325e+00
 1.11278715e+00
 1.10982196e+00
 1.10723234e+00
 1.10503327e+00
 1.10322992e+00
 1.10182258e+00
 1.10081250e+00
 1.10020356e+00
 1.10000000e+00
 1.19802035e+00
 1.19777608e+00
 1.19704742e+00
 1.19584398e+00
 1.19417572e+00
 1.19205039e+00
 1.18947486e+00
 1.18646090e+00
 1.18303242e+00
 1.17922825e+00
 1.17509911e+00
 1.17070220e+00
 1.16609659e+00
 1.16134045e+00
 1.15648964e+00
 1.15159712e+00
 1.14671272e+00
 1.14188316e+00
 1.13715216e+00
 1.13256096e+00
 1.12814875e+00
 1.12395317e+00
 1.12001052e+00
 1.11635540e+00
 1.11301974e+00
 1.11003111e+00
 1.10741077e+00
 1.10517303e+00
 1.10332697e+00
 1.10187968e+00
 1.10083838e+00
 1.10021008e+00
 1.10000000e+00
 1.19942111e+00
 1.19915899e+00
 1.19837708e+00
 1.19708805e+00
 1.19531048e+00
 1.19306549e+00
 1.19037475e+00
 1.18726167e+00
 1.18375492e+00
 1.17989146e+00
 1.17571681e+00
 1.17128278e+00
 1.16664438e+00
 1.16185718e+00
 1.15697564e+00
 1.15205214e+00
 1.14713653e+00
 1.14227588e+00
 1.13751458e+00
 1.13289453e+00
 1.12845542e+00
 1.12423502e+00
 1.12026907e+00
 1.11659085e+00
 1.11323029e+00
 1.11021288e+00
 1.10755902e+00
 1.10528452e+00
 1.10340215e+00
 1.10192322e+00
 1.10085798e+00
 1.10021500e+00
 1.10000000e+00
 1.20077898e+00
 1.20050084e+00
 1.19967205e+00
 1.19830878e+00
 1.19643563e+00
 1.19408263e+00
 1.19128235e+00
 1.18806834e+00
 1.18447581e+00
 1.18054337e+00
 1.17631436e+00
 1.17183670e+00
 1.16716148e+00
 1.16234127e+00
 1.15742857e+00
 1.15247471e+00
 1.14752916e+00
 1.14263909e+00
 1.13784925e+00
 1.13320190e+00
 1.12873695e+00
 1.12449194e+00
 1.12050190e+00
 1.11679896e+00
 1.11341173e+00
 1.11036494e+00
 1.10767942e+00
 1.10537287e+00
 1.10346076e+00
 1.10195686e+00
 1.10087308e+00
 1.10021879e+00
 1.10000000e+00
 1.20200139e+00
 1.20170911e+00
 1.20083921e+00
 1.19941161e+00
 1.19745659e+00
 1.19501122e+00
 1.19211577e+00
 1.18881121e+00
 1.18513837e+00
 1.18113855e+00
 1.17685481e+00
 1.17233277e+00
 1.16762057e+00
 1.16276803e+00
 1.15782567e+00
 1.15284361e+00
 1.14787076e+00
 1.14295419e+00
 1.13813877e+00
 1.13346692e+00
 1.12897851e+00
 1.12471075e+00
 1.12069801e+00
 1.11697156e+00
 1.11355940e+00
 1.11048620e+00
 1.10777366e+00
 1.10544104e+00
 1.10350556e+00
 1.10198245e+00
 1.10088454e+00
 1.10022166e+00
 1.10000000e+00
 1.20296695e+00
 1.20266429e+00
 1.20176422e+00
 1.20028940e+00
 1.19827414e+00
 1.19576037e+00
 1.19279356e+00
 1.18941966e+00
 1.18568347e+00
 1.18162865e+00
 1.17729876e+00
 1.17273840e+00
 1.16799387e+00
 1.16311308e+00
 1.15814498e+00
 1.15313870e+00
 1.14814265e+00
 1.14320377e+00
 1.13836698e+00
 1.13367474e+00
 1.12916680e+00
 1.12488002e+00
 1.12084825e+00
 1.11710224e+00
 1.11366973e+00
 1.11057562e+00
 1.10784238e+00
 1.10549033e+00
 1.10353778e+00
 1.10200080e+00
 1.10089275e+00
 1.10022372e+00
 1.10000000e+00
 1.20356815e+00
 1.20326043e+00
 1.20234544e+00
 1.20084670e+00
 1.19880018e+00
 1.19625009e+00
 1.19324441e+00
 1.18983148e+00
 1.18605814e+00
 1.18196948e+00
 1.17760971e+00
 1.17302328e+00
 1.16825574e+00
 1.16335414e+00
 1.15836663e+00
 1.15334187e+00
 1.14832810e+00
 1.14337231e+00
 1.13851954e+00
 1.13381232e+00
 1.12929029e+00
 1.12499005e+00
 1.12094504e+00
 1.11718568e+00
 1.11373956e+00
 1.11063177e+00
 1.10788525e+00
 1.10552095e+00
 1.10355774e+00
 1.10201215e+00
 1.10089783e+00
 1.10022499e+00
 1.10000000e+00
 1.20373769e+00
 1.20343012e+00
 1.20251578e+00
 1.20101840e+00
 1.19897364e+00
 1.19642472e+00
 1.19341853e+00
 1.19000272e+00
 1.18622408e+00
 1.18212813e+00
 1.17775965e+00
 1.17316354e+00
 1.16838564e+00
 1.16347313e+00
 1.15847434e+00
 1.15343818e+00
 1.14841323e+00
 1.14344687e+00
 1.13858447e+00
 1.13386875e+00
 1.12933936e+00
 1.12503272e+00
 1.12098198e+00
 1.11721721e+00
 1.11376581e+00
 1.11065283e+00
 1.10790131e+00
 1.10553241e+00
 1.10356521e+00
 1.10201640e+00
 1.10089973e+00
 1.10022547e+00
 1.10000000e+00
 1.20343179e+00
 1.20313219e+00
 1.20224048e+00
 1.20077693e+00
 1.19877241e+00
 1.19626520e+00
 1.19329810e+00
 1.18991600e+00
 1.18616432e+00
 1.18208837e+00
 1.17773341e+00
 1.17314521e+00
 1.16837068e+00
 1.16345809e+00
 1.15845686e+00
 1.15341691e+00
 1.14838778e+00
 1.14341765e+00
 1.13855250e+00
 1.13383545e+00
 1.12930632e+00
 1.12500143e+00
 1.12095363e+00
 1.11719264e+00
 1.11374542e+00
 1.11063667e+00
 1.10788915e+00
 1.10552381e+00
 1.10355965e+00
 1.10201325e+00
 1.10089832e+00
 1.10022512e+00
 1.10000000e+00
 1.20271567e+00
 1.20242998e+00
 1.20157749e+00
 1.20017197e+00
 1.19823626e+00
 1.19580116e+00
 1.19290353e+00
 1.18958411e+00
 1.18588582e+00
 1.18185289e+00
 1.17753069e+00
 1.17296598e+00
 1.16820717e+00
 1.16330436e+00
 1.15830884e+00
 1.15327225e+00
 1.14824563e+00
 1.14327836e+00
 1.13841736e+00
 1.13370633e+00
 1.12918541e+00
 1.12489091e+00
 1.12085542e+00
 1.11710813e+00
 1.11367531e+00
 1.11058092e+00
 1.10784702e+00
 1.10549397e+00
 1.10354029e+00
 1.10200226e+00
 1.10089341e+00
 1.10022389e+00
 1.10000000e+00
 1.20174761e+00
 1.20147489e+00
 1.20066010e+00
 1.19931338e+00
 1.19745175e+00
 1.19509901e+00
 1.19228498e+00
 1.18904445e+00
 1.18541601e+00
 1.18144138e+00
 1.17716516e+00
 1.17263481e+00
 1.16790051e+00
 1.16301468e+00
 1.15803103e+00
 1.15300350e+00
 1.14798502e+00
 1.14302650e+00
 1.13817594e+00
 1.13347787e+00
 1.12897285e+00
 1.12469731e+00
 1.12068356e+00
 1.11696015e+00
 1.11355237e+00
 1.11048300e+00
 1.10777292e+00
 1.10544142e+00
 1.10350617e+00
 1.10198290e+00
 1.10088476e+00
 1.10022172e+00
 1.10000000e+00
 1.20062045e+00
 1.20035965e+00
 1.19957984e+00
 1.19828876e+00
 1.19649939e+00
 1.19422978e+00
 1.19150302e+00
 1.18834721e+00
 1.18479539e+00
 1.18088567e+00
 1.17666116e+00
 1.17216983e+00
 1.16746382e+00
 1.16259825e+00
 1.15762975e+00
 1.15261482e+00
 1.14760853e+00
 1.14266335e+00
 1.13782851e+00
 1.13314935e+00
 1.12866704e+00
 1.12441824e+00
 1.12043510e+00
 1.11674545e+00
 1.11337336e+00
 1.11033999e+00
 1.10766444e+00
 1.10536435e+00
 1.10345609e+00
 1.10195446e+00
 1.10087205e+00
 1.10021853e+00
 1.10000000e+00
 1.19939248e+00
 1.19914346e+00
 1.19839832e+00
 1.19716263e+00
 1.19544524e+00
 1.19325844e+00
 1.19061854e+00
 1.18754687e+00
 1.18407074e+00
 1.18022443e+00
 1.17604963e+00
 1.17159514e+00
 1.16691554e+00
 1.16206916e+00
 1.15711580e+00
 1.15211465e+00
 1.14712277e+00
 1.14219408e+00
 1.13737880e+00
 1.13272311e+00
 1.12826882e+00
 1.12405307e+00
 1.12010806e+00
 1.11646107e+00
 1.11313483e+00
 1.11014843e+00
 1.10751855e+00
 1.10526042e+00
 1.10338845e+00
 1.10191602e+00
 1.10085487e+00
 1.10021422e+00
 1.10000000e+00
 1.19812107e+00
 1.19788509e+00
 1.19717749e+00
 1.19599968e+00
 1.19435497e+00
 1.19224932e+00
 1.18969237e+00
 1.18669885e+00
 1.18329061e+00
 1.17949863e+00
 1.17536401e+00
 1.17093742e+00
 1.16627685e+00
 1.16144442e+00
 1.15650324e+00
 1.15151494e+00
 1.14653812e+00
 1.14162765e+00
 1.13683436e+00
 1.13220500e+00
 1.12778207e+00
 1.12360344e+00
 1.11970186e+00
 1.11610450e+00
 1.11283297e+00
 1.10990405e+00
 1.10733125e+00
 1.10512642e+00
 1.10330101e+00
 1.10186626e+00
 1.10083261e+00
 1.10020865e+00
 1.10000000e+00
 1.19690338e+00
 1.19667853e+00
 1.19600358e+00
 1.19487748e+00
 1.19329891e+00
 1.19126724e+00
 1.18878424e+00
 1.18585708e+00
 1.18250204e+00
 1.17874777e+00
 1.17463656e+00
 1.17022280e+00
 1.16556923e+00
 1.16074231e+00
 1.15580829e+00
 1.15083057e+00
 1.14586848e+00
 1.14097697e+00
 1.13620682e+00
 1.13160494e+00
 1.12721439e+00
 1.12307409e+00
 1.11921800e+00
 1.11567410e+00
 1.11246367e+00
 1.10960140e+00
 1.10709700e+00
 1.10495767e+00
 1.10319042e+00
 1.10180319e+00
 1.10080438e+00
 1.10020156e+00
 1.10000000e+00
 1.19578440e+00
 1.19557040e+00
 1.19492721e+00
 1.19385098e+00
 1.19233480e+00
 1.19036995e+00
 1.18794902e+00
 1.18507097e+00
 1.18174726e+00
 1.17800653e+00
 1.17389531e+00
 1.16947439e+00
 1.16481271e+00
 1.15998127e+00
 1.15504869e+00
 1.15007904e+00
 1.14513112e+00
 1.14025889e+00
 1.13551220e+00
 1.13093747e+00
 1.12657806e+00
 1.12247405e+00
 1.11866134e+00
 1.11517010e+00
 1.11202291e+00
 1.10923358e+00
 1.10680796e+00
 1.10474713e+00
 1.10305152e+00
 1.10172370e+00
 1.10076875e+00
 1.10019263e+00
 1.10000000e+00
 1.19480385e+00
 1.19460248e+00
 1.19399482e+00
 1.19297097e+00
 1.19151580e+00
 1.18961034e+00
 1.18723595e+00
 1.18438301e+00
 1.18106053e+00
 1.17730161e+00
 1.17316163e+00
 1.16871080e+00
 1.16402520e+00
 1.15917965e+00
 1.15424370e+00
 1.14928041e+00
 1.14434664e+00
 1.13949415e+00
 1.13477086e+00
 1.13022197e+00
 1.12589060e+00
 1.12181780e+00
 1.11804184e+00
 1.11459649e+00
 1.11150812e+00
 1.10879249e+00
 1.10645315e+00
 1.10448407e+00
 1.10287599e+00
 1.10162267e+00
 1.10072337e+00
 1.10018123e+00
 1.10000000e+00
 1.19402940e+00
 1.19383895e+00
 1.19326399e+00
 1.19229104e+00
 1.19089393e+00
 1.18903736e+00
 1.18668715e+00
 1.18382555e+00
 1.18046461e+00
 1.17664928e+00
 1.17244925e+00
 1.16794628e+00
 1.16322309e+00
 1.15835641e+00
 1.15341449e+00
 1.14845744e+00
 1.14353876e+00
 1.13870691e+00
 1.13400699e+00
 1.12948222e+00
 1.12517478e+00
 1.12112607e+00
 1.11737638e+00
 1.11396376e+00
 1.11092103e+00
 1.10827050e+00
 1.10601815e+00
 1.10415224e+00
 1.10265035e+00
 1.10149148e+00
 1.10066420e+00
 1.10016637e+00
 1.10000000e+00
 1.19345792e+00
 1.19328699e+00
 1.19276236e+00
 1.19185328e+00
 1.19051543e+00
 1.18869275e+00
 1.18633289e+00
 1.18341544e+00
 1.17996717e+00
 1.17605448e+00
 1.17176532e+00
 1.16719259e+00
 1.16242311e+00
 1.15753243e+00
 1.15258475e+00
 1.14763552e+00
 1.14273379e+00
 1.13792391e+00
 1.13324747e+00
 1.12874514e+00
 1.12445752e+00
 1.12042536e+00
 1.11668971e+00
 1.11329201e+00
 1.11027252e+00
 1.10766505e+00
 1.10548685e+00
 1.10372814e+00
 1.10235257e+00
 1.10131528e+00
 1.10058417e+00
 1.10014623e+00
 1.10000000e+00
 1.19322377e+00
 1.19305797e+00
 1.19255869e+00
 1.19170353e+00
 1.19042102e+00
 1.18860621e+00
 1.18618320e+00
 1.18314766e+00
 1.17955947e+00
 1.17551338e+00
 1.17111435e+00
 1.16646251e+00
 1.16164471e+00
 1.15673168e+00
 1.15178102e+00
 1.14684228e+00
 1.14195972e+00
 1.13717318e+00
 1.13252032e+00
 1.12803894e+00
 1.12376770e+00
 1.11974582e+00
 1.11601320e+00
 1.11261205e+00
 1.10958792e+00
 1.10698744e+00
 1.10484876e+00
 1.10318183e+00
 1.10194771e+00
 1.10106812e+00
 1.10047048e+00
 1.10011754e+00
 1.10000000e+00
 1.19300970e+00
 1.19289518e+00
 1.19253634e+00
 1.19184424e+00
 1.19064531e+00
 1.18878442e+00
 1.18621505e+00
 1.18299207e+00
 1.17922090e+00
 1.17502006e+00
 1.17050369e+00
 1.16577331e+00
 1.16091170e+00
 1.15598160e+00
 1.15103210e+00
 1.14610658e+00
 1.14124498e+00
 1.13648255e+00
 1.13185289e+00
 1.12739097e+00
 1.12313354e+00
 1.11911790e+00
 1.11538097e+00
 1.11196255e+00
 1.10890839e+00
 1.10627283e+00
 1.10411551e+00
 1.10248700e+00
 1.10138536e+00
 1.10070569e+00
 1.10029989e+00
 1.10007422e+00
 1.10000000e+00
 1.19300852e+00
 1.19303011e+00
 1.19295276e+00
 1.19244951e+00
 1.19122724e+00
 1.18917957e+00
 1.18636301e+00
 1.18290193e+00
 1.17893074e+00
 1.17457509e+00
 1.16994826e+00
 1.16514857e+00
 1.16025224e+00
 1.15531207e+00
 1.15036770e+00
 1.14545699e+00
 1.14061689e+00
 1.13587807e+00
 1.13127028e+00
 1.12682592e+00
 1.12258028e+00
 1.11856900e+00
 1.11482484e+00
 1.11138292e+00
 1.10828413e+00
 1.10558134e+00
 1.10334243e+00
 1.10165074e+00
 1.10061120e+00
 1.10016027e+00
 1.10003289e+00
 1.10000583e+00
 1.10000000e+00
 1.19428621e+00
 1.19433530e+00
 1.19425366e+00
 1.19358225e+00
 1.19204801e+00
 1.18965729e+00
 1.18653863e+00
 1.18283608e+00
 1.17868094e+00
 1.17419068e+00
 1.16947150e+00
 1.16461713e+00
 1.15969690e+00
 1.15475311e+00
 1.14981632e+00
 1.14492006e+00
 1.14010014e+00
 1.13538265e+00
 1.13079409e+00
 1.12636465e+00
 1.12212877e+00
 1.11812122e+00
 1.11437033e+00
 1.11090574e+00
 1.10776159e+00
 1.10498055e+00
 1.10263048e+00
 1.10075750e+00
 1.09961808e+00
 1.09936293e+00
 1.09961604e+00
 1.09989690e+00
 1.10000000e+00
 1.19648573e+00
 1.19642763e+00
 1.19599595e+00
 1.19482409e+00
 1.19282045e+00
 1.19006399e+00
 1.18667617e+00
 1.18277756e+00
 1.17848035e+00
 1.17388902e+00
 1.16910193e+00
 1.16420941e+00
 1.15927509e+00
 1.15433191e+00
 1.14940292e+00
 1.14451862e+00
 1.13971539e+00
 1.13501497e+00
 1.13044156e+00
 1.12602352e+00
 1.12179506e+00
 1.11779077e+00
 1.11403536e+00
 1.11055296e+00
 1.10737386e+00
 1.10452171e+00
 1.10208392e+00
 1.09997366e+00
 1.09853762e+00
 1.09834740e+00
 1.09902263e+00
 1.09973514e+00
 1.10000000e+00
 1.19850196e+00
 1.19824877e+00
 1.19734220e+00
 1.19569114e+00
 1.19332518e+00
 1.19031665e+00
 1.18675432e+00
 1.18273271e+00
 1.17834798e+00
 1.17369508e+00
 1.16886696e+00
 1.16395234e+00
 1.15901125e+00
 1.15407001e+00
 1.14914677e+00
 1.14427027e+00
 1.13947817e+00
 1.13478876e+00
 1.13022509e+00
 1.12581418e+00
 1.12159040e+00
 1.11758842e+00
 1.11383082e+00
 1.11033705e+00
 1.10713818e+00
 1.10423459e+00
 1.10175614e+00
 1.09946131e+00
 1.09766793e+00
 1.09740961e+00
 1.09838047e+00
 1.09953549e+00
 1.10000000e+00
 1.19930900e+00
 1.19893337e+00
 1.19781652e+00
 1.19598785e+00
 1.19349477e+00
 1.19039997e+00
 1.18677853e+00
 1.18271556e+00
 1.17830151e+00
 1.17362806e+00
 1.16878625e+00
 1.16386446e+00
 1.15892143e+00
 1.15398115e+00
 1.14906001e+00
 1.14418621e+00
 1.13939802e+00
 1.13471242e+00
 1.13015211e+00
 1.12574363e+00
 1.12152144e+00
 1.11752030e+00
 1.11376213e+00
 1.11026439e+00
 1.10705953e+00
 1.10413664e+00
 1.10164913e+00
 1.09928884e+00
 1.09733160e+00
 1.09701967e+00
 1.09807806e+00
 1.09941670e+00
 1.10000000e+00
