 1.39174800e+00
 1.39131837e+00
 1.39003108e+00
 1.38789105e+00
 1.38490641e+00
 1.38108887e+00
 1.37645375e+00
 1.37102224e+00
 1.36482108e+00
 1.35788495e+00
 1.35025560e+00
 1.34198620e+00
 1.33314926e+00
 1.32382642e+00
 1.31410967e+00
 1.30410985e+00
 1.29395855e+00
 1.28379794e+00
 1.27378306e+00
 1.26407258e+00
 1.25480940e+00
 1.24609580e+00
 1.23801132e+00
 1.23063166e+00
 1.22400037e+00
 1.21815099e+00
 1.21309595e+00
 1.20884042e+00
 1.20538332e+00
 1.20271338e+00
 1.20081784e+00
 1.19968555e+00
 1.19930900e+00
 1.39216225e+00
 1.39169585e+00
 1.39034725e+00
 1.38815835e+00
 1.38514186e+00
 1.38130553e+00
 1.37665988e+00
 1.37122273e+00
 1.36501897e+00
 1.35808224e+00
 1.35045391e+00
 1.34218713e+00
 1.33335378e+00
 1.32403546e+00
 1.31432441e+00
 1.30433141e+00
 1.29418747e+00
 1.28403441e+00
 1.27402632e+00
 1.26432038e+00
 1.25505783e+00
 1.24634079e+00
 1.23824873e+00
 1.23085513e+00
 1.22420284e+00
 1.21832262e+00
 1.21322408e+00
 1.20890665e+00
 1.20535952e+00
 1.20255859e+00
 1.20048221e+00
 1.19913765e+00
 1.19863809e+00
 1.39327307e+00
 1.39275042e+00
 1.39126676e+00
 1.38894803e+00
 1.38584190e+00
 1.38195131e+00
 1.37727491e+00
 1.37182118e+00
 1.36560977e+00
 1.35867130e+00
 1.35104604e+00
 1.34278687e+00
 1.33396410e+00
 1.32465916e+00
 1.31496485e+00
 1.30499176e+00
 1.29486928e+00
 1.28473807e+00
 1.27474942e+00
 1.26505624e+00
 1.25579517e+00
 1.24706761e+00
 1.23895232e+00
 1.23151702e+00
 1.22480170e+00
 1.21882958e+00
 1.21360165e+00
 1.20910116e+00
 1.20529083e+00
 1.20211601e+00
 1.19955068e+00
 1.19772492e+00
 1.19702812e+00
 1.39474709e+00
 1.39419893e+00
 1.39262829e+00
 1.39018614e+00
 1.38697213e+00
 1.38300762e+00
 1.37828624e+00
 1.37280742e+00
 1.36658428e+00
 1.35964336e+00
 1.35202328e+00
 1.34377618e+00
 1.33497048e+00
 1.32568716e+00
 1.31601963e+00
 1.30607798e+00
 1.29598928e+00
 1.28589193e+00
 1.27593281e+00
 1.26625834e+00
 1.25699851e+00
 1.24825288e+00
 1.24009801e+00
 1.23259393e+00
 1.22577503e+00
 1.21965417e+00
 1.21421978e+00
 1.20943582e+00
 1.20524174e+00
 1.20157865e+00
 1.19849636e+00
 1.19630919e+00
 1.19550109e+00
 1.39622851e+00
 1.39569968e+00
 1.39415780e+00
 1.39170713e+00
 1.38844726e+00
 1.38442951e+00
 1.37966643e+00
 1.37416138e+00
 1.36792557e+00
 1.36098289e+00
 1.35337042e+00
 1.34513938e+00
 1.33635647e+00
 1.32710203e+00
 1.31746972e+00
 1.30756873e+00
 1.29752338e+00
 1.28746863e+00
 1.27754563e+00
 1.26789285e+00
 1.25863267e+00
 1.24986117e+00
 1.24165100e+00
 1.23405412e+00
 1.22709764e+00
 1.22078490e+00
 1.21509570e+00
 1.20999075e+00
 1.20543002e+00
 1.20142976e+00
 1.19815654e+00
 1.19594900e+00
 1.19516257e+00
 1.39761258e+00
 1.39713810e+00
 1.39571704e+00
 1.39337355e+00
 1.39016393e+00
 1.38614964e+00
 1.38137129e+00
 1.37585107e+00
 1.36960764e+00
 1.36266661e+00
 1.35506513e+00
 1.34685401e+00
 1.33809878e+00
 1.32887910e+00
 1.31928843e+00
 1.30943465e+00
 1.29943893e+00
 1.28943185e+00
 1.27954795e+00
 1.26991722e+00
 1.26065415e+00
 1.25184995e+00
 1.24357235e+00
 1.23586639e+00
 1.22875340e+00
 1.22223355e+00
 1.21629270e+00
 1.21092032e+00
 1.20614719e+00
 1.20209567e+00
 1.19898557e+00
 1.19704108e+00
 1.19638399e+00
 1.39926628e+00
 1.39881555e+00
 1.39746200e+00
 1.39520871e+00
 1.39207743e+00
 1.38810942e+00
 1.38334971e+00
 1.37783504e+00
 1.37159566e+00
 1.36466330e+00
 1.35707774e+00
 1.34889062e+00
 1.34016720e+00
 1.33098666e+00
 1.32144186e+00
 1.31163901e+00
 1.30169593e+00
 1.29173822e+00
 1.28189353e+00
 1.27228360e+00
 1.26301542e+00
 1.25417492e+00
 1.24582531e+00
 1.23800759e+00
 1.23074251e+00
 1.22403729e+00
 1.21790024e+00
 1.21236613e+00
 1.20752615e+00
 1.20353510e+00
 1.20056685e+00
 1.19874794e+00
 1.19813682e+00
 1.40124795e+00
 1.40080353e+00
 1.39947310e+00
 1.39726444e+00
 1.39419144e+00
 1.39027811e+00
 1.38555826e+00
 1.38006949e+00
 1.37384895e+00
 1.36693503e+00
 1.35937183e+00
 1.35121316e+00
 1.34252500e+00
 1.33338645e+00
 1.32388962e+00
 1.31413887e+00
 1.30424860e+00
 1.29433941e+00
 1.28453235e+00
 1.27494189e+00
 1.26566858e+00
 1.25679394e+00
 1.24837870e+00
 1.24046414e+00
 1.23307697e+00
 1.22623979e+00
 1.21998800e+00
 1.21438904e+00
 1.20955091e+00
 1.20560669e+00
 1.20268380e+00
 1.20088397e+00
 1.20027568e+00
 1.40342827e+00
 1.40299369e+00
 1.40169058e+00
 1.39952242e+00
 1.39649872e+00
 1.39263725e+00
 1.38796458e+00
 1.38251447e+00
 1.37632543e+00
 1.36943986e+00
 1.36190587e+00
 1.35378007e+00
 1.34512987e+00
 1.33603468e+00
 1.32658602e+00
 1.31688642e+00
 1.30704710e+00
 1.29718404e+00
 1.28741271e+00
 1.27784175e+00
 1.26856710e+00
 1.25966786e+00
 1.25120536e+00
 1.24322559e+00
 1.23576593e+00
 1.22886622e+00
 1.22258225e+00
 1.21699521e+00
 1.21220987e+00
 1.20834068e+00
 1.20549388e+00
 1.20375229e+00
 1.20316627e+00
 1.40582202e+00
 1.40539297e+00
 1.40410702e+00
 1.40196798e+00
 1.39898358e+00
 1.39516751e+00
 1.39054129e+00
 1.38513462e+00
 1.37898451e+00
 1.37213458e+00
 1.36463541e+00
 1.35654601e+00
 1.34793537e+00
 1.33888354e+00
 1.32948161e+00
 1.31983061e+00
 1.31003903e+00
 1.30021917e+00
 1.29048225e+00
 1.28093304e+00
 1.27166512e+00
 1.26275780e+00
 1.25427603e+00
 1.24627357e+00
 1.23879977e+00
 1.23190851e+00
 1.22566647e+00
 1.22015604e+00
 1.21547086e+00
 1.21170598e+00
 1.20894710e+00
 1.20726222e+00
 1.20669546e+00
 1.40838478e+00
 1.40796073e+00
 1.40668949e+00
 1.40457431e+00
 1.40162200e+00
 1.39784450e+00
 1.39326048e+00
 1.38789651e+00
 1.38178748e+00
 1.37497652e+00
 1.36751513e+00
 1.35946379e+00
 1.35089278e+00
 1.34188280e+00
 1.33252476e+00
 1.32291856e+00
 1.31317075e+00
 1.30339106e+00
 1.29368810e+00
 1.28416487e+00
 1.27491492e+00
 1.26602023e+00
 1.25755154e+00
 1.24957150e+00
 1.24214005e+00
 1.23532036e+00
 1.22918280e+00
 1.22380468e+00
 1.21926585e+00
 1.21564242e+00
 1.21300098e+00
 1.21139372e+00
 1.21085410e+00
 1.41108602e+00
 1.41066575e+00
 1.40940593e+00
 1.40730984e+00
 1.40438381e+00
 1.40063869e+00
 1.39609138e+00
 1.39076633e+00
 1.38469653e+00
 1.37792402e+00
 1.37050020e+00
 1.36248612e+00
 1.35395285e+00
 1.34498158e+00
 1.33566320e+00
 1.32609697e+00
 1.31638829e+00
 1.30664555e+00
 1.29697640e+00
 1.28748398e+00
 1.27826384e+00
 1.26940238e+00
 1.26097711e+00
 1.25305904e+00
 1.24571610e+00
 1.23901637e+00
 1.23302947e+00
 1.22782510e+00
 1.22346938e+00
 1.22002036e+00
 1.21752434e+00
 1.21601404e+00
 1.21550853e+00
 1.41388747e+00
 1.41347044e+00
 1.41222027e+00
 1.41013999e+00
 1.40723558e+00
 1.40351721e+00
 1.39900072e+00
 1.39370917e+00
 1.38767411e+00
 1.38093645e+00
 1.37354702e+00
 1.36556686e+00
 1.35706731e+00
 1.34812987e+00
 1.33884549e+00
 1.32931323e+00
 1.31963811e+00
 1.30992829e+00
 1.30029185e+00
 1.29083359e+00
 1.28165246e+00
 1.27284013e+00
 1.26448084e+00
 1.25665246e+00
 1.24942804e+00
 1.24287684e+00
 1.23706418e+00
 1.23204977e+00
 1.22788522e+00
 1.22461149e+00
 1.22225742e+00
 1.22083997e+00
 1.22036683e+00
 1.41675509e+00
 1.41634061e+00
 1.41509804e+00
 1.41303024e+00
 1.41014289e+00
 1.40644570e+00
 1.40195383e+00
 1.39668942e+00
 1.39068295e+00
 1.38397435e+00
 1.37661375e+00
 1.36866185e+00
 1.36018996e+00
 1.35127970e+00
 1.34202215e+00
 1.33251650e+00
 1.32286798e+00
 1.31318537e+00
 1.30357815e+00
 1.29415373e+00
 1.28501517e+00
 1.27625950e+00
 1.26797696e+00
 1.26025063e+00
 1.25315620e+00
 1.24676134e+00
 1.24112457e+00
 1.23629385e+00
 1.23230557e+00
 1.22918475e+00
 1.22694689e+00
 1.22560095e+00
 1.22515177e+00
 1.41965552e+00
 1.41924278e+00
 1.41800544e+00
 1.41594640e+00
 1.41307128e+00
 1.40938953e+00
 1.40491582e+00
 1.39967161e+00
 1.39368656e+00
 1.38699980e+00
 1.37966075e+00
 1.37172966e+00
 1.36327764e+00
 1.35438629e+00
 1.34514687e+00
 1.33565888e+00
 1.32602817e+00
 1.31636460e+00
 1.30677956e+00
 1.29738342e+00
 1.28828335e+00
 1.27958137e+00
 1.27137277e+00
 1.26374452e+00
 1.25677356e+00
 1.25052495e+00
 1.24505026e+00
 1.24038687e+00
 1.23655868e+00
 1.23357834e+00
 1.23145048e+00
 1.23017499e+00
 1.22975013e+00
 1.42255150e+00
 1.42213995e+00
 1.42090617e+00
 1.41885299e+00
 1.41598594e+00
 1.41231430e+00
 1.40785244e+00
 1.40262135e+00
 1.39665010e+00
 1.38997713e+00
 1.38265128e+00
 1.37473229e+00
 1.36629100e+00
 1.35740896e+00
 1.34817757e+00
 1.33869674e+00
 1.32907304e+00
 1.31941757e+00
 1.30984363e+00
 1.30046437e+00
 1.29139057e+00
 1.28272845e+00
 1.27457747e+00
 1.26702775e+00
 1.26015727e+00
 1.25402908e+00
 1.24868934e+00
 1.24416688e+00
 1.24047494e+00
 1.23761484e+00
 1.23558075e+00
 1.23436460e+00
 1.23396001e+00
 1.42541030e+00
 1.42499931e+00
 1.42376724e+00
 1.42171695e+00
 1.41885393e+00
 1.41518732e+00
 1.41073125e+00
 1.40550633e+00
 1.39954116e+00
 1.39287365e+00
 1.38555208e+00
 1.37763577e+00
 1.36919525e+00
 1.36031198e+00
 1.35107747e+00
 1.34159200e+00
 1.33196280e+00
 1.32230202e+00
 1.31272451e+00
 1.30334552e+00
 1.29427854e+00
 1.28563294e+00
 1.27751140e+00
 1.27000682e+00
 1.26319880e+00
 1.25715014e+00
 1.25190422e+00
 1.24748435e+00
 1.24389577e+00
 1.24113022e+00
 1.23917225e+00
 1.23800554e+00
 1.23761809e+00
 1.42819972e+00
 1.42778886e+00
 1.42655714e+00
 1.42450734e+00
 1.42164482e+00
 1.41797861e+00
 1.41352265e+00
 1.40829727e+00
 1.40233069e+00
 1.39566037e+00
 1.38833412e+00
 1.38041086e+00
 1.37196082e+00
 1.36306535e+00
 1.35381603e+00
 1.34431339e+00
 1.33466514e+00
 1.32498410e+00
 1.31538600e+00
 1.30598727e+00
 1.29690281e+00
 1.28824373e+00
 1.28011475e+00
 1.27261107e+00
 1.26581453e+00
 1.25978975e+00
 1.25458076e+00
 1.25020958e+00
 1.24667754e+00
 1.24396977e+00
 1.24206225e+00
 1.24093007e+00
 1.24055491e+00
 1.43089356e+00
 1.43048228e+00
 1.42924931e+00
 1.42719740e+00
 1.42433189e+00
 1.42066168e+00
 1.41620054e+00
 1.41096854e+00
 1.40499354e+00
 1.39831257e+00
 1.39097304e+00
 1.38303345e+00
 1.37456379e+00
 1.36564527e+00
 1.35636952e+00
 1.34683721e+00
 1.33715629e+00
 1.32743984e+00
 1.31780373e+00
 1.30836442e+00
 1.29923675e+00
 1.29053182e+00
 1.28235473e+00
 1.27480181e+00
 1.26795709e+00
 1.26188836e+00
 1.25664332e+00
 1.25224713e+00
 1.24870248e+00
 1.24599321e+00
 1.24409124e+00
 1.24296590e+00
 1.24259371e+00
 1.43346705e+00
 1.43305492e+00
 1.43181939e+00
 1.42976321e+00
 1.42689169e+00
 1.42321364e+00
 1.41874267e+00
 1.41349859e+00
 1.40750889e+00
 1.40081019e+00
 1.39344944e+00
 1.38548481e+00
 1.37698607e+00
 1.36803431e+00
 1.35872120e+00
 1.34914753e+00
 1.33942133e+00
 1.32965554e+00
 1.31996561e+00
 1.31046698e+00
 1.30127291e+00
 1.29249257e+00
 1.28422927e+00
 1.27657850e+00
 1.26962527e+00
 1.26344064e+00
 1.25807777e+00
 1.25356866e+00
 1.24992307e+00
 1.24713068e+00
 1.24516735e+00
 1.24400456e+00
 1.24361980e+00
 1.43589894e+00
 1.43548560e+00
 1.43424644e+00
 1.43218422e+00
 1.42930423e+00
 1.42561524e+00
 1.42113069e+00
 1.41587005e+00
 1.40986039e+00
 1.40313783e+00
 1.39574892e+00
 1.38775152e+00
 1.37921523e+00
 1.37022115e+00
 1.36086101e+00
 1.35123576e+00
 1.34145348e+00
 1.33162692e+00
 1.32187070e+00
 1.31229860e+00
 1.30302110e+00
 1.29414364e+00
 1.28576540e+00
 1.27797849e+00
 1.27086671e+00
 1.26450333e+00
 1.25894768e+00
 1.25424155e+00
 1.25040715e+00
 1.24744809e+00
 1.24535397e+00
 1.24410775e+00
 1.24369434e+00
 1.43817136e+00
 1.43775651e+00
 1.43651286e+00
 1.43444326e+00
 1.43155308e+00
 1.42785103e+00
 1.42335028e+00
 1.41806981e+00
 1.41203608e+00
 1.40528469e+00
 1.39786178e+00
 1.38982507e+00
 1.38124411e+00
 1.37220006e+00
 1.36278487e+00
 1.35309973e+00
 1.34325296e+00
 1.33335728e+00
 1.32352662e+00
 1.31387296e+00
 1.30450348e+00
 1.29551869e+00
 1.28701161e+00
 1.27906826e+00
 1.27176845e+00
 1.26518586e+00
 1.25938610e+00
 1.25442317e+00
 1.25033619e+00
 1.24714860e+00
 1.24487068e+00
 1.24350458e+00
 1.24304942e+00
 1.44026773e+00
 1.43985127e+00
 1.43860290e+00
 1.43652564e+00
 1.43362492e+00
 1.42990923e+00
 1.42539116e+00
 1.42008892e+00
 1.41402819e+00
 1.40724407e+00
 1.39978253e+00
 1.39170131e+00
 1.38307007e+00
 1.37397015e+00
 1.36449375e+00
 1.35474253e+00
 1.34482537e+00
 1.33485542e+00
 1.32494649e+00
 1.31520930e+00
 1.30574814e+00
 1.29665838e+00
 1.28802579e+00
 1.27992788e+00
 1.27243723e+00
 1.26562505e+00
 1.25956247e+00
 1.25431777e+00
 1.24995127e+00
 1.24651101e+00
 1.24403174e+00
 1.24253606e+00
 1.24203623e+00
 1.44217384e+00
 1.44175614e+00
 1.44050400e+00
 1.43842038e+00
 1.43551051e+00
 1.43178230e+00
 1.42724726e+00
 1.42192241e+00
 1.41583261e+00
 1.40901274e+00
 1.40150904e+00
 1.39337957e+00
 1.38469421e+00
 1.37553443e+00
 1.36599273e+00
 1.35617140e+00
 1.34618033e+00
 1.33613375e+00
 1.32614624e+00
 1.31632846e+00
 1.30678304e+00
 1.29760141e+00
 1.28886237e+00
 1.28063358e+00
 1.27297682e+00
 1.26595591e+00
 1.25964365e+00
 1.25412261e+00
 1.24947767e+00
 1.24578522e+00
 1.24310532e+00
 1.24148022e+00
 1.24093557e+00
 1.44388200e+00
 1.44346342e+00
 1.44220883e+00
 1.44012134e+00
 1.43720545e+00
 1.43346740e+00
 1.42891668e+00
 1.42356872e+00
 1.41744795e+00
 1.41058987e+00
 1.40304160e+00
 1.39486179e+00
 1.38612045e+00
 1.37689897e+00
 1.36729004e+00
 1.35739673e+00
 1.34733036e+00
 1.33720699e+00
 1.32714303e+00
 1.31725049e+00
 1.30763231e+00
 1.29837829e+00
 1.28956246e+00
 1.28124337e+00
 1.27346932e+00
 1.26628962e+00
 1.25976941e+00
 1.25399922e+00
 1.24908950e+00
 1.24515143e+00
 1.24227777e+00
 1.24053201e+00
 1.23994700e+00
 1.44538369e+00
 1.44496617e+00
 1.44371381e+00
 1.44162781e+00
 1.43871081e+00
 1.43496634e+00
 1.43040082e+00
 1.42502830e+00
 1.41887417e+00
 1.41197586e+00
 1.40438198e+00
 1.39615167e+00
 1.38735470e+00
 1.37807200e+00
 1.36839615e+00
 1.35843110e+00
 1.34829005e+00
 1.33809155e+00
 1.32795471e+00
 1.31799428e+00
 1.30831554e+00
 1.29900966e+00
 1.29014971e+00
 1.28178877e+00
 1.27396244e+00
 1.26669952e+00
 1.26004259e+00
 1.25407281e+00
 1.24891916e+00
 1.24473325e+00
 1.24164681e+00
 1.23975393e+00
 1.23911544e+00
 1.44669687e+00
 1.44627883e+00
 1.44502704e+00
 1.44294521e+00
 1.44003246e+00
 1.43628434e+00
 1.43170235e+00
 1.42630153e+00
 1.42011106e+00
 1.41317146e+00
 1.40553273e+00
 1.39725397e+00
 1.38840410e+00
 1.37906300e+00
 1.36932284e+00
 1.35928850e+00
 1.34907542e+00
 1.33880512e+00
 1.32860000e+00
 1.31857844e+00
 1.30884970e+00
 1.29950900e+00
 1.29063286e+00
 1.28227488e+00
 1.27446404e+00
 1.26720983e+00
 1.26051986e+00
 1.25443513e+00
 1.24907387e+00
 1.24464061e+00
 1.24135603e+00
 1.23935912e+00
 1.23869232e+00
 1.44776954e+00
 1.44735985e+00
 1.44613132e+00
 1.44407748e+00
 1.44118074e+00
 1.43742730e+00
 1.43282162e+00
 1.42738660e+00
 1.42115745e+00
 1.41417745e+00
 1.40649693e+00
 1.39817402e+00
 1.38927626e+00
 1.37988189e+00
 1.37008229e+00
 1.35998336e+00
 1.34970311e+00
 1.33936623e+00
 1.32909851e+00
 1.31902239e+00
 1.30925181e+00
 1.29988777e+00
 1.29101358e+00
 1.28268963e+00
 1.27494769e+00
 1.26778942e+00
 1.26119258e+00
 1.25513461e+00
 1.24964964e+00
 1.24490817e+00
 1.24122688e+00
 1.23892126e+00
 1.23814455e+00
 1.44864231e+00
 1.44825656e+00
 1.44707890e+00
 1.44506328e+00
 1.44217120e+00
 1.43839475e+00
 1.43375307e+00
 1.42827904e+00
 1.42201180e+00
 1.41499506e+00
 1.40727813e+00
 1.39891733e+00
 1.38997861e+00
 1.38053812e+00
 1.37068615e+00
 1.36052969e+00
 1.35018950e+00
 1.33979349e+00
 1.32947038e+00
 1.31934660e+00
 1.30954065e+00
 1.30015967e+00
 1.29129515e+00
 1.28301838e+00
 1.27537173e+00
 1.26836426e+00
 1.26196868e+00
 1.25612303e+00
 1.25075655e+00
 1.24588087e+00
 1.24174515e+00
 1.23887803e+00
 1.23784186e+00
 1.44950914e+00
 1.44913033e+00
 1.44795900e+00
 1.44592629e+00
 1.44299453e+00
 1.43917153e+00
 1.43448624e+00
 1.42897406e+00
 1.42267350e+00
 1.41562636e+00
 1.40788023e+00
 1.39948909e+00
 1.39051775e+00
 1.38103993e+00
 1.37114469e+00
 1.36094014e+00
 1.35054978e+00
 1.34010449e+00
 1.32973509e+00
 1.31957172e+00
 1.30973647e+00
 1.30034210e+00
 1.29148745e+00
 1.28325589e+00
 1.27570315e+00
 1.26885469e+00
 1.26270136e+00
 1.25719252e+00
 1.25223280e+00
 1.24772430e+00
 1.24374246e+00
 1.24079832e+00
 1.23968676e+00
 1.45032773e+00
 1.44993402e+00
 1.44871296e+00
 1.44660886e+00
 1.44361090e+00
 1.43973656e+00
 1.43501219e+00
 1.42946933e+00
 1.42314365e+00
 1.41607414e+00
 1.40830703e+00
 1.39989387e+00
 1.39089904e+00
 1.38139384e+00
 1.37146622e+00
 1.36122531e+00
 1.35079695e+00
 1.34031457e+00
 1.32991006e+00
 1.31971677e+00
 1.30985908e+00
 1.30045423e+00
 1.29160625e+00
 1.28340925e+00
 1.27593028e+00
 1.26921129e+00
 1.26326728e+00
 1.25808386e+00
 1.25361068e+00
 1.24976918e+00
 1.24652502e+00
 1.24409969e+00
 1.24314403e+00
 1.45092840e+00
 1.45050512e+00
 1.44921248e+00
 1.44703748e+00
 1.44398736e+00
 1.44007735e+00
 1.43532749e+00
 1.42976535e+00
 1.42342440e+00
 1.41634132e+00
 1.40856174e+00
 1.40013520e+00
 1.39112631e+00
 1.38160443e+00
 1.37165675e+00
 1.36139313e+00
 1.35094103e+00
 1.34043562e+00
 1.33000910e+00
 1.31979714e+00
 1.30992516e+00
 1.30051346e+00
 1.29166871e+00
 1.28349256e+00
 1.27605899e+00
 1.26942107e+00
 1.26361089e+00
 1.25864343e+00
 1.25451563e+00
 1.25120762e+00
 1.24870272e+00
 1.24702859e+00
 1.24638376e+00
 1.45115000e+00
 1.45070778e+00
 1.44938305e+00
 1.44718162e+00
 1.44411314e+00
 1.44019092e+00
 1.43543240e+00
 1.42986376e+00
 1.42351772e+00
 1.41643010e+00
 1.40864641e+00
 1.40021538e+00
 1.39120182e+00
 1.38167434e+00
 1.37171986e+00
 1.36144852e+00
 1.35098833e+00
 1.34047512e+00
 1.33004109e+00
 1.31982278e+00
 1.30994588e+00
 1.30053179e+00
 1.29168791e+00
 1.28351865e+00
 1.27610022e+00
 1.26948955e+00
 1.26372449e+00
 1.25883049e+00
 1.25482156e+00
 1.25170188e+00
 1.24947309e+00
 1.24813577e+00
 1.24769000e+00
