 1.00000000e+00
 1.00000000e+00
 1.00000000e+00
 1.00000000e+00
 1.00000000e+00
 1.00000000e+00
 1.00000000e+00
 1.00000000e+00
 1.00000000e+00
 1.00000000e+00
 1.00000000e+00
 1.00000000e+00
 1.00000000e+00
 1.00000000e+00
 1.00000000e+00
 1.00000000e+00
 1.00000000e+00
 1.00000000e+00
 1.00022939e+00
 1.00090699e+00
 1.00200353e+00
 1.00346151e+00
 1.00519259e+00
 1.00707702e+00
 1.00897480e+00
 1.01074372e+00
 1.01226499e+00
 1.01346359e+00
 1.01432381e+00
 1.01489140e+00
 1.01530000e+00
 1.01583333e+00
 1.01684865e+00
 1.01767333e+00
 1.00000000e+00
 1.00090701e+00
 1.00359121e+00
 1.00793266e+00
 1.01370554e+00
 1.02055929e+00
 1.02802071e+00
 1.03553443e+00
 1.04253847e+00
 1.04856110e+00
 1.05330677e+00
 1.05670930e+00
 1.05894545e+00
 1.06047697e+00
 1.06215199e+00
 1.06454283e+00
 1.06594708e+00
 1.00000000e+00
 1.00200352e+00
 1.00793268e+00
 1.01752229e+00
 1.03027410e+00
 1.04541310e+00
 1.06189455e+00
 1.07849104e+00
 1.09396157e+00
 1.10726264e+00
 1.11773990e+00
 1.12523667e+00
 1.13009152e+00
 1.13302362e+00
 1.13484265e+00
 1.13591050e+00
 1.13623462e+00
 1.00000000e+00
 1.00346156e+00
 1.01370570e+00
 1.03027434e+00
 1.05230626e+00
 1.07846258e+00
 1.10693785e+00
 1.13561116e+00
 1.16233711e+00
 1.18531019e+00
 1.20339136e+00
 1.21628621e+00
 1.22449701e+00
 1.22899304e+00
 1.23071375e+00
 1.23063401e+00
 1.23028936e+00
 1.00000000e+00
 1.00519273e+00
 1.02055983e+00
 1.04541419e+00
 1.07846382e+00
 1.11769988e+00
 1.16041345e+00
 1.20342202e+00
 1.24350499e+00
 1.27794790e+00
 1.30502653e+00
 1.32426677e+00
 1.33639902e+00
 1.34305888e+00
 1.34633074e+00
 1.34796949e+00
 1.34854853e+00
 1.00000000e+00
 1.00707741e+00
 1.02802221e+00
 1.06189766e+00
 1.10694240e+00
 1.16041775e+00
 1.21863055e+00
 1.27724162e+00
 1.33185834e+00
 1.37877345e+00
 1.41561915e+00
 1.44171087e+00
 1.45796699e+00
 1.46645944e+00
 1.46978378e+00
 1.47046400e+00
 1.47043744e+00
 1.00000000e+00
 1.00897564e+00
 1.03553775e+00
 1.07849817e+00
 1.13562242e+00
 1.20343578e+00
 1.27725305e+00
 1.35156997e+00
 1.42081376e+00
 1.48027817e+00
 1.52695263e+00
 1.55996144e+00
 1.58046616e+00
 1.59108201e+00
 1.59505992e+00
 1.59562057e+00
 1.59543073e+00
 1.00000000e+00
 1.01074534e+00
 1.04254484e+00
 1.09397533e+00
 1.16235970e+00
 1.24353534e+00
 1.33189137e+00
 1.42083877e+00
 1.50370701e+00
 1.57486179e+00
 1.63070163e+00
 1.67019916e+00
 1.69482359e+00
 1.70792427e+00
 1.71373555e+00
 1.71598649e+00
 1.71660822e+00
 1.00000000e+00
 1.01226771e+00
 1.04857189e+00
 1.10728613e+00
 1.18534930e+00
 1.27800285e+00
 1.37884014e+00
 1.48034504e+00
 1.57490883e+00
 1.65610048e+00
 1.71980822e+00
 1.76485942e+00
 1.79289588e+00
 1.80753516e+00
 1.81314644e+00
 1.81396822e+00
 1.81368486e+00
 1.00000000e+00
 1.01346796e+00
 1.05332389e+00
 1.11777665e+00
 1.20345162e+00
 1.30511233e+00
 1.41573121e+00
 1.52707898e+00
 1.63081851e+00
 1.71988870e+00
 1.78976608e+00
 1.83916453e+00
 1.86992327e+00
 1.88620202e+00
 1.89329013e+00
 1.89595196e+00
 1.89668199e+00
 1.00000000e+00
 1.01433094e+00
 1.05673726e+00
 1.12529404e+00
 1.21637126e+00
 1.32438082e+00
 1.44187801e+00
 1.56016509e+00
 1.67039763e+00
 1.76505483e+00
 1.83929503e+00
 1.89173885e+00
 1.92433897e+00
 1.94133128e+00
 1.94781963e+00
 1.94872347e+00
 1.94835873e+00
 1.00000000e+00
 1.01490463e+00
 1.05899785e+00
 1.13019367e+00
 1.22461568e+00
 1.33650717e+00
 1.45819866e+00
 1.58078002e+00
 1.69507071e+00
 1.79324748e+00
 1.87022092e+00
 1.92450710e+00
 1.95829519e+00
 1.97607249e+00
 1.98359235e+00
 1.98611555e+00
 1.98669334e+00
 1.00000000e+00
 1.01531951e+00
 1.06057025e+00
 1.13323409e+00
 1.22919189e+00
 1.34304284e+00
 1.46676687e+00
 1.59160998e+00
 1.70805733e+00
 1.80814972e+00
 1.88664616e+00
 1.94170065e+00
 1.97619630e+00
 1.99419687e+00
 2.00165231e+00
 2.00410389e+00
 2.00463409e+00
 1.00000000e+00
 1.01582158e+00
 1.06222722e+00
 1.13526400e+00
 1.23112704e+00
 1.34596159e+00
 1.47016122e+00
 1.59603948e+00
 1.71337766e+00
 1.81429373e+00
 1.89369679e+00
 1.94849846e+00
 1.98372322e+00
 2.00147935e+00
 2.00775179e+00
 2.00883676e+00
 2.00864792e+00
 1.00000000e+00
 1.01669754e+00
 1.06440807e+00
 1.13661822e+00
 1.23138547e+00
 1.34709581e+00
 1.47086538e+00
 1.59724833e+00
 1.71480556e+00
 1.81590295e+00
 1.89603810e+00
 1.94985423e+00
 1.98613892e+00
 2.00366453e+00
 2.00896998e+00
 2.00972317e+00
 2.00942873e+00
 1.00000000e+00
 1.01739756e+00
 1.06563494e+00
 1.13710039e+00
 1.23122285e+00
 1.34741745e+00
 1.47083246e+00
 1.59740411e+00
 1.71497138e+00
 1.81604962e+00
 1.89653826e+00
 1.94974624e+00
 1.98663217e+00
 2.00404736e+00
 2.00888337e+00
 2.00963995e+00
 2.00964300e+00
