 1.28123600e+00
 1.28116908e+00
 1.28096869e+00
 1.28063612e+00
 1.28017342e+00
 1.27958358e+00
 1.27887010e+00
 1.27803435e+00
 1.27707657e+00
 1.27599722e+00
 1.27479545e+00
 1.27346906e+00
 1.27201798e+00
 1.27045038e+00
 1.26877345e+00
 1.26700297e+00
 1.26514890e+00
 1.26322431e+00
 1.26126406e+00
 1.25931572e+00
 1.25741884e+00
 1.25560676e+00
 1.25390326e+00
 1.25232948e+00
 1.25090244e+00
 1.24963526e+00
 1.24853460e+00
 1.24760180e+00
 1.24683950e+00
 1.24624794e+00
 1.24582643e+00
 1.24557404e+00
 1.24549000e+00
 1.28114955e+00
 1.28103005e+00
 1.28074229e+00
 1.28034065e+00
 1.27983360e+00
 1.27921825e+00
 1.27849074e+00
 1.27764769e+00
 1.27668655e+00
 1.27560621e+00
 1.27440499e+00
 1.27308040e+00
 1.27163228e+00
 1.27006825e+00
 1.26839568e+00
 1.26662978e+00
 1.26478090e+00
 1.26286269e+00
 1.26090954e+00
 1.25896802e+00
 1.25707742e+00
 1.25527086e+00
 1.25357237e+00
 1.25200321e+00
 1.25058072e+00
 1.24931852e+00
 1.24822455e+00
 1.24730282e+00
 1.24655977e+00
 1.24600153e+00
 1.24563228e+00
 1.24544651e+00
 1.24540273e+00
 1.28070691e+00
 1.28050728e+00
 1.28002762e+00
 1.27944284e+00
 1.27881120e+00
 1.27812221e+00
 1.27735389e+00
 1.27648947e+00
 1.27551858e+00
 1.27443545e+00
 1.27323606e+00
 1.27191693e+00
 1.27047762e+00
 1.26892436e+00
 1.26726474e+00
 1.26551267e+00
 1.26367936e+00
 1.26178001e+00
 1.25984772e+00
 1.25792632e+00
 1.25605429e+00
 1.25426409e+00
 1.25258044e+00
 1.25102494e+00
 1.24961585e+00
 1.24836837e+00
 1.24729418e+00
 1.24640474e+00
 1.24571721e+00
 1.24525241e+00
 1.24502136e+00
 1.24498123e+00
 1.24499837e+00
 1.27944794e+00
 1.27921294e+00
 1.27861190e+00
 1.27785529e+00
 1.27707534e+00
 1.27628705e+00
 1.27545990e+00
 1.27456368e+00
 1.27357823e+00
 1.27249143e+00
 1.27129574e+00
 1.26998614e+00
 1.26856145e+00
 1.26702619e+00
 1.26538790e+00
 1.26365895e+00
 1.26185160e+00
 1.25998285e+00
 1.25808396e+00
 1.25619501e+00
 1.25435298e+00
 1.25258945e+00
 1.25092984e+00
 1.24939636e+00
 1.24800865e+00
 1.24678441e+00
 1.24574070e+00
 1.24489819e+00
 1.24428530e+00
 1.24393063e+00
 1.24382719e+00
 1.24387682e+00
 1.24391978e+00
 1.27689440e+00
 1.27668888e+00
 1.27613402e+00
 1.27537249e+00
 1.27453545e+00
 1.27367977e+00
 1.27280079e+00
 1.27187311e+00
 1.27087314e+00
 1.26978421e+00
 1.26859547e+00
 1.26730017e+00
 1.26589609e+00
 1.26438616e+00
 1.26277735e+00
 1.26108079e+00
 1.25930960e+00
 1.25748213e+00
 1.25562753e+00
 1.25378190e+00
 1.25198004e+00
 1.25025247e+00
 1.24862502e+00
 1.24712062e+00
 1.24576032e+00
 1.24456440e+00
 1.24355422e+00
 1.24275467e+00
 1.24219188e+00
 1.24187614e+00
 1.24177033e+00
 1.24177942e+00
 1.24179778e+00
 1.27294454e+00
 1.27281909e+00
 1.27244342e+00
 1.27184426e+00
 1.27108955e+00
 1.27024953e+00
 1.26935860e+00
 1.26841727e+00
 1.26741167e+00
 1.26632670e+00
 1.26515060e+00
 1.26387568e+00
 1.26249878e+00
 1.26102164e+00
 1.25945039e+00
 1.25779529e+00
 1.25606991e+00
 1.25429318e+00
 1.25249207e+00
 1.25069890e+00
 1.24894584e+00
 1.24726209e+00
 1.24567339e+00
 1.24420306e+00
 1.24287293e+00
 1.24170427e+00
 1.24071824e+00
 1.23993385e+00
 1.23935899e+00
 1.23897585e+00
 1.23873934e+00
 1.23860556e+00
 1.23856032e+00
 1.26819175e+00
 1.26810216e+00
 1.26782856e+00
 1.26736707e+00
 1.26673520e+00
 1.26597307e+00
 1.26512013e+00
 1.26419654e+00
 1.26320392e+00
 1.26213488e+00
 1.26098049e+00
 1.25973384e+00
 1.25839167e+00
 1.25695508e+00
 1.25542950e+00
 1.25382454e+00
 1.25215383e+00
 1.25043611e+00
 1.24869614e+00
 1.24696282e+00
 1.24526553e+00
 1.24363177e+00
 1.24208656e+00
 1.24065278e+00
 1.23935171e+00
 1.23820298e+00
 1.23722300e+00
 1.23642056e+00
 1.23579049e+00
 1.23531336e+00
 1.23496951e+00
 1.23475572e+00
 1.23468233e+00
 1.26279839e+00
 1.26271931e+00
 1.26248327e+00
 1.26209298e+00
 1.26155433e+00
 1.26088193e+00
 1.26009806e+00
 1.25922276e+00
 1.25826633e+00
 1.25722978e+00
 1.25610940e+00
 1.25490094e+00
 1.25360219e+00
 1.25221434e+00
 1.25074253e+00
 1.24919592e+00
 1.24758785e+00
 1.24593627e+00
 1.24426379e+00
 1.24259623e+00
 1.24096014e+00
 1.23938094e+00
 1.23788217e+00
 1.23648534e+00
 1.23520977e+00
 1.23407174e+00
 1.23308258e+00
 1.23224622e+00
 1.23155968e+00
 1.23101884e+00
 1.23062530e+00
 1.23038558e+00
 1.23030509e+00
 1.25666882e+00
 1.25660495e+00
 1.25641154e+00
 1.25608542e+00
 1.25562620e+00
 1.25503908e+00
 1.25433505e+00
 1.25352758e+00
 1.25262765e+00
 1.25164091e+00
 1.25056845e+00
 1.24940947e+00
 1.24816370e+00
 1.24683317e+00
 1.24542315e+00
 1.24394256e+00
 1.24240422e+00
 1.24082498e+00
 1.23922534e+00
 1.23762832e+00
 1.23605768e+00
 1.23453646e+00
 1.23308613e+00
 1.23172608e+00
 1.23047312e+00
 1.22934063e+00
 1.22833771e+00
 1.22746952e+00
 1.22673982e+00
 1.22615455e+00
 1.22572335e+00
 1.22545784e+00
 1.22536800e+00
 1.24992126e+00
 1.24986666e+00
 1.24970175e+00
 1.24942370e+00
 1.24902947e+00
 1.24851835e+00
 1.24789367e+00
 1.24716228e+00
 1.24633204e+00
 1.24540929e+00
 1.24439780e+00
 1.24329959e+00
 1.24211653e+00
 1.24085188e+00
 1.23951139e+00
 1.23810388e+00
 1.23664160e+00
 1.23514014e+00
 1.23361800e+00
 1.23209564e+00
 1.23059413e+00
 1.22913399e+00
 1.22773433e+00
 1.22641233e+00
 1.22518271e+00
 1.22405757e+00
 1.22304663e+00
 1.22215873e+00
 1.22140387e+00
 1.22079457e+00
 1.22034518e+00
 1.22006921e+00
 1.21997610e+00
 1.24260627e+00
 1.24255980e+00
 1.24241915e+00
 1.24218108e+00
 1.24184150e+00
 1.24139706e+00
 1.24084668e+00
 1.24019225e+00
 1.23943786e+00
 1.23858833e+00
 1.23764795e+00
 1.23662030e+00
 1.23550886e+00
 1.23431806e+00
 1.23305423e+00
 1.23172621e+00
 1.23034561e+00
 1.22892681e+00
 1.22748646e+00
 1.22604267e+00
 1.22461401e+00
 1.22321857e+00
 1.22187325e+00
 1.22059334e+00
 1.21939244e+00
 1.21828272e+00
 1.21727587e+00
 1.21638439e+00
 1.21562255e+00
 1.21500629e+00
 1.21455168e+00
 1.21427259e+00
 1.21417845e+00
 1.23479369e+00
 1.23475426e+00
 1.23463466e+00
 1.23443132e+00
 1.23413939e+00
 1.23375409e+00
 1.23327194e+00
 1.23269167e+00
 1.23201428e+00
 1.23124245e+00
 1.23037968e+00
 1.22942985e+00
 1.22839724e+00
 1.22728707e+00
 1.22610608e+00
 1.22486310e+00
 1.22356915e+00
 1.22223746e+00
 1.22088301e+00
 1.21952184e+00
 1.21817030e+00
 1.21684433e+00
 1.21555897e+00
 1.21432822e+00
 1.21316524e+00
 1.21208297e+00
 1.21109502e+00
 1.21021645e+00
 1.20946390e+00
 1.20885478e+00
 1.20840561e+00
 1.20813008e+00
 1.20803719e+00
 1.22656481e+00
 1.22653114e+00
 1.22642892e+00
 1.22625479e+00
 1.22600387e+00
 1.22567076e+00
 1.22525061e+00
 1.22474012e+00
 1.22413796e+00
 1.22344476e+00
 1.22266272e+00
 1.22179517e+00
 1.22084644e+00
 1.21982201e+00
 1.21872878e+00
 1.21757540e+00
 1.21637234e+00
 1.21513179e+00
 1.21386727e+00
 1.21259305e+00
 1.21132363e+00
 1.21007315e+00
 1.20885523e+00
 1.20768298e+00
 1.20656946e+00
 1.20552832e+00
 1.20457446e+00
 1.20372433e+00
 1.20299553e+00
 1.20240575e+00
 1.20197117e+00
 1.20170480e+00
 1.20161503e+00
 1.21799472e+00
 1.21796611e+00
 1.21787917e+00
 1.21773075e+00
 1.21751613e+00
 1.21722974e+00
 1.21686610e+00
 1.21642069e+00
 1.21589058e+00
 1.21527474e+00
 1.21457396e+00
 1.21379064e+00
 1.21292865e+00
 1.21199324e+00
 1.21099119e+00
 1.20993084e+00
 1.20882208e+00
 1.20767618e+00
 1.20650545e+00
 1.20532272e+00
 1.20414096e+00
 1.20297290e+00
 1.20183104e+00
 1.20072781e+00
 1.19967611e+00
 1.19868987e+00
 1.19778444e+00
 1.19697657e+00
 1.19628380e+00
 1.19572333e+00
 1.19531055e+00
 1.19505766e+00
 1.19497247e+00
 1.20916306e+00
 1.20913907e+00
 1.20906605e+00
 1.20894099e+00
 1.20875931e+00
 1.20851550e+00
 1.20820382e+00
 1.20781910e+00
 1.20735739e+00
 1.20681640e+00
 1.20619567e+00
 1.20549657e+00
 1.20472221e+00
 1.20387735e+00
 1.20296836e+00
 1.20200318e+00
 1.20099114e+00
 1.19994272e+00
 1.19886923e+00
 1.19778238e+00
 1.19669393e+00
 1.19561550e+00
 1.19455863e+00
 1.19353507e+00
 1.19255727e+00
 1.19163884e+00
 1.19079480e+00
 1.19004135e+00
 1.18939519e+00
 1.18887250e+00
 1.18848761e+00
 1.18825184e+00
 1.18817243e+00
 1.20015481e+00
 1.20013501e+00
 1.20007462e+00
 1.19997083e+00
 1.19981929e+00
 1.19961463e+00
 1.19935108e+00
 1.19902314e+00
 1.19862617e+00
 1.19815697e+00
 1.19761401e+00
 1.19699768e+00
 1.19631024e+00
 1.19555583e+00
 1.19474029e+00
 1.19387109e+00
 1.19295702e+00
 1.19200793e+00
 1.19103438e+00
 1.19004720e+00
 1.18905724e+00
 1.18807520e+00
 1.18711173e+00
 1.18617774e+00
 1.18528488e+00
 1.18444586e+00
 1.18367467e+00
 1.18298629e+00
 1.18239606e+00
 1.18191873e+00
 1.18156732e+00
 1.18135208e+00
 1.18127958e+00
 1.19105616e+00
 1.19104021e+00
 1.19099145e+00
 1.19090728e+00
 1.19078362e+00
 1.19061534e+00
 1.19039676e+00
 1.19012218e+00
 1.18978651e+00
 1.18938582e+00
 1.18891772e+00
 1.18838170e+00
 1.18777922e+00
 1.18711374e+00
 1.18639060e+00
 1.18561678e+00
 1.18480063e+00
 1.18395152e+00
 1.18307945e+00
 1.18219463e+00
 1.18130724e+00
 1.18042719e+00
 1.17956428e+00
 1.17872840e+00
 1.17792997e+00
 1.17718030e+00
 1.17649176e+00
 1.17587757e+00
 1.17535131e+00
 1.17492599e+00
 1.17461308e+00
 1.17442155e+00
 1.17435705e+00
 1.18195409e+00
 1.18194173e+00
 1.18190383e+00
 1.18183804e+00
 1.18174062e+00
 1.18160667e+00
 1.18143057e+00
 1.18120653e+00
 1.18092905e+00
 1.18059360e+00
 1.18019706e+00
 1.17973814e+00
 1.17921760e+00
 1.17863831e+00
 1.17800514e+00
 1.17732469e+00
 1.17660497e+00
 1.17585501e+00
 1.17508445e+00
 1.17430312e+00
 1.17352070e+00
 1.17274652e+00
 1.17198951e+00
 1.17125839e+00
 1.17056204e+00
 1.16990983e+00
 1.16931197e+00
 1.16877939e+00
 1.16832342e+00
 1.16795501e+00
 1.16768397e+00
 1.16751803e+00
 1.16746214e+00
 1.17293453e+00
 1.17292573e+00
 1.17289856e+00
 1.17285080e+00
 1.17277887e+00
 1.17267801e+00
 1.17254267e+00
 1.17236688e+00
 1.17214481e+00
 1.17187137e+00
 1.17154278e+00
 1.17115711e+00
 1.17071456e+00
 1.17021757e+00
 1.16967067e+00
 1.16908018e+00
 1.16845389e+00
 1.16780063e+00
 1.16712984e+00
 1.16645114e+00
 1.16577399e+00
 1.16510728e+00
 1.16445920e+00
 1.16383726e+00
 1.16324851e+00
 1.16270004e+00
 1.16219934e+00
 1.16175456e+00
 1.16137435e+00
 1.16106738e+00
 1.16084156e+00
 1.16070329e+00
 1.16065672e+00
 1.16408628e+00
 1.16408102e+00
 1.16406450e+00
 1.16403453e+00
 1.16398759e+00
 1.16391897e+00
 1.16382306e+00
 1.16369363e+00
 1.16352440e+00
 1.16330967e+00
 1.16304507e+00
 1.16272816e+00
 1.16235879e+00
 1.16193916e+00
 1.16147361e+00
 1.16096835e+00
 1.16043103e+00
 1.15987034e+00
 1.15929565e+00
 1.15871656e+00
 1.15814249e+00
 1.15758218e+00
 1.15704332e+00
 1.15653232e+00
 1.15605439e+00
 1.15561400e+00
 1.15521550e+00
 1.15486370e+00
 1.15456406e+00
 1.15432253e+00
 1.15414491e+00
 1.15403612e+00
 1.15399947e+00
 1.15549832e+00
 1.15549649e+00
 1.15549030e+00
 1.15547769e+00
 1.15545522e+00
 1.15541820e+00
 1.15536072e+00
 1.15527603e+00
 1.15515713e+00
 1.15499760e+00
 1.15479253e+00
 1.15453916e+00
 1.15423725e+00
 1.15388903e+00
 1.15349888e+00
 1.15307294e+00
 1.15261877e+00
 1.15214498e+00
 1.15166087e+00
 1.15117612e+00
 1.15070030e+00
 1.15024232e+00
 1.14980979e+00
 1.14940844e+00
 1.14904184e+00
 1.14871177e+00
 1.14841901e+00
 1.14816444e+00
 1.14794978e+00
 1.14777773e+00
 1.14765155e+00
 1.14757433e+00
 1.14754832e+00
 1.14725425e+00
 1.14725583e+00
 1.14725998e+00
 1.14726486e+00
 1.14726714e+00
 1.14726184e+00
 1.14724244e+00
 1.14720120e+00
 1.14713004e+00
 1.14702172e+00
 1.14687093e+00
 1.14667498e+00
 1.14643394e+00
 1.14615034e+00
 1.14582874e+00
 1.14547530e+00
 1.14509745e+00
 1.14470360e+00
 1.14430293e+00
 1.14390517e+00
 1.14352017e+00
 1.14315731e+00
 1.14282469e+00
 1.14252807e+00
 1.14227007e+00
 1.14205001e+00
 1.14186482e+00
 1.14171064e+00
 1.14158450e+00
 1.14148518e+00
 1.14141300e+00
 1.14136905e+00
 1.14135428e+00
 1.13943097e+00
 1.13943649e+00
 1.13945238e+00
 1.13947659e+00
 1.13950544e+00
 1.13953326e+00
 1.13955233e+00
 1.13955336e+00
 1.13952685e+00
 1.13946479e+00
 1.13936194e+00
 1.13921629e+00
 1.13902867e+00
 1.13880222e+00
 1.13854178e+00
 1.13825346e+00
 1.13794442e+00
 1.13762271e+00
 1.13729719e+00
 1.13697746e+00
 1.13667360e+00
 1.13639566e+00
 1.13615277e+00
 1.13595176e+00
 1.13579553e+00
 1.13568198e+00
 1.13560427e+00
 1.13555295e+00
 1.13551894e+00
 1.13549567e+00
 1.13547968e+00
 1.13546991e+00
 1.13546657e+00
 1.13210934e+00
 1.13211903e+00
 1.13214745e+00
 1.13219250e+00
 1.13225005e+00
 1.13231305e+00
 1.13237133e+00
 1.13241293e+00
 1.13242665e+00
 1.13240429e+00
 1.13234165e+00
 1.13223817e+00
 1.13209595e+00
 1.13191887e+00
 1.13171199e+00
 1.13148123e+00
 1.13123326e+00
 1.13097552e+00
 1.13071627e+00
 1.13046467e+00
 1.13023075e+00
 1.13002513e+00
 1.12985829e+00
 1.12973913e+00
 1.12967268e+00
 1.12965756e+00
 1.12968457e+00
 1.12973821e+00
 1.12980126e+00
 1.12985967e+00
 1.12990497e+00
 1.12993327e+00
 1.12994288e+00
 1.12535719e+00
 1.12537165e+00
 1.12541484e+00
 1.12548493e+00
 1.12557627e+00
 1.12567831e+00
 1.12577644e+00
 1.12585516e+00
 1.12590220e+00
 1.12591077e+00
 1.12587916e+00
 1.12580908e+00
 1.12570409e+00
 1.12556871e+00
 1.12540798e+00
 1.12522739e+00
 1.12503288e+00
 1.12483102e+00
 1.12462917e+00
 1.12443566e+00
 1.12425999e+00
 1.12411286e+00
 1.12400587e+00
 1.12395046e+00
 1.12395560e+00
 1.12402400e+00
 1.12414783e+00
 1.12430721e+00
 1.12447471e+00
 1.12462416e+00
 1.12473736e+00
 1.12480589e+00
 1.12482853e+00
 1.11923067e+00
 1.11925355e+00
 1.11932005e+00
 1.11942465e+00
 1.11955786e+00
 1.11970331e+00
 1.11983959e+00
 1.11994786e+00
 1.12001756e+00
 1.12004606e+00
 1.12003554e+00
 1.11999018e+00
 1.11991471e+00
 1.11981387e+00
 1.11969237e+00
 1.11955497e+00
 1.11940671e+00
 1.11925306e+00
 1.11910021e+00
 1.11895529e+00
 1.11882674e+00
 1.11872459e+00
 1.11866065e+00
 1.11864827e+00
 1.11870095e+00
 1.11882873e+00
 1.11903151e+00
 1.11929146e+00
 1.11957188e+00
 1.11982959e+00
 1.12003199e+00
 1.12016073e+00
 1.12020505e+00
 1.11382677e+00
 1.11385466e+00
 1.11394053e+00
 1.11408381e+00
 1.11426747e+00
 1.11445829e+00
 1.11462419e+00
 1.11474778e+00
 1.11482581e+00
 1.11486234e+00
 1.11486351e+00
 1.11483522e+00
 1.11478255e+00
 1.11470994e+00
 1.11462138e+00
 1.11452074e+00
 1.11441197e+00
 1.11429937e+00
 1.11418781e+00
 1.11408299e+00
 1.11399182e+00
 1.11392288e+00
 1.11388696e+00
 1.11389758e+00
 1.11397112e+00
 1.11412529e+00
 1.11437362e+00
 1.11471326e+00
 1.11510916e+00
 1.11549258e+00
 1.11579152e+00
 1.11596983e+00
 1.11602748e+00
 1.10909271e+00
 1.10914350e+00
 1.10929410e+00
 1.10952250e+00
 1.10977698e+00
 1.11000460e+00
 1.11017859e+00
 1.11029688e+00
 1.11036817e+00
 1.11040249e+00
 1.11040804e+00
 1.11039090e+00
 1.11035563e+00
 1.11030582e+00
 1.11024453e+00
 1.11017463e+00
 1.11009902e+00
 1.11002081e+00
 1.10994353e+00
 1.10987138e+00
 1.10980953e+00
 1.10976458e+00
 1.10974523e+00
 1.10976316e+00
 1.10983430e+00
 1.10997986e+00
 1.11022564e+00
 1.11059447e+00
 1.11108466e+00
 1.11163807e+00
 1.11213683e+00
 1.11246562e+00
 1.11257627e+00
 1.10515879e+00
 1.10526313e+00
 1.10553178e+00
 1.10586202e+00
 1.10615889e+00
 1.10638047e+00
 1.10652910e+00
 1.10662216e+00
 1.10667592e+00
 1.10670182e+00
 1.10670734e+00
 1.10669735e+00
 1.10667524e+00
 1.10664353e+00
 1.10660431e+00
 1.10655948e+00
 1.10651095e+00
 1.10646079e+00
 1.10641130e+00
 1.10636527e+00
 1.10632617e+00
 1.10629850e+00
 1.10628833e+00
 1.10630420e+00
 1.10635855e+00
 1.10647003e+00
 1.10666655e+00
 1.10698700e+00
 1.10747281e+00
 1.10813103e+00
 1.10886809e+00
 1.10946979e+00
 1.10970383e+00
 1.10245070e+00
 1.10257318e+00
 1.10286683e+00
 1.10318216e+00
 1.10342500e+00
 1.10358455e+00
 1.10368274e+00
 1.10374117e+00
 1.10377406e+00
 1.10378985e+00
 1.10379354e+00
 1.10378819e+00
 1.10377587e+00
 1.10375804e+00
 1.10373594e+00
 1.10371064e+00
 1.10368325e+00
 1.10365494e+00
 1.10362704e+00
 1.10360114e+00
 1.10357924e+00
 1.10356395e+00
 1.10355886e+00
 1.10356910e+00
 1.10360242e+00
 1.10367109e+00
 1.10379537e+00
 1.10400866e+00
 1.10436114e+00
 1.10490369e+00
 1.10561286e+00
 1.10627545e+00
 1.10655217e+00
 1.10090547e+00
 1.10100092e+00
 1.10120303e+00
 1.10138831e+00
 1.10151608e+00
 1.10159479e+00
 1.10164142e+00
 1.10166858e+00
 1.10168371e+00
 1.10169096e+00
 1.10169269e+00
 1.10169036e+00
 1.10168489e+00
 1.10167696e+00
 1.10166712e+00
 1.10165583e+00
 1.10164362e+00
 1.10163100e+00
 1.10161857e+00
 1.10160704e+00
 1.10159730e+00
 1.10159053e+00
 1.10158837e+00
 1.10159317e+00
 1.10160849e+00
 1.10164015e+00
 1.10169806e+00
 1.10179964e+00
 1.10197399e+00
 1.10226022e+00
 1.10267804e+00
 1.10313539e+00
 1.10335168e+00
 1.10019463e+00
 1.10023221e+00
 1.10029514e+00
 1.10034573e+00
 1.10037916e+00
 1.10039937e+00
 1.10041123e+00
 1.10041811e+00
 1.10042193e+00
 1.10042375e+00
 1.10042418e+00
 1.10042360e+00
 1.10042224e+00
 1.10042025e+00
 1.10041781e+00
 1.10041496e+00
 1.10041190e+00
 1.10040874e+00
 1.10040563e+00
 1.10040274e+00
 1.10040030e+00
 1.10039860e+00
 1.10039807e+00
 1.10039929e+00
 1.10040315e+00
 1.10041115e+00
 1.10042580e+00
 1.10045167e+00
 1.10049643e+00
 1.10057139e+00
 1.10068553e+00
 1.10082813e+00
 1.10091342e+00
 1.10000000e+00
 1.10000001e+00
 1.09999999e+00
 1.10000000e+00
 1.10000000e+00
 1.10000001e+00
 1.10000000e+00
 1.10000001e+00
 1.10000001e+00
 1.10000000e+00
 1.09999999e+00
 1.09999999e+00
 1.10000000e+00
 1.10000000e+00
 1.10000003e+00
 1.10000000e+00
 1.10000001e+00
 1.10000001e+00
 1.10000001e+00
 1.10000001e+00
 1.10000001e+00
 1.09999999e+00
 1.10000000e+00
 1.10000000e+00
 1.10000000e+00
 1.10000000e+00
 1.10000000e+00
 1.10000000e+00
 1.10000000e+00
 1.10000000e+00
 1.10000000e+00
 1.10000000e+00
 1.10000000e+00
