 1.13982700e+00
 1.13970304e+00
 1.13934180e+00
 1.13877360e+00
 1.13804261e+00
 1.13719881e+00
 1.13628600e+00
 1.13532006e+00
 1.13428234e+00
 1.13313409e+00
 1.13183810e+00
 1.13040434e+00
 1.12891257e+00
 1.12741945e+00
 1.12588419e+00
 1.12422891e+00
 1.12242662e+00
 1.12051018e+00
 1.11850275e+00
 1.11640380e+00
 1.11425353e+00
 1.11211276e+00
 1.11004634e+00
 1.10808950e+00
 1.10628376e+00
 1.10465990e+00
 1.10325093e+00
 1.10201227e+00
 1.10098816e+00
 1.10035424e+00
 1.10007583e+00
 1.10000489e+00
 1.10000000e+00
 1.13955188e+00
 1.13949432e+00
 1.13924602e+00
 1.13877063e+00
 1.13810192e+00
 1.13729445e+00
 1.13639897e+00
 1.13543779e+00
 1.13439789e+00
 1.13324477e+00
 1.13194469e+00
 1.13050820e+00
 1.12901065e+00
 1.12750608e+00
 1.12595697e+00
 1.12428991e+00
 1.12247888e+00
 1.12055451e+00
 1.11853950e+00
 1.11643571e+00
 1.11428278e+00
 1.11214073e+00
 1.11007277e+00
 1.10811537e+00
 1.10630932e+00
 1.10468602e+00
 1.10327532e+00
 1.10204322e+00
 1.10103943e+00
 1.10041098e+00
 1.10011896e+00
 1.10002168e+00
 1.10000000e+00
 1.13894122e+00
 1.13898858e+00
 1.13899399e+00
 1.13876839e+00
 1.13827701e+00
 1.13757611e+00
 1.13673311e+00
 1.13578787e+00
 1.13474302e+00
 1.13357638e+00
 1.13226393e+00
 1.13081792e+00
 1.12930246e+00
 1.12776461e+00
 1.12617552e+00
 1.12447379e+00
 1.12263638e+00
 1.12068829e+00
 1.11865109e+00
 1.11653263e+00
 1.11437133e+00
 1.11222478e+00
 1.11015214e+00
 1.10819255e+00
 1.10638529e+00
 1.10476264e+00
 1.10334901e+00
 1.10213490e+00
 1.10117363e+00
 1.10054882e+00
 1.10021151e+00
 1.10005024e+00
 1.10000000e+00
 1.13853854e+00
 1.13864171e+00
 1.13882909e+00
 1.13885816e+00
 1.13859132e+00
 1.13804201e+00
 1.13728038e+00
 1.13636345e+00
 1.13531388e+00
 1.13412740e+00
 1.13279395e+00
 1.13132847e+00
 1.12978150e+00
 1.12819131e+00
 1.12654009e+00
 1.12478278e+00
 1.12290116e+00
 1.12091378e+00
 1.11884103e+00
 1.11669777e+00
 1.11452130e+00
 1.11236539e+00
 1.11028444e+00
 1.10831975e+00
 1.10650934e+00
 1.10488538e+00
 1.10347043e+00
 1.10227665e+00
 1.10134522e+00
 1.10070208e+00
 1.10029938e+00
 1.10007407e+00
 1.10000000e+00
 1.13892611e+00
 1.13901055e+00
 1.13918793e+00
 1.13928445e+00
 1.13914706e+00
 1.13872392e+00
 1.13804489e+00
 1.13716085e+00
 1.13610659e+00
 1.13489506e+00
 1.13353103e+00
 1.13203283e+00
 1.13043934e+00
 1.12878085e+00
 1.12705014e+00
 1.12521917e+00
 1.12327596e+00
 1.12123431e+00
 1.11911386e+00
 1.11693537e+00
 1.11473541e+00
 1.11256335e+00
 1.11046914e+00
 1.10849471e+00
 1.10667716e+00
 1.10504780e+00
 1.10363027e+00
 1.10244452e+00
 1.10151181e+00
 1.10082912e+00
 1.10036456e+00
 1.10009102e+00
 1.10000000e+00
 1.14028246e+00
 1.14028779e+00
 1.14029561e+00
 1.14025852e+00
 1.14008454e+00
 1.13969187e+00
 1.13905355e+00
 1.13818679e+00
 1.13712035e+00
 1.13587603e+00
 1.13446981e+00
 1.13292326e+00
 1.13126746e+00
 1.12952709e+00
 1.12770368e+00
 1.12578406e+00
 1.12376334e+00
 1.12165336e+00
 1.11947382e+00
 1.11724940e+00
 1.11501615e+00
 1.11281929e+00
 1.11070489e+00
 1.10871402e+00
 1.10688264e+00
 1.10524088e+00
 1.10381222e+00
 1.10261405e+00
 1.10165417e+00
 1.10092469e+00
 1.10041051e+00
 1.10010274e+00
 1.10000000e+00
 1.14202236e+00
 1.14199235e+00
 1.14190088e+00
 1.14173505e+00
 1.14145597e+00
 1.14100695e+00
 1.14034478e+00
 1.13945806e+00
 1.13835897e+00
 1.13706742e+00
 1.13560403e+00
 1.13399203e+00
 1.13225797e+00
 1.13042359e+00
 1.12849692e+00
 1.12647650e+00
 1.12436445e+00
 1.12217335e+00
 1.11992367e+00
 1.11764240e+00
 1.11536492e+00
 1.11313302e+00
 1.11098934e+00
 1.10897311e+00
 1.10711860e+00
 1.10545411e+00
 1.10400099e+00
 1.10277251e+00
 1.10177261e+00
 1.10099795e+00
 1.10044445e+00
 1.10011133e+00
 1.10000000e+00
 1.14403512e+00
 1.14399202e+00
 1.14385598e+00
 1.14360970e+00
 1.14322884e+00
 1.14268302e+00
 1.14194257e+00
 1.14099051e+00
 1.13982742e+00
 1.13846648e+00
 1.13692695e+00
 1.13523129e+00
 1.13340327e+00
 1.13146335e+00
 1.12942426e+00
 1.12729301e+00
 1.12507805e+00
 1.12279438e+00
 1.12046382e+00
 1.11811460e+00
 1.11578131e+00
 1.11350299e+00
 1.11131921e+00
 1.10926682e+00
 1.10737798e+00
 1.10567881e+00
 1.10418840e+00
 1.10291846e+00
 1.10187433e+00
 1.10105810e+00
 1.10047178e+00
 1.10011821e+00
 1.10000000e+00
 1.14647400e+00
 1.14640751e+00
 1.14620623e+00
 1.14586359e+00
 1.14536699e+00
 1.14469932e+00
 1.14384296e+00
 1.14278551e+00
 1.14152440e+00
 1.14006746e+00
 1.13843008e+00
 1.13663207e+00
 1.13469482e+00
 1.13263817e+00
 1.13047807e+00
 1.12822739e+00
 1.12589986e+00
 1.12351349e+00
 1.12109174e+00
 1.11866356e+00
 1.11626275e+00
 1.11392605e+00
 1.11169040e+00
 1.10959018e+00
 1.10765536e+00
 1.10591024e+00
 1.10437286e+00
 1.10305551e+00
 1.10196630e+00
 1.10111127e+00
 1.10049571e+00
 1.10012422e+00
 1.10000000e+00
 1.14923003e+00
 1.14914241e+00
 1.14887897e+00
 1.14843815e+00
 1.14781717e+00
 1.14701149e+00
 1.14601518e+00
 1.14482339e+00
 1.14343551e+00
 1.14185727e+00
 1.14010069e+00
 1.13818245e+00
 1.13612167e+00
 1.13393766e+00
 1.13164836e+00
 1.12927065e+00
 1.12682234e+00
 1.12432433e+00
 1.12180177e+00
 1.11928412e+00
 1.11680441e+00
 1.11439760e+00
 1.11209834e+00
 1.10993887e+00
 1.10794738e+00
 1.10614707e+00
 1.10455604e+00
 1.10318798e+00
 1.10205347e+00
 1.10116111e+00
 1.10051804e+00
 1.10012982e+00
 1.10000000e+00
 1.15223114e+00
 1.15212108e+00
 1.15179283e+00
 1.15125142e+00
 1.15050306e+00
 1.14955328e+00
 1.14840604e+00
 1.14706407e+00
 1.14553078e+00
 1.14381239e+00
 1.14191924e+00
 1.13986572e+00
 1.13766912e+00
 1.13534825e+00
 1.13292231e+00
 1.13041085e+00
 1.12783474e+00
 1.12521733e+00
 1.12258529e+00
 1.11996854e+00
 1.11739950e+00
 1.11491173e+00
 1.11253812e+00
 1.11030925e+00
 1.10825211e+00
 1.10638952e+00
 1.10474015e+00
 1.10331915e+00
 1.10213892e+00
 1.10120971e+00
 1.10053978e+00
 1.10013527e+00
 1.10000000e+00
 1.15534586e+00
 1.15521580e+00
 1.15482918e+00
 1.15419566e+00
 1.15332854e+00
 1.15224153e+00
 1.15094640e+00
 1.14945234e+00
 1.14776715e+00
 1.14589909e+00
 1.14385867e+00
 1.14165947e+00
 1.13931794e+00
 1.13685273e+00
 1.13428399e+00
 1.13163318e+00
 1.12892343e+00
 1.12618011e+00
 1.12343117e+00
 1.12070697e+00
 1.11803956e+00
 1.11546149e+00
 1.11300441e+00
 1.11069779e+00
 1.10856797e+00
 1.10663781e+00
 1.10492670e+00
 1.10345098e+00
 1.10222436e+00
 1.10125817e+00
 1.10056142e+00
 1.10014069e+00
 1.10000000e+00
 1.15844203e+00
 1.15829632e+00
 1.15786374e+00
 1.15715673e+00
 1.15619233e+00
 1.15498866e+00
 1.15356223e+00
 1.15192695e+00
 1.15009475e+00
 1.14807698e+00
 1.14588601e+00
 1.14353627e+00
 1.14104466e+00
 1.13843034e+00
 1.13571450e+00
 1.13292020e+00
 1.13007236e+00
 1.12719800e+00
 1.12432621e+00
 1.12148784e+00
 1.11871478e+00
 1.11603898e+00
 1.11349129e+00
 1.11110056e+00
 1.10889289e+00
 1.10689135e+00
 1.10511603e+00
 1.10358418e+00
 1.10231045e+00
 1.10130693e+00
 1.10058319e+00
 1.10014615e+00
 1.10000000e+00
 1.16141509e+00
 1.16126040e+00
 1.16080042e+00
 1.16004644e+00
 1.15901461e+00
 1.15772308e+00
 1.15618986e+00
 1.15443187e+00
 1.15246494e+00
 1.15030434e+00
 1.14796567e+00
 1.14546566e+00
 1.14282280e+00
 1.14005759e+00
 1.13719260e+00
 1.13425242e+00
 1.13126363e+00
 1.12825470e+00
 1.12525581e+00
 1.12229836e+00
 1.11941434e+00
 1.11663542e+00
 1.11399208e+00
 1.11151288e+00
 1.10922389e+00
 1.10714850e+00
 1.10530738e+00
 1.10371846e+00
 1.10239710e+00
 1.10135597e+00
 1.10060508e+00
 1.10015163e+00
 1.10000000e+00
 1.16424356e+00
 1.16408559e+00
 1.16361409e+00
 1.16283599e+00
 1.16176224e+00
 1.16040733e+00
 1.15878863e+00
 1.15692524e+00
 1.15483684e+00
 1.15254296e+00
 1.15006297e+00
 1.14741663e+00
 1.14462473e+00
 1.14170965e+00
 1.13869569e+00
 1.13560916e+00
 1.13247826e+00
 1.12933293e+00
 1.12620445e+00
 1.12312494e+00
 1.12012667e+00
 1.11724134e+00
 1.11449935e+00
 1.11192918e+00
 1.10955704e+00
 1.10740662e+00
 1.10549903e+00
 1.10385277e+00
 1.10248369e+00
 1.10140496e+00
 1.10062694e+00
 1.10015711e+00
 1.10000000e+00
 1.16700771e+00
 1.16684733e+00
 1.16636621e+00
 1.16556596e+00
 1.16445260e+00
 1.16303815e+00
 1.16134007e+00
 1.15937934e+00
 1.15717844e+00
 1.15475999e+00
 1.15214632e+00
 1.14935978e+00
 1.14642344e+00
 1.14336178e+00
 1.14020106e+00
 1.13696947e+00
 1.13369700e+00
 1.13041513e+00
 1.12715636e+00
 1.12395365e+00
 1.12083980e+00
 1.11784676e+00
 1.11500503e+00
 1.11234320e+00
 1.10988763e+00
 1.10766227e+00
 1.10568858e+00
 1.10398547e+00
 1.10256920e+00
 1.10145332e+00
 1.10064852e+00
 1.10016252e+00
 1.10000000e+00
 1.16981483e+00
 1.16964270e+00
 1.16912835e+00
 1.16827771e+00
 1.16710062e+00
 1.16561110e+00
 1.16382719e+00
 1.16176996e+00
 1.15946214e+00
 1.15692695e+00
 1.15418779e+00
 1.15126851e+00
 1.14819398e+00
 1.14499067e+00
 1.14168696e+00
 1.13831313e+00
 1.13490112e+00
 1.13148411e+00
 1.12809597e+00
 1.12477068e+00
 1.12154173e+00
 1.11844148e+00
 1.11550070e+00
 1.11274815e+00
 1.11021035e+00
 1.10791143e+00
 1.10587310e+00
 1.10411454e+00
 1.10265234e+00
 1.10150033e+00
 1.10066949e+00
 1.10016778e+00
 1.10000000e+00
 1.17253228e+00
 1.17234813e+00
 1.17179902e+00
 1.17089460e+00
 1.16964984e+00
 1.16808323e+00
 1.16621523e+00
 1.16406715e+00
 1.16166081e+00
 1.15901851e+00
 1.15616339e+00
 1.15311994e+00
 1.14991447e+00
 1.14657546e+00
 1.14313357e+00
 1.13962142e+00
 1.13607311e+00
 1.13252368e+00
 1.12900852e+00
 1.12556278e+00
 1.12222076e+00
 1.11901541e+00
 1.11597783e+00
 1.11313700e+00
 1.11051957e+00
 1.10814976e+00
 1.10604937e+00
 1.10423774e+00
 1.10273164e+00
 1.10154516e+00
 1.10068949e+00
 1.10017279e+00
 1.10000000e+00
 1.17503345e+00
 1.17483987e+00
 1.17426394e+00
 1.17331881e+00
 1.17202301e+00
 1.17039736e+00
 1.16846296e+00
 1.16624046e+00
 1.16375041e+00
 1.16101398e+00
 1.15805399e+00
 1.15489560e+00
 1.15156679e+00
 1.14809835e+00
 1.14452357e+00
 1.14087768e+00
 1.13719717e+00
 1.13351909e+00
 1.12988046e+00
 1.12631767e+00
 1.12286596e+00
 1.11955892e+00
 1.11642812e+00
 1.11350275e+00
 1.11080954e+00
 1.10837269e+00
 1.10621395e+00
 1.10435262e+00
 1.10280555e+00
 1.10158692e+00
 1.10070812e+00
 1.10017746e+00
 1.10000000e+00
 1.17721823e+00
 1.17702309e+00
 1.17644183e+00
 1.17548597e+00
 1.17417205e+00
 1.17251891e+00
 1.17054583e+00
 1.16827191e+00
 1.16571651e+00
 1.16290033e+00
 1.15984662e+00
 1.15658201e+00
 1.15313683e+00
 1.14954482e+00
 1.14584237e+00
 1.14206762e+00
 1.13825960e+00
 1.13445746e+00
 1.13069987e+00
 1.12702447e+00
 1.12346748e+00
 1.12006323e+00
 1.11684379e+00
 1.11383864e+00
 1.11107457e+00
 1.10857562e+00
 1.10636329e+00
 1.10445665e+00
 1.10287238e+00
 1.10162467e+00
 1.10072495e+00
 1.10018167e+00
 1.10000000e+00
 1.17911827e+00
 1.17892757e+00
 1.17835772e+00
 1.17741521e+00
 1.17611036e+00
 1.17445635e+00
 1.17246834e+00
 1.17016277e+00
 1.16755761e+00
 1.16467346e+00
 1.16153470e+00
 1.15817040e+00
 1.15461416e+00
 1.15090338e+00
 1.14707800e+00
 1.14317932e+00
 1.13924895e+00
 1.13532805e+00
 1.13145683e+00
 1.12767411e+00
 1.12401706e+00
 1.12052077e+00
 1.11721793e+00
 1.11413844e+00
 1.11130916e+00
 1.10875392e+00
 1.10649374e+00
 1.10454714e+00
 1.10293037e+00
 1.10165737e+00
 1.10073953e+00
 1.10018533e+00
 1.10000000e+00
 1.18084741e+00
 1.18066182e+00
 1.18010562e+00
 1.17918104e+00
 1.17789263e+00
 1.17624758e+00
 1.17425551e+00
 1.17192852e+00
 1.16928196e+00
 1.16633585e+00
 1.16311619e+00
 1.15965531e+00
 1.15599099e+00
 1.15216490e+00
 1.14822082e+00
 1.14420321e+00
 1.14015610e+00
 1.13612245e+00
 1.13214371e+00
 1.12825971e+00
 1.12450839e+00
 1.12092564e+00
 1.11754491e+00
 1.11439670e+00
 1.11150817e+00
 1.10890297e+00
 1.10660143e+00
 1.10462116e+00
 1.10297754e+00
 1.10168390e+00
 1.10075134e+00
 1.10018828e+00
 1.10000000e+00
 1.18248118e+00
 1.18229868e+00
 1.18175140e+00
 1.18083992e+00
 1.17956522e+00
 1.17792902e+00
 1.17593457e+00
 1.17358802e+00
 1.17090082e+00
 1.16789224e+00
 1.16459061e+00
 1.16103257e+00
 1.15726090e+00
 1.15332188e+00
 1.14926311e+00
 1.14513192e+00
 1.14097436e+00
 1.13683474e+00
 1.13275544e+00
 1.12877688e+00
 1.12493759e+00
 1.12127415e+00
 1.11782086e+00
 1.11460919e+00
 1.11166703e+00
 1.10901814e+00
 1.10668216e+00
 1.10467534e+00
 1.10301152e+00
 1.10170285e+00
 1.10075975e+00
 1.10019039e+00
 1.10000000e+00
 1.18402731e+00
 1.18384808e+00
 1.18330986e+00
 1.18241134e+00
 1.18115033e+00
 1.17952316e+00
 1.17752552e+00
 1.17515632e+00
 1.17242299e+00
 1.16934537e+00
 1.16595603e+00
 1.16229737e+00
 1.15841774e+00
 1.15436795e+00
 1.15019892e+00
 1.14596025e+00
 1.14169945e+00
 1.13746166e+00
 1.13328963e+00
 1.12922400e+00
 1.12530351e+00
 1.12156522e+00
 1.11804430e+00
 1.11477353e+00
 1.11178219e+00
 1.10909496e+00
 1.10673119e+00
 1.10470547e+00
 1.10302921e+00
 1.10171235e+00
 1.10076390e+00
 1.10019142e+00
 1.10000000e+00
 1.18548201e+00
 1.18530605e+00
 1.18477855e+00
 1.18389805e+00
 1.18265751e+00
 1.18104386e+00
 1.17904193e+00
 1.17664253e+00
 1.17385145e+00
 1.17069303e+00
 1.16720713e+00
 1.16344327e+00
 1.15945531e+00
 1.15529783e+00
 1.15102416e+00
 1.14668534e+00
 1.14232966e+00
 1.13800251e+00
 1.13374655e+00
 1.12960214e+00
 1.12560780e+00
 1.12180070e+00
 1.11821669e+00
 1.11488997e+00
 1.11185196e+00
 1.10912954e+00
 1.10674313e+00
 1.10470602e+00
 1.10302618e+00
 1.10170961e+00
 1.10076250e+00
 1.10019106e+00
 1.10000000e+00
 1.18681032e+00
 1.18664571e+00
 1.18614721e+00
 1.18530358e+00
 1.18409809e+00
 1.18250450e+00
 1.18049298e+00
 1.17804808e+00
 1.17518082e+00
 1.17192632e+00
 1.16833463e+00
 1.16446241e+00
 1.16036782e+00
 1.15610782e+00
 1.15173694e+00
 1.14730678e+00
 1.14286579e+00
 1.13845912e+00
 1.13412890e+00
 1.12991477e+00
 1.12585462e+00
 1.12198522e+00
 1.11834266e+00
 1.11496228e+00
 1.11187788e+00
 1.10911995e+00
 1.10671246e+00
 1.10466961e+00
 1.10299570e+00
 1.10169014e+00
 1.10075341e+00
 1.10018876e+00
 1.10000000e+00
 1.18809133e+00
 1.18792899e+00
 1.18744693e+00
 1.18664506e+00
 1.18549019e+00
 1.18391924e+00
 1.18188011e+00
 1.17936242e+00
 1.17639527e+00
 1.17303005e+00
 1.16932676e+00
 1.16534699e+00
 1.16115103e+00
 1.15679649e+00
 1.15233788e+00
 1.14782668e+00
 1.14331100e+00
 1.13883545e+00
 1.13444130e+00
 1.13016716e+00
 1.12604991e+00
 1.12212548e+00
 1.11842957e+00
 1.11499795e+00
 1.11186615e+00
 1.10906859e+00
 1.10663554e+00
 1.10458721e+00
 1.10292745e+00
 1.10164632e+00
 1.10073288e+00
 1.10018356e+00
 1.10000000e+00
 1.18906581e+00
 1.18894485e+00
 1.18857875e+00
 1.18792081e+00
 1.18686168e+00
 1.18529614e+00
 1.18318631e+00
 1.18055834e+00
 1.17746960e+00
 1.17398578e+00
 1.17017208e+00
 1.16609125e+00
 1.16180334e+00
 1.15736514e+00
 1.15283020e+00
 1.14824943e+00
 1.14367045e+00
 1.13913714e+00
 1.13468973e+00
 1.13036565e+00
 1.12620054e+00
 1.12222916e+00
 1.11848628e+00
 1.11500729e+00
 1.11182794e+00
 1.10898505e+00
 1.10651535e+00
 1.10445100e+00
 1.10280677e+00
 1.10156533e+00
 1.10069419e+00
 1.10017370e+00
 1.10000000e+00
 1.18989223e+00
 1.18988256e+00
 1.18975473e+00
 1.18928162e+00
 1.18825908e+00
 1.18660984e+00
 1.18436432e+00
 1.18159440e+00
 1.17837550e+00
 1.17477697e+00
 1.17086263e+00
 1.16669296e+00
 1.16232629e+00
 1.15781770e+00
 1.15321924e+00
 1.14858121e+00
 1.14395068e+00
 1.13937085e+00
 1.13488082e+00
 1.13051686e+00
 1.12631333e+00
 1.12230368e+00
 1.11852144e+00
 1.11500118e+00
 1.11177730e+00
 1.10888630e+00
 1.10636754e+00
 1.10426282e+00
 1.10261794e+00
 1.10142763e+00
 1.10062596e+00
 1.10015617e+00
 1.10000000e+00
 1.19142767e+00
 1.19145068e+00
 1.19135501e+00
 1.19080975e+00
 1.18961549e+00
 1.18776830e+00
 1.18534503e+00
 1.18242857e+00
 1.17909039e+00
 1.17539325e+00
 1.17139544e+00
 1.16715361e+00
 1.16272406e+00
 1.15815998e+00
 1.15351167e+00
 1.14882911e+00
 1.14415881e+00
 1.13954350e+00
 1.13502115e+00
 1.13062705e+00
 1.12639437e+00
 1.12235540e+00
 1.11854224e+00
 1.11498885e+00
 1.11172739e+00
 1.10879158e+00
 1.10622096e+00
 1.10404684e+00
 1.10235882e+00
 1.10121338e+00
 1.10051281e+00
 1.10012654e+00
 1.10000000e+00
 1.19345385e+00
 1.19340929e+00
 1.19308790e+00
 1.19221948e+00
 1.19072828e+00
 1.18865598e+00
 1.18606952e+00
 1.18303284e+00
 1.17960235e+00
 1.17583123e+00
 1.17177188e+00
 1.16747730e+00
 1.16300230e+00
 1.15839845e+00
 1.15371439e+00
 1.14900011e+00
 1.14430166e+00
 1.13966151e+00
 1.13511662e+00
 1.13070159e+00
 1.12644863e+00
 1.12238913e+00
 1.11855389e+00
 1.11497657e+00
 1.11168762e+00
 1.10871548e+00
 1.10610546e+00
 1.10385073e+00
 1.10206716e+00
 1.10093222e+00
 1.10034707e+00
 1.10008125e+00
 1.10000000e+00
 1.19517760e+00
 1.19499801e+00
 1.19434997e+00
 1.19315896e+00
 1.19143209e+00
 1.18920191e+00
 1.18650851e+00
 1.18339608e+00
 1.17990857e+00
 1.17609224e+00
 1.17199551e+00
 1.16766893e+00
 1.16316656e+00
 1.15853889e+00
 1.15383332e+00
 1.14910010e+00
 1.14438487e+00
 1.13973007e+00
 1.13517191e+00
 1.13074459e+00
 1.12647973e+00
 1.12240814e+00
 1.11855971e+00
 1.11496798e+00
 1.11166290e+00
 1.10866647e+00
 1.10603627e+00
 1.10372101e+00
 1.10182856e+00
 1.10066918e+00
 1.10016542e+00
 1.10002460e+00
 1.10000000e+00
 1.19585100e+00
 1.19558486e+00
 1.19479034e+00
 1.19347893e+00
 1.19166899e+00
 1.18938463e+00
 1.18665490e+00
 1.18351696e+00
 1.18001031e+00
 1.17617885e+00
 1.17206962e+00
 1.16773233e+00
 1.16322083e+00
 1.15858524e+00
 1.15387249e+00
 1.14913298e+00
 1.14441217e+00
 1.13975254e+00
 1.13518999e+00
 1.13075864e+00
 1.12648985e+00
 1.12241429e+00
 1.11856147e+00
 1.11496492e+00
 1.11165464e+00
 1.10864950e+00
 1.10601387e+00
 1.10367729e+00
 1.10173569e+00
 1.10055927e+00
 1.10007949e+00
 1.09999072e+00
 1.10000000e+00
