 1.25623200e+00
 1.25631253e+00
 1.25655631e+00
 1.25696989e+00
 1.25756454e+00
 1.25835612e+00
 1.25936560e+00
 1.26061707e+00
 1.26214544e+00
 1.26399016e+00
 1.26619958e+00
 1.26877147e+00
 1.27156210e+00
 1.27435705e+00
 1.27699457e+00
 1.27936581e+00
 1.28145454e+00
 1.28324886e+00
 1.28474121e+00
 1.28593360e+00
 1.28687893e+00
 1.28755948e+00
 1.28796895e+00
 1.28815771e+00
 1.28820356e+00
 1.28816595e+00
 1.28809129e+00
 1.28800975e+00
 1.28793883e+00
 1.28788215e+00
 1.28784108e+00
 1.28781629e+00
 1.28780800e+00
 1.25724265e+00
 1.25723304e+00
 1.25732767e+00
 1.25762465e+00
 1.25814581e+00
 1.25889654e+00
 1.25988470e+00
 1.26112579e+00
 1.26264850e+00
 1.26448852e+00
 1.26668913e+00
 1.26924453e+00
 1.27201551e+00
 1.27479433e+00
 1.27742051e+00
 1.27978653e+00
 1.28187239e+00
 1.28366547e+00
 1.28515771e+00
 1.28635206e+00
 1.28729693e+00
 1.28797769e+00
 1.28839039e+00
 1.28858493e+00
 1.28863720e+00
 1.28860709e+00
 1.28854189e+00
 1.28847438e+00
 1.28842623e+00
 1.28840836e+00
 1.28842769e+00
 1.28847955e+00
 1.28851743e+00
 1.25994571e+00
 1.25979960e+00
 1.25956810e+00
 1.25955663e+00
 1.25987172e+00
 1.26050459e+00
 1.26143063e+00
 1.26264082e+00
 1.26414655e+00
 1.26597204e+00
 1.26814681e+00
 1.27065569e+00
 1.27337124e+00
 1.27610359e+00
 1.27869691e+00
 1.28104691e+00
 1.28312409e+00
 1.28491329e+00
 1.28640529e+00
 1.28760457e+00
 1.28854871e+00
 1.28923063e+00
 1.28965268e+00
 1.28986345e+00
 1.28993409e+00
 1.28992543e+00
 1.28988754e+00
 1.28986048e+00
 1.28987799e+00
 1.28996904e+00
 1.29014837e+00
 1.29036821e+00
 1.29047626e+00
 1.26351071e+00
 1.26330646e+00
 1.26287370e+00
 1.26257779e+00
 1.26265117e+00
 1.26312701e+00
 1.26396402e+00
 1.26512729e+00
 1.26660603e+00
 1.26840717e+00
 1.27054133e+00
 1.27298151e+00
 1.27561509e+00
 1.27827627e+00
 1.28081849e+00
 1.28314118e+00
 1.28520367e+00
 1.28698611e+00
 1.28847765e+00
 1.28968287e+00
 1.29062739e+00
 1.29131255e+00
 1.29174902e+00
 1.29198352e+00
 1.29208167e+00
 1.29210485e+00
 1.29210729e+00
 1.29213802e+00
 1.29224387e+00
 1.29246385e+00
 1.29279220e+00
 1.29311710e+00
 1.29325566e+00
 1.26705507e+00
 1.26690545e+00
 1.26656303e+00
 1.26627421e+00
 1.26626706e+00
 1.26664436e+00
 1.26740658e+00
 1.26852316e+00
 1.26997121e+00
 1.27174121e+00
 1.27382491e+00
 1.27618459e+00
 1.27872181e+00
 1.28129584e+00
 1.28377350e+00
 1.28605834e+00
 1.28810008e+00
 1.28987273e+00
 1.29136318e+00
 1.29257379e+00
 1.29352075e+00
 1.29421216e+00
 1.29466630e+00
 1.29492800e+00
 1.29505766e+00
 1.29511605e+00
 1.29516001e+00
 1.29524220e+00
 1.29540728e+00
 1.29567438e+00
 1.29600328e+00
 1.29628465e+00
 1.29639620e+00
 1.27032996e+00
 1.27032261e+00
 1.27030079e+00
 1.27030869e+00
 1.27046265e+00
 1.27088540e+00
 1.27164112e+00
 1.27273902e+00
 1.27416607e+00
 1.27590600e+00
 1.27793742e+00
 1.28021562e+00
 1.28265430e+00
 1.28513532e+00
 1.28754107e+00
 1.28978006e+00
 1.29179568e+00
 1.29355575e+00
 1.29504393e+00
 1.29625886e+00
 1.29721048e+00
 1.29791096e+00
 1.29838367e+00
 1.29867138e+00
 1.29882949e+00
 1.29891581e+00
 1.29898465e+00
 1.29908112e+00
 1.29922978e+00
 1.29941861e+00
 1.29959845e+00
 1.29971763e+00
 1.29975709e+00
 1.27427411e+00
 1.27433153e+00
 1.27449442e+00
 1.27475339e+00
 1.27513560e+00
 1.27570850e+00
 1.27654050e+00
 1.27766901e+00
 1.27910039e+00
 1.28082260e+00
 1.28280984e+00
 1.28501556e+00
 1.28736397e+00
 1.28975590e+00
 1.29208918e+00
 1.29427860e+00
 1.29626463e+00
 1.29801009e+00
 1.29949481e+00
 1.30071328e+00
 1.30167126e+00
 1.30238235e+00
 1.30287187e+00
 1.30317975e+00
 1.30335583e+00
 1.30345205e+00
 1.30351511e+00
 1.30357803e+00
 1.30365125e+00
 1.30372199e+00
 1.30377098e+00
 1.30379351e+00
 1.30379897e+00
 1.27905442e+00
 1.27913204e+00
 1.27936585e+00
 1.27975735e+00
 1.28031216e+00
 1.28105056e+00
 1.28200679e+00
 1.28321219e+00
 1.28468090e+00
 1.28640735e+00
 1.28836763e+00
 1.29051796e+00
 1.29279231e+00
 1.29510703e+00
 1.29737403e+00
 1.29951531e+00
 1.30147137e+00
 1.30320178e+00
 1.30468271e+00
 1.30590467e+00
 1.30687009e+00
 1.30759179e+00
 1.30809411e+00
 1.30841290e+00
 1.30859156e+00
 1.30867462e+00
 1.30870096e+00
 1.30869786e+00
 1.30867942e+00
 1.30865235e+00
 1.30862403e+00
 1.30860330e+00
 1.30859587e+00
 1.28437159e+00
 1.28447716e+00
 1.28478931e+00
 1.28529837e+00
 1.28599738e+00
 1.28688769e+00
 1.28797997e+00
 1.28928882e+00
 1.29082317e+00
 1.29257868e+00
 1.29453446e+00
 1.29665158e+00
 1.29887310e+00
 1.30112809e+00
 1.30334065e+00
 1.30544039e+00
 1.30736986e+00
 1.30908720e+00
 1.31056565e+00
 1.31179223e+00
 1.31276612e+00
 1.31349769e+00
 1.31400809e+00
 1.31432803e+00
 1.31449419e+00
 1.31454448e+00
 1.31451348e+00
 1.31442998e+00
 1.31431780e+00
 1.31419861e+00
 1.31409326e+00
 1.31402062e+00
 1.31399464e+00
 1.29028532e+00
 1.29040776e+00
 1.29077157e+00
 1.29136691e+00
 1.29218048e+00
 1.29320065e+00
 1.29442116e+00
 1.29584051e+00
 1.29745698e+00
 1.29926213e+00
 1.30123572e+00
 1.30334304e+00
 1.30553488e+00
 1.30775061e+00
 1.30992455e+00
 1.31199363e+00
 1.31390370e+00
 1.31561288e+00
 1.31709249e+00
 1.31832658e+00
 1.31931105e+00
 1.32005269e+00
 1.32056832e+00
 1.32088303e+00
 1.32102753e+00
 1.32103513e+00
 1.32093952e+00
 1.32077418e+00
 1.32057286e+00
 1.32036961e+00
 1.32019677e+00
 1.32008129e+00
 1.32004077e+00
 1.29671998e+00
 1.29685728e+00
 1.29726467e+00
 1.29792985e+00
 1.29883557e+00
 1.29996324e+00
 1.30129604e+00
 1.30282026e+00
 1.30452356e+00
 1.30639093e+00
 1.30840015e+00
 1.31051874e+00
 1.31270311e+00
 1.31490056e+00
 1.31705368e+00
 1.31910596e+00
 1.32100701e+00
 1.32271596e+00
 1.32420308e+00
 1.32545005e+00
 1.32644957e+00
 1.32720457e+00
 1.32772718e+00
 1.32803730e+00
 1.32816090e+00
 1.32812850e+00
 1.32797452e+00
 1.32773725e+00
 1.32745851e+00
 1.32718183e+00
 1.32694863e+00
 1.32679336e+00
 1.32673892e+00
 1.30363821e+00
 1.30378658e+00
 1.30422701e+00
 1.30494628e+00
 1.30592462e+00
 1.30713888e+00
 1.30856550e+00
 1.31018235e+00
 1.31196865e+00
 1.31390277e+00
 1.31595910e+00
 1.31810537e+00
 1.32030138e+00
 1.32250005e+00
 1.32465028e+00
 1.32670110e+00
 1.32860579e+00
 1.33032503e+00
 1.33182877e+00
 1.33309698e+00
 1.33411957e+00
 1.33489586e+00
 1.33543382e+00
 1.33574910e+00
 1.33586421e+00
 1.33580804e+00
 1.33561594e+00
 1.33532960e+00
 1.33499622e+00
 1.33466596e+00
 1.33438743e+00
 1.33420179e+00
 1.33413666e+00
 1.31098549e+00
 1.31114203e+00
 1.31160683e+00
 1.31236610e+00
 1.31339890e+00
 1.31467972e+00
 1.31618106e+00
 1.31787539e+00
 1.31973577e+00
 1.32173505e+00
 1.32384393e+00
 1.32602902e+00
 1.32825164e+00
 1.33046823e+00
 1.33263224e+00
 1.33469705e+00
 1.33661920e+00
 1.33836114e+00
 1.33989308e+00
 1.34119391e+00
 1.34225146e+00
 1.34306225e+00
 1.34363103e+00
 1.34397037e+00
 1.34410047e+00
 1.34404932e+00
 1.34385289e+00
 1.34355489e+00
 1.34320530e+00
 1.34285731e+00
 1.34256261e+00
 1.34236544e+00
 1.34229611e+00
 1.31869496e+00
 1.31885684e+00
 1.31933777e+00
 1.32012416e+00
 1.32119505e+00
 1.32252413e+00
 1.32408207e+00
 1.32583821e+00
 1.32776157e+00
 1.32982079e+00
 1.33198319e+00
 1.33421363e+00
 1.33647363e+00
 1.33872158e+00
 1.34091388e+00
 1.34300718e+00
 1.34496073e+00
 1.34673877e+00
 1.34831215e+00
 1.34965941e+00
 1.35076716e+00
 1.35163011e+00
 1.35225094e+00
 1.35264028e+00
 1.35281690e+00
 1.35280811e+00
 1.35264996e+00
 1.35238673e+00
 1.35206900e+00
 1.35174992e+00
 1.35147972e+00
 1.35129962e+00
 1.35123649e+00
 1.32668224e+00
 1.32684698e+00
 1.32733686e+00
 1.32813915e+00
 1.32923392e+00
 1.33059552e+00
 1.33219430e+00
 1.33399816e+00
 1.33597360e+00
 1.33808623e+00
 1.34030059e+00
 1.34257963e+00
 1.34488433e+00
 1.34717386e+00
 1.34940648e+00
 1.35154110e+00
 1.35353917e+00
 1.35536662e+00
 1.35699529e+00
 1.35840399e+00
 1.35957898e+00
 1.36051421e+00
 1.36121134e+00
 1.36167994e+00
 1.36193777e+00
 1.36201107e+00
 1.36193453e+00
 1.36175037e+00
 1.36150614e+00
 1.36125089e+00
 1.36103033e+00
 1.36088171e+00
 1.36082935e+00
 1.33484112e+00
 1.33500697e+00
 1.33550071e+00
 1.33631105e+00
 1.33741978e+00
 1.33880271e+00
 1.34043085e+00
 1.34227172e+00
 1.34429044e+00
 1.34645059e+00
 1.34871455e+00
 1.35104355e+00
 1.35339773e+00
 1.35573641e+00
 1.35801885e+00
 1.36020552e+00
 1.36225964e+00
 1.36414868e+00
 1.36584575e+00
 1.36733045e+00
 1.36858946e+00
 1.36961683e+00
 1.37041402e+00
 1.37099013e+00
 1.37136194e+00
 1.37155397e+00
 1.37159792e+00
 1.37153155e+00
 1.37139644e+00
 1.37123495e+00
 1.37108641e+00
 1.37098305e+00
 1.37094612e+00
 1.34304940e+00
 1.34321583e+00
 1.34371181e+00
 1.34452731e+00
 1.34564582e+00
 1.34704474e+00
 1.34869613e+00
 1.35056775e+00
 1.35262414e+00
 1.35482768e+00
 1.35713926e+00
 1.35951880e+00
 1.36192559e+00
 1.36431879e+00
 1.36665820e+00
 1.36890536e+00
 1.37102484e+00
 1.37298561e+00
 1.37476215e+00
 1.37633527e+00
 1.37769263e+00
 1.37882896e+00
 1.37974610e+00
 1.38045293e+00
 1.38096520e+00
 1.38130512e+00
 1.38150050e+00
 1.38158333e+00
 1.38158782e+00
 1.38154780e+00
 1.38149395e+00
 1.38145090e+00
 1.38143469e+00
 1.35118715e+00
 1.35135461e+00
 1.35185390e+00
 1.35267575e+00
 1.35380470e+00
 1.35521929e+00
 1.35689251e+00
 1.35879262e+00
 1.36088412e+00
 1.36312887e+00
 1.36548694e+00
 1.36791739e+00
 1.37037885e+00
 1.37283024e+00
 1.37523162e+00
 1.37754526e+00
 1.37973686e+00
 1.38177670e+00
 1.38364070e+00
 1.38531110e+00
 1.38677685e+00
 1.38803373e+00
 1.38908418e+00
 1.38993693e+00
 1.39060649e+00
 1.39111232e+00
 1.39147769e+00
 1.39172819e+00
 1.39188980e+00
 1.39198693e+00
 1.39204044e+00
 1.39206609e+00
 1.39207355e+00
 1.35915206e+00
 1.35932119e+00
 1.35982560e+00
 1.36065630e+00
 1.36179825e+00
 1.36323053e+00
 1.36492665e+00
 1.36685532e+00
 1.36898132e+00
 1.37126647e+00
 1.37367057e+00
 1.37615222e+00
 1.37866961e+00
 1.38118144e+00
 1.38364785e+00
 1.38603161e+00
 1.38829928e+00
 1.39042234e+00
 1.39237808e+00
 1.39415019e+00
 1.39572904e+00
 1.39711155e+00
 1.39830078e+00
 1.39930518e+00
 1.40013770e+00
 1.40081463e+00
 1.40135419e+00
 1.40177504e+00
 1.40209471e+00
 1.40232815e+00
 1.40248700e+00
 1.40257923e+00
 1.40260948e+00
 1.36685817e+00
 1.36702966e+00
 1.36754105e+00
 1.36838314e+00
 1.36954072e+00
 1.37099282e+00
 1.37271320e+00
 1.37467097e+00
 1.37683137e+00
 1.37915656e+00
 1.38160642e+00
 1.38413937e+00
 1.38671329e+00
 1.38928659e+00
 1.39181935e+00
 1.39427462e+00
 1.39661962e+00
 1.39882680e+00
 1.40087466e+00
 1.40274827e+00
 1.40443935e+00
 1.40594588e+00
 1.40727144e+00
 1.40842404e+00
 1.40941480e+00
 1.41025651e+00
 1.41096215e+00
 1.41154355e+00
 1.41201035e+00
 1.41236933e+00
 1.41262443e+00
 1.41277728e+00
 1.41282824e+00
 1.37423827e+00
 1.37441233e+00
 1.37493124e+00
 1.37578537e+00
 1.37695909e+00
 1.37843123e+00
 1.38017570e+00
 1.38216209e+00
 1.38435625e+00
 1.38672088e+00
 1.38921610e+00
 1.39180018e+00
 1.39443060e+00
 1.39706535e+00
 1.39966427e+00
 1.40219046e+00
 1.40461156e+00
 1.40690076e+00
 1.40903758e+00
 1.41100825e+00
 1.41280562e+00
 1.41442863e+00
 1.41588124e+00
 1.41717096e+00
 1.41830707e+00
 1.41929891e+00
 1.42015437e+00
 1.42087889e+00
 1.42147503e+00
 1.42194273e+00
 1.42227997e+00
 1.42248394e+00
 1.42255224e+00
 1.38123546e+00
 1.38141165e+00
 1.38193689e+00
 1.38280137e+00
 1.38398922e+00
 1.38547921e+00
 1.38724554e+00
 1.38925854e+00
 1.39148491e+00
 1.39388797e+00
 1.39642794e+00
 1.39906274e+00
 1.40174916e+00
 1.40444449e+00
 1.40710808e+00
 1.40970292e+00
 1.41219682e+00
 1.41456350e+00
 1.41678322e+00
 1.41884308e+00
 1.42073684e+00
 1.42246417e+00
 1.42402940e+00
 1.42543964e+00
 1.42670270e+00
 1.42782501e+00
 1.42881002e+00
 1.42965755e+00
 1.43036405e+00
 1.43092359e+00
 1.43132944e+00
 1.43157564e+00
 1.43165817e+00
 1.38779426e+00
 1.38797211e+00
 1.38850217e+00
 1.38937431e+00
 1.39057258e+00
 1.39207621e+00
 1.39386042e+00
 1.39589683e+00
 1.39815334e+00
 1.40059378e+00
 1.40317804e+00
 1.40586311e+00
 1.40860465e+00
 1.41135895e+00
 1.41408469e+00
 1.41674454e+00
 1.41930637e+00
 1.42174419e+00
 1.42403871e+00
 1.42617761e+00
 1.42815522e+00
 1.42997175e+00
 1.43163185e+00
 1.43314253e+00
 1.43451082e+00
 1.43574122e+00
 1.43683397e+00
 1.43778450e+00
 1.43858424e+00
 1.43922239e+00
 1.43968790e+00
 1.43997137e+00
 1.44006659e+00
 1.39386794e+00
 1.39404623e+00
 1.39457774e+00
 1.39545259e+00
 1.39665539e+00
 1.39816661e+00
 1.39996351e+00
 1.40201988e+00
 1.40430492e+00
 1.40678238e+00
 1.40941098e+00
 1.41214601e+00
 1.41494150e+00
 1.41775250e+00
 1.42053693e+00
 1.42325712e+00
 1.42588091e+00
 1.42838240e+00
 1.43074251e+00
 1.43294914e+00
 1.43499690e+00
 1.43688622e+00
 1.43862196e+00
 1.44021135e+00
 1.44166138e+00
 1.44297602e+00
 1.44415380e+00
 1.44518701e+00
 1.44606285e+00
 1.44676594e+00
 1.44728122e+00
 1.44759608e+00
 1.44770203e+00
 1.39940936e+00
 1.39958701e+00
 1.40011637e+00
 1.40098767e+00
 1.40218723e+00
 1.40369873e+00
 1.40550324e+00
 1.40757742e+00
 1.40989114e+00
 1.41240673e+00
 1.41508046e+00
 1.41786515e+00
 1.42071295e+00
 1.42357764e+00
 1.42641648e+00
 1.42919157e+00
 1.43187065e+00
 1.43442783e+00
 1.43684400e+00
 1.43910700e+00
 1.44121132e+00
 1.44315731e+00
 1.44494978e+00
 1.44659615e+00
 1.44810407e+00
 1.44947836e+00
 1.45071785e+00
 1.45181340e+00
 1.45274864e+00
 1.45350347e+00
 1.45405829e+00
 1.45439750e+00
 1.45451160e+00
 1.40438207e+00
 1.40455570e+00
 1.40507468e+00
 1.40593272e+00
 1.40711979e+00
 1.40862471e+00
 1.41043416e+00
 1.41252745e+00
 1.41487294e+00
 1.41742933e+00
 1.42014930e+00
 1.42298295e+00
 1.42588063e+00
 1.42879513e+00
 1.43168332e+00
 1.43450724e+00
 1.43723464e+00
 1.43983952e+00
 1.44230252e+00
 1.44461119e+00
 1.44675965e+00
 1.44874779e+00
 1.45057997e+00
 1.45226345e+00
 1.45380653e+00
 1.45521594e+00
 1.45649322e+00
 1.45763074e+00
 1.45861024e+00
 1.45940686e+00
 1.45999621e+00
 1.46035877e+00
 1.46048126e+00
 1.40871933e+00
 1.40889126e+00
 1.40940202e+00
 1.41024211e+00
 1.41140801e+00
 1.41290214e+00
 1.41471967e+00
 1.41683876e+00
 1.41922190e+00
 1.42182225e+00
 1.42458884e+00
 1.42746960e+00
 1.43041359e+00
 1.43337303e+00
 1.43630478e+00
 1.43917107e+00
 1.44193975e+00
 1.44458461e+00
 1.44708594e+00
 1.44943078e+00
 1.45161271e+00
 1.45363092e+00
 1.45548893e+00
 1.45719315e+00
 1.45875174e+00
 1.46017322e+00
 1.46146361e+00
 1.46262119e+00
 1.46363030e+00
 1.46446026e+00
 1.46507576e+00
 1.46545184e+00
 1.46557796e+00
 1.41247357e+00
 1.41262989e+00
 1.41309705e+00
 1.41388252e+00
 1.41501010e+00
 1.41649776e+00
 1.41833668e+00
 1.42049306e+00
 1.42292000e+00
 1.42556581e+00
 1.42837744e+00
 1.43130174e+00
 1.43428715e+00
 1.43728569e+00
 1.44025462e+00
 1.44315659e+00
 1.44595963e+00
 1.44863723e+00
 1.45116923e+00
 1.45354207e+00
 1.45574876e+00
 1.45778767e+00
 1.45966131e+00
 1.46137458e+00
 1.46293423e+00
 1.46434891e+00
 1.46562832e+00
 1.46677978e+00
 1.46780027e+00
 1.46866551e+00
 1.46932896e+00
 1.46974302e+00
 1.46988271e+00
 1.41556026e+00
 1.41567710e+00
 1.41605895e+00
 1.41677601e+00
 1.41788571e+00
 1.41939747e+00
 1.42127988e+00
 1.42348403e+00
 1.42595709e+00
 1.42864624e+00
 1.43149862e+00
 1.43446103e+00
 1.43748173e+00
 1.44051275e+00
 1.44351210e+00
 1.44644297e+00
 1.44927369e+00
 1.45197728e+00
 1.45453319e+00
 1.45692712e+00
 1.45915169e+00
 1.46120440e+00
 1.46308694e+00
 1.46480235e+00
 1.46635491e+00
 1.46775129e+00
 1.46900139e+00
 1.47011806e+00
 1.47111351e+00
 1.47198680e+00
 1.47270264e+00
 1.47318639e+00
 1.47335894e+00
 1.41766660e+00
 1.41777123e+00
 1.41813924e+00
 1.41887709e+00
 1.42004141e+00
 1.42161733e+00
 1.42355819e+00
 1.42581183e+00
 1.42832697e+00
 1.43105327e+00
 1.43393962e+00
 1.43693307e+00
 1.43998200e+00
 1.44303834e+00
 1.44606123e+00
 1.44901425e+00
 1.45186627e+00
 1.45458954e+00
 1.45716335e+00
 1.45957252e+00
 1.46180961e+00
 1.46387114e+00
 1.46575857e+00
 1.46747301e+00
 1.46901604e+00
 1.47039108e+00
 1.47160516e+00
 1.47266952e+00
 1.47360036e+00
 1.47441317e+00
 1.47509835e+00
 1.47558575e+00
 1.47576611e+00
 1.41885698e+00
 1.41898409e+00
 1.41942764e+00
 1.42027365e+00
 1.42153686e+00
 1.42318738e+00
 1.42518246e+00
 1.42747688e+00
 1.43002458e+00
 1.43277881e+00
 1.43569051e+00
 1.43870679e+00
 1.44177626e+00
 1.44485055e+00
 1.44789015e+00
 1.45085873e+00
 1.45372589e+00
 1.45646288e+00
 1.45904919e+00
 1.46146855e+00
 1.46371395e+00
 1.46578074e+00
 1.46767078e+00
 1.46938354e+00
 1.47091832e+00
 1.47227539e+00
 1.47345826e+00
 1.47447307e+00
 1.47533020e+00
 1.47604369e+00
 1.47662049e+00
 1.47703163e+00
 1.47718874e+00
 1.41939824e+00
 1.41957136e+00
 1.42012595e+00
 1.42108108e+00
 1.42242340e+00
 1.42412657e+00
 1.42615733e+00
 1.42847753e+00
 1.43104539e+00
 1.43381673e+00
 1.43674405e+00
 1.43977423e+00
 1.44285619e+00
 1.44594111e+00
 1.44899069e+00
 1.45196845e+00
 1.45484472e+00
 1.45758978e+00
 1.46018351e+00
 1.46260867e+00
 1.46485885e+00
 1.46692834e+00
 1.46881971e+00
 1.47053117e+00
 1.47206072e+00
 1.47340636e+00
 1.47456927e+00
 1.47555142e+00
 1.47635683e+00
 1.47699231e+00
 1.47746338e+00
 1.47776854e+00
 1.47788197e+00
 1.41954500e+00
 1.41974765e+00
 1.42035218e+00
 1.42134811e+00
 1.42271836e+00
 1.42443964e+00
 1.42648253e+00
 1.42881143e+00
 1.43138606e+00
 1.43416314e+00
 1.43709574e+00
 1.44013057e+00
 1.44321674e+00
 1.44630516e+00
 1.44935807e+00
 1.45233885e+00
 1.45521817e+00
 1.45796588e+00
 1.46056208e+00
 1.46298911e+00
 1.46524087e+00
 1.46731117e+00
 1.46920295e+00
 1.47091395e+00
 1.47244175e+00
 1.47378352e+00
 1.47493970e+00
 1.47591076e+00
 1.47669840e+00
 1.47730642e+00
 1.47773817e+00
 1.47799617e+00
 1.47808200e+00
