 1.27337100e+00
 1.27294811e+00
 1.27168408e+00
 1.26959227e+00
 1.26669453e+00
 1.26302036e+00
 1.25860624e+00
 1.25349840e+00
 1.24774542e+00
 1.24139768e+00
 1.23451341e+00
 1.22715181e+00
 1.21938356e+00
 1.21127390e+00
 1.20289022e+00
 1.19430172e+00
 1.18558870e+00
 1.17683527e+00
 1.16812947e+00
 1.15956818e+00
 1.15124614e+00
 1.14324645e+00
 1.13564900e+00
 1.12853301e+00
 1.12197487e+00
 1.11601289e+00
 1.11080065e+00
 1.10613606e+00
 1.10226143e+00
 1.10015172e+00
 1.09961391e+00
 1.09982532e+00
 1.10000000e+00
 1.27281336e+00
 1.27246678e+00
 1.27133174e+00
 1.26934569e+00
 1.26652053e+00
 1.26289322e+00
 1.25850994e+00
 1.25342302e+00
 1.24768493e+00
 1.24134852e+00
 1.23447301e+00
 1.22711873e+00
 1.21935623e+00
 1.21125144e+00
 1.20287211e+00
 1.19428805e+00
 1.18557952e+00
 1.17683082e+00
 1.16813021e+00
 1.15957430e+00
 1.15125759e+00
 1.14326378e+00
 1.13567320e+00
 1.12856580e+00
 1.12201721e+00
 1.11607410e+00
 1.11087247e+00
 1.10626131e+00
 1.10251481e+00
 1.10044813e+00
 1.09984459e+00
 1.09991609e+00
 1.10000000e+00
 1.27140158e+00
 1.27117394e+00
 1.27032629e+00
 1.26862339e+00
 1.26600401e+00
 1.26251315e+00
 1.25822062e+00
 1.25319590e+00
 1.24750236e+00
 1.24119988e+00
 1.23435074e+00
 1.22701839e+00
 1.21927331e+00
 1.21118329e+00
 1.20281721e+00
 1.19424653e+00
 1.18555155e+00
 1.17681704e+00
 1.16813188e+00
 1.15959197e+00
 1.15129128e+00
 1.14331511e+00
 1.13574511e+00
 1.12866298e+00
 1.12214421e+00
 1.11625280e+00
 1.11109327e+00
 1.10663317e+00
 1.10316814e+00
 1.10115946e+00
 1.10033349e+00
 1.10006830e+00
 1.10000000e+00
 1.26979414e+00
 1.26962559e+00
 1.26897556e+00
 1.26755524e+00
 1.26519422e+00
 1.26189728e+00
 1.25774287e+00
 1.25281688e+00
 1.24719589e+00
 1.24094910e+00
 1.23414388e+00
 1.22684782e+00
 1.21913222e+00
 1.21106729e+00
 1.20272387e+00
 1.19417569e+00
 1.18550344e+00
 1.17679259e+00
 1.16813282e+00
 1.15961918e+00
 1.15134519e+00
 1.14339820e+00
 1.13586215e+00
 1.12882078e+00
 1.12235274e+00
 1.11653629e+00
 1.11146201e+00
 1.10719935e+00
 1.10397421e+00
 1.10192543e+00
 1.10078279e+00
 1.10019090e+00
 1.10000000e+00
 1.26868826e+00
 1.26849006e+00
 1.26780928e+00
 1.26644876e+00
 1.26423408e+00
 1.26110534e+00
 1.25709994e+00
 1.25229371e+00
 1.24676668e+00
 1.24059441e+00
 1.23384940e+00
 1.22660336e+00
 1.21892939e+00
 1.21090031e+00
 1.20258951e+00
 1.19407319e+00
 1.18543296e+00
 1.17675516e+00
 1.16813024e+00
 1.15965257e+00
 1.15141561e+00
 1.14350876e+00
 1.13601876e+00
 1.12903162e+00
 1.12263098e+00
 1.11690285e+00
 1.11193853e+00
 1.10783602e+00
 1.10470472e+00
 1.10251927e+00
 1.10109459e+00
 1.10027246e+00
 1.10000000e+00
 1.26827241e+00
 1.26797485e+00
 1.26708046e+00
 1.26555161e+00
 1.26329797e+00
 1.26023522e+00
 1.25634037e+00
 1.25164846e+00
 1.24622340e+00
 1.24013786e+00
 1.23346596e+00
 1.22628210e+00
 1.21866132e+00
 1.21067891e+00
 1.20241093e+00
 1.19393599e+00
 1.18533705e+00
 1.17670139e+00
 1.16812017e+00
 1.15968741e+00
 1.15149686e+00
 1.14363974e+00
 1.13620530e+00
 1.12928169e+00
 1.12295582e+00
 1.11731483e+00
 1.11244406e+00
 1.10841643e+00
 1.10525923e+00
 1.10291540e+00
 1.10128946e+00
 1.10032243e+00
 1.10000000e+00
 1.26778352e+00
 1.26744774e+00
 1.26644640e+00
 1.26478408e+00
 1.26243853e+00
 1.25936279e+00
 1.25552087e+00
 1.25091497e+00
 1.24558371e+00
 1.23958731e+00
 1.23299578e+00
 1.22588322e+00
 1.21832563e+00
 1.21040007e+00
 1.20218483e+00
 1.19376068e+00
 1.18521199e+00
 1.17662702e+00
 1.16809752e+00
 1.15971750e+00
 1.15158107e+00
 1.14378083e+00
 1.13640755e+00
 1.12955013e+00
 1.12329478e+00
 1.11772270e+00
 1.11290284e+00
 1.10887699e+00
 1.10564397e+00
 1.10316705e+00
 1.10140856e+00
 1.10035271e+00
 1.10000000e+00
 1.26706224e+00
 1.26672318e+00
 1.26570406e+00
 1.26400063e+00
 1.26160552e+00
 1.25850384e+00
 1.25467842e+00
 1.25012635e+00
 1.24487008e+00
 1.23895572e+00
 1.23244512e+00
 1.22540882e+00
 1.21792186e+00
 1.21006184e+00
 1.20190841e+00
 1.19354384e+00
 1.18505371e+00
 1.17652713e+00
 1.16805628e+00
 1.15973527e+00
 1.15165846e+00
 1.14391894e+00
 1.13660760e+00
 1.12981187e+00
 1.12361340e+00
 1.11808336e+00
 1.11327464e+00
 1.10921382e+00
 1.10590159e+00
 1.10332671e+00
 1.10148242e+00
 1.10037137e+00
 1.10000000e+00
 1.26631023e+00
 1.26596272e+00
 1.26492180e+00
 1.26318983e+00
 1.26076602e+00
 1.25764573e+00
 1.25382409e+00
 1.24930358e+00
 1.24410234e+00
 1.23825755e+00
 1.23182289e+00
 1.22486351e+00
 1.21745161e+00
 1.20966378e+00
 1.20157979e+00
 1.19328254e+00
 1.18485829e+00
 1.17639662e+00
 1.16798996e+00
 1.15973237e+00
 1.15171806e+00
 1.14403969e+00
 1.13678673e+00
 1.13004332e+00
 1.12388486e+00
 1.11837345e+00
 1.11355317e+00
 1.10944893e+00
 1.10607192e+00
 1.10342903e+00
 1.10152916e+00
 1.10038316e+00
 1.10000000e+00
 1.26547205e+00
 1.26512454e+00
 1.26408149e+00
 1.26234209e+00
 1.25990652e+00
 1.25677637e+00
 1.25295569e+00
 1.24845433e+00
 1.24329253e+00
 1.23750436e+00
 1.23113794e+00
 1.22425308e+00
 1.21691802e+00
 1.20920691e+00
 1.20119835e+00
 1.19297479e+00
 1.18462242e+00
 1.17623083e+00
 1.16789231e+00
 1.15970060e+00
 1.15174925e+00
 1.14412970e+00
 1.13692907e+00
 1.13022752e+00
 1.12409506e+00
 1.11858841e+00
 1.11374950e+00
 1.10960738e+00
 1.10618312e+00
 1.10349467e+00
 1.10155893e+00
 1.10039064e+00
 1.10000000e+00
 1.26462754e+00
 1.26427773e+00
 1.26322808e+00
 1.26147864e+00
 1.25903115e+00
 1.25589079e+00
 1.25206744e+00
 1.24757711e+00
 1.24244388e+00
 1.23670191e+00
 1.23039637e+00
 1.22358266e+00
 1.21632477e+00
 1.20869341e+00
 1.20076480e+00
 1.19261993e+00
 1.18434408e+00
 1.17602626e+00
 1.16775825e+00
 1.15963312e+00
 1.15174342e+00
 1.14417891e+00
 1.13702421e+00
 1.13035614e+00
 1.12424130e+00
 1.11873453e+00
 1.11387918e+00
 1.10970945e+00
 1.10625352e+00
 1.10353584e+00
 1.10157754e+00
 1.10039532e+00
 1.10000000e+00
 1.26379538e+00
 1.26344051e+00
 1.26237686e+00
 1.26060764e+00
 1.25813899e+00
 1.25498099e+00
 1.25114870e+00
 1.24666298e+00
 1.24155143e+00
 1.23584925e+00
 1.22959993e+00
 1.22285535e+00
 1.21567520e+00
 1.20812618e+00
 1.20028125e+00
 1.19221899e+00
 1.18402307e+00
 1.17578138e+00
 1.16758483e+00
 1.15952564e+00
 1.15169522e+00
 1.14418178e+00
 1.13706788e+00
 1.13042821e+00
 1.12432789e+00
 1.11882203e+00
 1.11395651e+00
 1.10976984e+00
 1.10629491e+00
 1.10355996e+00
 1.10158842e+00
 1.10039805e+00
 1.10000000e+00
 1.26293244e+00
 1.26257154e+00
 1.26149107e+00
 1.25969776e+00
 1.25720295e+00
 1.25402269e+00
 1.25017786e+00
 1.24569421e+00
 1.24060257e+00
 1.23493913e+00
 1.22874602e+00
 1.22207185e+00
 1.21497201e+00
 1.20750881e+00
 1.19975132e+00
 1.19177508e+00
 1.18366158e+00
 1.17549724e+00
 1.16737195e+00
 1.15937710e+00
 1.15160319e+00
 1.14413732e+00
 1.13706085e+00
 1.13044747e+00
 1.12436218e+00
 1.11886122e+00
 1.11399292e+00
 1.10979889e+00
 1.10631501e+00
 1.10357172e+00
 1.10159373e+00
 1.10039939e+00
 1.10000000e+00
 1.26197661e+00
 1.26160967e+00
 1.26051240e+00
 1.25869533e+00
 1.25617534e+00
 1.25297490e+00
 1.24912096e+00
 1.24464413e+00
 1.23957808e+00
 1.23395954e+00
 1.22782894e+00
 1.22123143e+00
 1.21421793e+00
 1.20684606e+00
 1.19918064e+00
 1.19129383e+00
 1.18326465e+00
 1.17517795e+00
 1.16712273e+00
 1.15918984e+00
 1.15146942e+00
 1.14404817e+00
 1.13700711e+00
 1.13041987e+00
 1.12435198e+00
 1.11886096e+00
 1.11399700e+00
 1.10980377e+00
 1.10631893e+00
 1.10357416e+00
 1.10159486e+00
 1.10039967e+00
 1.10000000e+00
 1.26084732e+00
 1.26047557e+00
 1.25936526e+00
 1.25753073e+00
 1.25499444e+00
 1.25178511e+00
 1.24793549e+00
 1.24348038e+00
 1.23845537e+00
 1.23289680e+00
 1.22684263e+00
 1.22033407e+00
 1.21341727e+00
 1.20614500e+00
 1.19857771e+00
 1.19078406e+00
 1.18284065e+00
 1.17483098e+00
 1.16684355e+00
 1.15896932e+00
 1.15129883e+00
 1.14391926e+00
 1.13691213e+00
 1.13035165e+00
 1.12430411e+00
 1.11882805e+00
 1.11397486e+00
 1.10978932e+00
 1.10631002e+00
 1.10356922e+00
 1.10159268e+00
 1.10039913e+00
 1.10000000e+00
 1.25945664e+00
 1.25908266e+00
 1.25796700e+00
 1.25612783e+00
 1.25359315e+00
 1.25039740e+00
 1.24657781e+00
 1.24217153e+00
 1.23721428e+00
 1.23174048e+00
 1.22578465e+00
 1.21938348e+00
 1.21257818e+00
 1.20541659e+00
 1.19795489e+00
 1.19025840e+00
 1.18240163e+00
 1.17446719e+00
 1.16654381e+00
 1.15872347e+00
 1.15109812e+00
 1.14375647e+00
 1.13678135e+00
 1.13024801e+00
 1.12422353e+00
 1.11876701e+00
 1.11393026e+00
 1.10975841e+00
 1.10629021e+00
 1.10355805e+00
 1.10158770e+00
 1.10039788e+00
 1.10000000e+00
 1.25770786e+00
 1.25733603e+00
 1.25622864e+00
 1.25440820e+00
 1.25190717e+00
 1.24876301e+00
 1.24501406e+00
 1.24069684e+00
 1.23584496e+00
 1.23048950e+00
 1.22466071e+00
 1.21839045e+00
 1.21171491e+00
 1.20467720e+00
 1.19732941e+00
 1.18973389e+00
 1.18196352e+00
 1.17410077e+00
 1.16623553e+00
 1.15846198e+00
 1.15087479e+00
 1.14356540e+00
 1.13661890e+00
 1.13011204e+00
 1.12411256e+00
 1.11867960e+00
 1.11386454e+00
 1.10971197e+00
 1.10626012e+00
 1.10354099e+00
 1.10158008e+00
 1.10039597e+00
 1.10000000e+00
 1.25549831e+00
 1.25514006e+00
 1.25407252e+00
 1.25231607e+00
 1.24990092e+00
 1.24686252e+00
 1.24323708e+00
 1.23905834e+00
 1.23435632e+00
 1.22915786e+00
 1.22348853e+00
 1.21737528e+00
 1.21084942e+00
 1.20394950e+00
 1.19672379e+00
 1.18923203e+00
 1.18154603e+00
 1.17374889e+00
 1.16593283e+00
 1.15819561e+00
 1.15063621e+00
 1.14335033e+00
 1.13642650e+00
 1.12994360e+00
 1.12397000e+00
 1.11856417e+00
 1.11377608e+00
 1.10964870e+00
 1.10621884e+00
 1.10351750e+00
 1.10156957e+00
 1.10039333e+00
 1.10000000e+00
 1.25289971e+00
 1.25256267e+00
 1.25155725e+00
 1.24989986e+00
 1.24761514e+00
 1.24473233e+00
 1.24128120e+00
 1.23728933e+00
 1.23278090e+00
 1.22777738e+00
 1.22229921e+00
 1.21636838e+00
 1.21001135e+00
 1.20326217e+00
 1.19616538e+00
 1.18877827e+00
 1.18117202e+00
 1.17343117e+00
 1.16565139e+00
 1.15793560e+00
 1.15038895e+00
 1.14311333e+00
 1.13620242e+00
 1.12973825e+00
 1.12378995e+00
 1.11841459e+00
 1.11365943e+00
 1.10956433e+00
 1.10616346e+00
 1.10348589e+00
 1.10155542e+00
 1.10038979e+00
 1.10000000e+00
 1.25003711e+00
 1.24972589e+00
 1.24879694e+00
 1.24726305e+00
 1.24514202e+00
 1.24245362e+00
 1.23921744e+00
 1.23545163e+00
 1.23117260e+00
 1.22639539e+00
 1.22113494e+00
 1.21540804e+00
 1.20923605e+00
 1.20264813e+00
 1.19568474e+00
 1.18840061e+00
 1.18086643e+00
 1.17316876e+00
 1.16540782e+00
 1.15769325e+00
 1.15013844e+00
 1.14285389e+00
 1.13594079e+00
 1.12948613e+00
 1.12356043e+00
 1.11821875e+00
 1.11350392e+00
 1.10945059e+00
 1.10608831e+00
 1.10344287e+00
 1.10153613e+00
 1.10038495e+00
 1.10000000e+00
 1.24702319e+00
 1.24674511e+00
 1.24591220e+00
 1.24452838e+00
 1.24259981e+00
 1.24013410e+00
 1.23713952e+00
 1.23362457e+00
 1.22959772e+00
 1.22506753e+00
 1.22004317e+00
 1.21453575e+00
 1.20856069e+00
 1.20214129e+00
 1.19531300e+00
 1.18812734e+00
 1.18065442e+00
 1.17298315e+00
 1.16521904e+00
 1.15747985e+00
 1.14988925e+00
 1.14256916e+00
 1.13563153e+00
 1.12917126e+00
 1.12326205e+00
 1.11795675e+00
 1.11329178e+00
 1.10929351e+00
 1.10598380e+00
 1.10338284e+00
 1.10150919e+00
 1.10037819e+00
 1.10000000e+00
 1.24408091e+00
 1.24383599e+00
 1.24309965e+00
 1.24186770e+00
 1.24013478e+00
 1.23789599e+00
 1.23514811e+00
 1.23189003e+00
 1.22812258e+00
 1.22384787e+00
 1.21906891e+00
 1.21379009e+00
 1.20801938e+00
 1.20177250e+00
 1.19507830e+00
 1.18798411e+00
 1.18055901e+00
 1.17289437e+00
 1.16510141e+00
 1.15730679e+00
 1.14964609e+00
 1.14225545e+00
 1.13526164e+00
 1.12877198e+00
 1.12286710e+00
 1.11759894e+00
 1.11299567e+00
 1.10907113e+00
 1.10583463e+00
 1.10329681e+00
 1.10147052e+00
 1.10036848e+00
 1.10000000e+00
 1.24138851e+00
 1.24117300e+00
 1.24052272e+00
 1.23942738e+00
 1.23787273e+00
 1.23584385e+00
 1.23332790e+00
 1.23031554e+00
 1.22680070e+00
 1.22277917e+00
 1.21824714e+00
 1.21320075e+00
 1.20763830e+00
 1.20156538e+00
 1.19500215e+00
 1.18799047e+00
 1.18059808e+00
 1.17291879e+00
 1.16506951e+00
 1.15718566e+00
 1.14941535e+00
 1.14191105e+00
 1.13481848e+00
 1.12826356e+00
 1.12234040e+00
 1.11710454e+00
 1.11257571e+00
 1.10875016e+00
 1.10561710e+00
 1.10317070e+00
 1.10141372e+00
 1.10035422e+00
 1.10000000e+00
 1.23904664e+00
 1.23885534e+00
 1.23827609e+00
 1.23729434e+00
 1.23589015e+00
 1.23404226e+00
 1.23173149e+00
 1.22894263e+00
 1.22566424e+00
 1.22188639e+00
 1.21759773e+00
 1.21278428e+00
 1.20743182e+00
 1.20153269e+00
 1.19509581e+00
 1.18815640e+00
 1.18078101e+00
 1.17306627e+00
 1.16513423e+00
 1.15712785e+00
 1.14920666e+00
 1.14153995e+00
 1.13429550e+00
 1.12762430e+00
 1.12164359e+00
 1.11642236e+00
 1.11197676e+00
 1.10828155e+00
 1.10529488e+00
 1.10298253e+00
 1.10132872e+00
 1.10033285e+00
 1.10000000e+00
 1.23709430e+00
 1.23692036e+00
 1.23639332e+00
 1.23549825e+00
 1.23421325e+00
 1.23251377e+00
 1.23037699e+00
 1.22778455e+00
 1.22472199e+00
 1.22117481e+00
 1.21712359e+00
 1.21254205e+00
 1.20740029e+00
 1.20167383e+00
 1.19535750e+00
 1.18847918e+00
 1.18110544e+00
 1.17333697e+00
 1.16530018e+00
 1.15714288e+00
 1.14903310e+00
 1.14115507e+00
 1.13369914e+00
 1.12684579e+00
 1.12074563e+00
 1.11549708e+00
 1.11112787e+00
 1.10759480e+00
 1.10481240e+00
 1.10269759e+00
 1.10119946e+00
 1.10030034e+00
 1.10000000e+00
 1.23549414e+00
 1.23533416e+00
 1.23484840e+00
 1.23402107e+00
 1.23282983e+00
 1.23124924e+00
 1.22925571e+00
 1.22683155e+00
 1.22396303e+00
 1.22063266e+00
 1.21681210e+00
 1.21246054e+00
 1.20752937e+00
 1.20197352e+00
 1.19577068e+00
 1.18894124e+00
 1.18155483e+00
 1.17371876e+00
 1.16556278e+00
 1.15723560e+00
 1.14890902e+00
 1.14077841e+00
 1.13305393e+00
 1.12594490e+00
 1.11964066e+00
 1.11428617e+00
 1.10994955e+00
 1.10659344e+00
 1.10408463e+00
 1.10225980e+00
 1.10099939e+00
 1.10024990e+00
 1.10000000e+00
 1.23421503e+00
 1.23406343e+00
 1.23360556e+00
 1.23282977e+00
 1.23171253e+00
 1.23022450e+00
 1.22834365e+00
 1.22605952e+00
 1.22336372e+00
 1.22023647e+00
 1.21663880e+00
 1.21251332e+00
 1.20779074e+00
 1.20240183e+00
 1.19630361e+00
 1.18950967e+00
 1.18209764e+00
 1.17418587e+00
 1.16590603e+00
 1.15740258e+00
 1.14884558e+00
 1.14043676e+00
 1.13240124e+00
 1.12497096e+00
 1.11836862e+00
 1.11279163e+00
 1.10838008e+00
 1.10515943e+00
 1.10298379e+00
 1.10157653e+00
 1.10068314e+00
 1.10017000e+00
 1.10000000e+00
 1.23315640e+00
 1.23302011e+00
 1.23260604e+00
 1.23189133e+00
 1.23083707e+00
 1.22941246e+00
 1.22761071e+00
 1.22543869e+00
 1.22289569e+00
 1.21995763e+00
 1.21657207e+00
 1.21266405e+00
 1.20814394e+00
 1.20291531e+00
 1.19691060e+00
 1.19013775e+00
 1.18268906e+00
 1.17470006e+00
 1.16630200e+00
 1.15762955e+00
 1.14884545e+00
 1.14015374e+00
 1.13178987e+00
 1.12399981e+00
 1.11702399e+00
 1.11109679e+00
 1.10643333e+00
 1.10318897e+00
 1.10133284e+00
 1.10049560e+00
 1.10017144e+00
 1.10003988e+00
 1.10000000e+00
 1.23233852e+00
 1.23223213e+00
 1.23188221e+00
 1.23122015e+00
 1.23019057e+00
 1.22878455e+00
 1.22702655e+00
 1.22494208e+00
 1.22253349e+00
 1.21976821e+00
 1.21657780e+00
 1.21287027e+00
 1.20853949e+00
 1.20345966e+00
 1.19753484e+00
 1.19076891e+00
 1.18327551e+00
 1.17521448e+00
 1.16671287e+00
 1.15789087e+00
 1.14889936e+00
 1.13994235e+00
 1.13126264e+00
 1.12311417e+00
 1.11573696e+00
 1.10937367e+00
 1.10427308e+00
 1.10069316e+00
 1.09894549e+00
 1.09878995e+00
 1.09933236e+00
 1.09982470e+00
 1.10000000e+00
 1.23197076e+00
 1.23186868e+00
 1.23151476e+00
 1.23081852e+00
 1.22974063e+00
 1.22830824e+00
 1.22656839e+00
 1.22455286e+00
 1.22225954e+00
 1.21964465e+00
 1.21662308e+00
 1.21308784e+00
 1.20892341e+00
 1.20397400e+00
 1.19811317e+00
 1.19134260e+00
 1.18380127e+00
 1.17567955e+00
 1.16709525e+00
 1.15815211e+00
 1.14898653e+00
 1.13980173e+00
 1.13084680e+00
 1.12238131e+00
 1.11463430e+00
 1.10782836e+00
 1.10222204e+00
 1.09794508e+00
 1.09579559e+00
 1.09623134e+00
 1.09798940e+00
 1.09947345e+00
 1.10000000e+00
 1.23197457e+00
 1.23184610e+00
 1.23140904e+00
 1.23060132e+00
 1.22943490e+00
 1.22796118e+00
 1.22622937e+00
 1.22426727e+00
 1.22206521e+00
 1.21956897e+00
 1.21667899e+00
 1.21327603e+00
 1.20924332e+00
 1.20439714e+00
 1.19858274e+00
 1.19180130e+00
 1.18421594e+00
 1.17604934e+00
 1.16740606e+00
 1.15837521e+00
 1.14907897e+00
 1.13971976e+00
 1.13055291e+00
 1.12184176e+00
 1.11380795e+00
 1.10662330e+00
 1.10062317e+00
 1.09549455e+00
 1.09231860e+00
 1.09293211e+00
 1.09605523e+00
 1.09894572e+00
 1.10000000e+00
 1.23212050e+00
 1.23194581e+00
 1.23139765e+00
 1.23048269e+00
 1.22924668e+00
 1.22774383e+00
 1.22601750e+00
 1.22409082e+00
 1.22194821e+00
 1.21952860e+00
 1.21672260e+00
 1.21340255e+00
 1.20945507e+00
 1.20467574e+00
 1.19888929e+00
 1.19209754e+00
 1.18448064e+00
 1.17628706e+00
 1.16760884e+00
 1.15852546e+00
 1.14914850e+00
 1.13967976e+00
 1.13038007e+00
 1.12151361e+00
 1.11330512e+00
 1.10585812e+00
 1.09965878e+00
 1.09388163e+00
 1.08950050e+00
 1.08986940e+00
 1.09395186e+00
 1.09829113e+00
 1.10000000e+00
 1.23219700e+00
 1.23199351e+00
 1.23139621e+00
 1.23044170e+00
 1.22918149e+00
 1.22766910e+00
 1.22594504e+00
 1.22403094e+00
 1.22190904e+00
 1.21951598e+00
 1.21673890e+00
 1.21344702e+00
 1.20952911e+00
 1.20477301e+00
 1.19899586e+00
 1.19219995e+00
 1.18457151e+00
 1.17636904e+00
 1.16767927e+00
 1.15857848e+00
 1.14917424e+00
 1.13966816e+00
 1.13032330e+00
 1.12140360e+00
 1.11313768e+00
 1.10559492e+00
 1.09934354e+00
 1.09333763e+00
 1.08840767e+00
 1.08859349e+00
 1.09295966e+00
 1.09790087e+00
 1.10000000e+00
