 1.70768600e+00
 1.70753738e+00
 1.70709115e+00
 1.70634582e+00
 1.70529869e+00
 1.70394530e+00
 1.70227911e+00
 1.70029372e+00
 1.69798246e+00
 1.69533809e+00
 1.69235531e+00
 1.68903093e+00
 1.68536784e+00
 1.68137247e+00
 1.67706501e+00
 1.67247089e+00
 1.66761759e+00
 1.66254153e+00
 1.65729237e+00
 1.65193703e+00
 1.64656045e+00
 1.64125165e+00
 1.63609534e+00
 1.63117376e+00
 1.62656240e+00
 1.62232943e+00
 1.61853545e+00
 1.61523366e+00
 1.61247000e+00
 1.61028067e+00
 1.60869497e+00
 1.60773462e+00
 1.60741300e+00
 1.70815074e+00
 1.70795533e+00
 1.70743162e+00
 1.70662554e+00
 1.70553982e+00
 1.70416452e+00
 1.70248654e+00
 1.70049487e+00
 1.69818009e+00
 1.69553360e+00
 1.69254924e+00
 1.68922350e+00
 1.68555888e+00
 1.68156197e+00
 1.67725253e+00
 1.67265589e+00
 1.66779981e+00
 1.66272107e+00
 1.65746955e+00
 1.65211222e+00
 1.64673340e+00
 1.64142164e+00
 1.63626158e+00
 1.63133525e+00
 1.62671812e+00
 1.62247835e+00
 1.61867659e+00
 1.61536602e+00
 1.61259231e+00
 1.61039163e+00
 1.60879333e+00
 1.60782041e+00
 1.60749213e+00
 1.70937192e+00
 1.70910565e+00
 1.70841251e+00
 1.70744580e+00
 1.70625197e+00
 1.70481366e+00
 1.70310140e+00
 1.70109135e+00
 1.69876635e+00
 1.69611371e+00
 1.69312482e+00
 1.68979509e+00
 1.68612605e+00
 1.68212458e+00
 1.67780933e+00
 1.67320529e+00
 1.66834110e+00
 1.66325441e+00
 1.65799583e+00
 1.65263229e+00
 1.64724651e+00
 1.64192570e+00
 1.63675423e+00
 1.63181357e+00
 1.62717906e+00
 1.62291890e+00
 1.61909388e+00
 1.61575713e+00
 1.61295375e+00
 1.61072006e+00
 1.60908656e+00
 1.60808321e+00
 1.60774298e+00
 1.71091178e+00
 1.71061538e+00
 1.70981775e+00
 1.70870292e+00
 1.70738227e+00
 1.70586014e+00
 1.70409885e+00
 1.70206149e+00
 1.69972114e+00
 1.69705919e+00
 1.69406349e+00
 1.69072763e+00
 1.68705180e+00
 1.68304292e+00
 1.67871833e+00
 1.67410255e+00
 1.66922541e+00
 1.66412584e+00
 1.65885544e+00
 1.65348096e+00
 1.64808288e+00
 1.64274651e+00
 1.63755557e+00
 1.63259079e+00
 1.62792729e+00
 1.62363340e+00
 1.61977019e+00
 1.61639105e+00
 1.61354138e+00
 1.61125950e+00
 1.60958168e+00
 1.60854840e+00
 1.60819844e+00
 1.71230266e+00
 1.71203478e+00
 1.71128429e+00
 1.71017299e+00
 1.70880948e+00
 1.70723405e+00
 1.70543116e+00
 1.70336699e+00
 1.70101047e+00
 1.69833832e+00
 1.69533490e+00
 1.69199170e+00
 1.68830748e+00
 1.68428883e+00
 1.67995191e+00
 1.67532083e+00
 1.67042661e+00
 1.66530969e+00
 1.66002265e+00
 1.65463186e+00
 1.64921541e+00
 1.64385642e+00
 1.63863759e+00
 1.63363882e+00
 1.62893506e+00
 1.62459502e+00
 1.62068057e+00
 1.61724660e+00
 1.61434155e+00
 1.61200989e+00
 1.61029609e+00
 1.60924434e+00
 1.60888931e+00
 1.71340492e+00
 1.71321112e+00
 1.71262749e+00
 1.71167033e+00
 1.71038977e+00
 1.70883635e+00
 1.70702800e+00
 1.70495272e+00
 1.70258686e+00
 1.69990765e+00
 1.69689793e+00
 1.69354767e+00
 1.68985453e+00
 1.68582456e+00
 1.68147307e+00
 1.67682397e+00
 1.67190936e+00
 1.66677108e+00
 1.66146262e+00
 1.65604972e+00
 1.65060828e+00
 1.64521922e+00
 1.63996399e+00
 1.63492179e+00
 1.63016762e+00
 1.62577109e+00
 1.62179599e+00
 1.61830072e+00
 1.61533970e+00
 1.61296533e+00
 1.61122745e+00
 1.61016751e+00
 1.60981142e+00
 1.71469633e+00
 1.71453611e+00
 1.71404824e+00
 1.71322111e+00
 1.71205835e+00
 1.71058172e+00
 1.70881179e+00
 1.70675236e+00
 1.70439212e+00
 1.70171397e+00
 1.69870238e+00
 1.69534731e+00
 1.69164604e+00
 1.68760429e+00
 1.68323695e+00
 1.67856797e+00
 1.67363041e+00
 1.66846732e+00
 1.66313279e+00
 1.65769194e+00
 1.65221877e+00
 1.64679226e+00
 1.64149267e+00
 1.63639876e+00
 1.63158608e+00
 1.62712592e+00
 1.62308523e+00
 1.61952723e+00
 1.61651233e+00
 1.61409769e+00
 1.61233389e+00
 1.61125975e+00
 1.61089906e+00
 1.71625098e+00
 1.71610107e+00
 1.71564951e+00
 1.71489038e+00
 1.71381620e+00
 1.71242444e+00
 1.71071839e+00
 1.70869983e+00
 1.70636342e+00
 1.70369808e+00
 1.70069181e+00
 1.69733613e+00
 1.69362893e+00
 1.68957611e+00
 1.68519261e+00
 1.68050274e+00
 1.67554038e+00
 1.67034956e+00
 1.66498478e+00
 1.65951054e+00
 1.65399939e+00
 1.64852880e+00
 1.64317815e+00
 1.63802623e+00
 1.63314973e+00
 1.62862239e+00
 1.62451494e+00
 1.62089522e+00
 1.61782777e+00
 1.61537182e+00
 1.61357806e+00
 1.61248535e+00
 1.61211829e+00
 1.71790049e+00
 1.71776475e+00
 1.71735291e+00
 1.71665338e+00
 1.71565244e+00
 1.71433814e+00
 1.71270213e+00
 1.71073847e+00
 1.70844055e+00
 1.70579976e+00
 1.70280711e+00
 1.69945628e+00
 1.69574643e+00
 1.69168424e+00
 1.68728517e+00
 1.68257412e+00
 1.67758579e+00
 1.67236496e+00
 1.66696644e+00
 1.66145428e+00
 1.65590001e+00
 1.65038016e+00
 1.64497369e+00
 1.63975996e+00
 1.63481736e+00
 1.63022247e+00
 1.62604973e+00
 1.62237076e+00
 1.61925306e+00
 1.61675753e+00
 1.61493560e+00
 1.61382622e+00
 1.61345369e+00
 1.71966218e+00
 1.71953465e+00
 1.71914808e+00
 1.71849117e+00
 1.71754733e+00
 1.71629839e+00
 1.71472785e+00
 1.71282216e+00
 1.71057020e+00
 1.70796227e+00
 1.70499038e+00
 1.70164974e+00
 1.69794088e+00
 1.69387156e+00
 1.68945808e+00
 1.68472614e+00
 1.67971127e+00
 1.67445890e+00
 1.66902413e+00
 1.66347080e+00
 1.65786990e+00
 1.65229753e+00
 1.64683281e+00
 1.64155616e+00
 1.63654796e+00
 1.63188767e+00
 1.62765294e+00
 1.62391841e+00
 1.62075375e+00
 1.61822119e+00
 1.61637267e+00
 1.61524731e+00
 1.61486945e+00
 1.72148146e+00
 1.72136101e+00
 1.72099531e+00
 1.72037208e+00
 1.71947322e+00
 1.71827751e+00
 1.71676348e+00
 1.71491181e+00
 1.71270642e+00
 1.71013470e+00
 1.70718775e+00
 1.70386114e+00
 1.70015631e+00
 1.69608199e+00
 1.69165543e+00
 1.68690325e+00
 1.68186179e+00
 1.67657715e+00
 1.67110478e+00
 1.66550856e+00
 1.65985938e+00
 1.65423343e+00
 1.64871046e+00
 1.64337223e+00
 1.63830123e+00
 1.63357952e+00
 1.62928747e+00
 1.62550200e+00
 1.62229446e+00
 1.61972804e+00
 1.61785515e+00
 1.61671513e+00
 1.61633237e+00
 1.72332454e+00
 1.72320922e+00
 1.72285899e+00
 1.72226147e+00
 1.72139769e+00
 1.72024438e+00
 1.71877692e+00
 1.71697186e+00
 1.71480893e+00
 1.71227222e+00
 1.70935087e+00
 1.70603978e+00
 1.70234059e+00
 1.69826266e+00
 1.69382411e+00
 1.68905240e+00
 1.68398471e+00
 1.67866784e+00
 1.67315769e+00
 1.66751845e+00
 1.66182126e+00
 1.65614280e+00
 1.65056374e+00
 1.64516735e+00
 1.64003811e+00
 1.63526035e+00
 1.63091658e+00
 1.62708556e+00
 1.62383988e+00
 1.62124348e+00
 1.61934915e+00
 1.61819630e+00
 1.61780928e+00
 1.72515041e+00
 1.72503922e+00
 1.72470124e+00
 1.72412371e+00
 1.72328699e+00
 1.72216666e+00
 1.72073603e+00
 1.71896886e+00
 1.71684164e+00
 1.71433547e+00
 1.71143725e+00
 1.70814064e+00
 1.70444687e+00
 1.70036557e+00
 1.69591544e+00
 1.69112474e+00
 1.68603144e+00
 1.68068303e+00
 1.67513602e+00
 1.66945508e+00
 1.66371188e+00
 1.65798383e+00
 1.65235267e+00
 1.64690314e+00
 1.64172150e+00
 1.63689394e+00
 1.63250472e+00
 1.62863393e+00
 1.62535513e+00
 1.62273275e+00
 1.62081981e+00
 1.61965576e+00
 1.61926500e+00
 1.72692565e+00
 1.72681737e+00
 1.72648814e+00
 1.72592517e+00
 1.72510844e+00
 1.72401268e+00
 1.72260980e+00
 1.72087154e+00
 1.71877204e+00
 1.71628995e+00
 1.71341011e+00
 1.71012473e+00
 1.70643437e+00
 1.70234859e+00
 1.69788648e+00
 1.69307693e+00
 1.68795867e+00
 1.68257993e+00
 1.67699787e+00
 1.67127779e+00
 1.66549201e+00
 1.65971877e+00
 1.65404087e+00
 1.64854437e+00
 1.64331701e+00
 1.63844647e+00
 1.63401835e+00
 1.63011378e+00
 1.62680702e+00
 1.62416290e+00
 1.62223452e+00
 1.62106131e+00
 1.62066751e+00
 1.72861582e+00
 1.72850971e+00
 1.72818687e+00
 1.72763430e+00
 1.72683166e+00
 1.72575310e+00
 1.72436960e+00
 1.72265157e+00
 1.72057141e+00
 1.71810591e+00
 1.71523821e+00
 1.71195921e+00
 1.70826872e+00
 1.70417609e+00
 1.69970068e+00
 1.69487194e+00
 1.68972930e+00
 1.68432172e+00
 1.67870709e+00
 1.67295134e+00
 1.66712750e+00
 1.66131457e+00
 1.65559629e+00
 1.65005976e+00
 1.64479389e+00
 1.63988746e+00
 1.63542703e+00
 1.63149450e+00
 1.62816462e+00
 1.62550248e+00
 1.62356128e+00
 1.62238040e+00
 1.62198405e+00
 1.73019483e+00
 1.73008997e+00
 1.72977089e+00
 1.72922457e+00
 1.72843047e+00
 1.72736236e+00
 1.72599055e+00
 1.72428448e+00
 1.72221535e+00
 1.71975857e+00
 1.71689597e+00
 1.71361743e+00
 1.70992211e+00
 1.70581923e+00
 1.70132837e+00
 1.69647956e+00
 1.69131290e+00
 1.68587811e+00
 1.68023378e+00
 1.67444649e+00
 1.66858987e+00
 1.66274353e+00
 1.65699190e+00
 1.65142283e+00
 1.64612598e+00
 1.64119088e+00
 1.63670472e+00
 1.63274992e+00
 1.62940153e+00
 1.62672486e+00
 1.62477321e+00
 1.62358603e+00
 1.62318758e+00
 1.73163875e+00
 1.73153446e+00
 1.73121711e+00
 1.73067357e+00
 1.72988320e+00
 1.72881951e+00
 1.72745238e+00
 1.72575059e+00
 1.72368449e+00
 1.72122856e+00
 1.71836369e+00
 1.71507905e+00
 1.71137343e+00
 1.70725607e+00
 1.70274691e+00
 1.69787661e+00
 1.69268602e+00
 1.68722563e+00
 1.68155470e+00
 1.67574039e+00
 1.66985677e+00
 1.66398385e+00
 1.65820639e+00
 1.65261261e+00
 1.64729256e+00
 1.64233615e+00
 1.63783094e+00
 1.63385959e+00
 1.63049742e+00
 1.62780988e+00
 1.62585040e+00
 1.62465849e+00
 1.62425846e+00
 1.73293035e+00
 1.73282600e+00
 1.73250846e+00
 1.73196459e+00
 1.73117365e+00
 1.73010901e+00
 1.72874025e+00
 1.72703571e+00
 1.72496515e+00
 1.72250242e+00
 1.71962783e+00
 1.71633022e+00
 1.71260832e+00
 1.70847164e+00
 1.70394075e+00
 1.69904707e+00
 1.69383232e+00
 1.68834780e+00
 1.68265343e+00
 1.67681683e+00
 1.67091233e+00
 1.66502000e+00
 1.65922458e+00
 1.65361425e+00
 1.64827901e+00
 1.64330883e+00
 1.63879134e+00
 1.63480934e+00
 1.63143823e+00
 1.62874358e+00
 1.62677891e+00
 1.62558385e+00
 1.62518276e+00
 1.73405818e+00
 1.73395320e+00
 1.73363377e+00
 1.73308680e+00
 1.73229156e+00
 1.73122129e+00
 1.72984535e+00
 1.72813175e+00
 1.72604982e+00
 1.72357301e+00
 1.72068138e+00
 1.71736378e+00
 1.71361926e+00
 1.70945802e+00
 1.70490148e+00
 1.69998210e+00
 1.69474263e+00
 1.68923524e+00
 1.68352051e+00
 1.67766642e+00
 1.67174733e+00
 1.66584305e+00
 1.66003786e+00
 1.65441940e+00
 1.64907722e+00
 1.64410095e+00
 1.63957808e+00
 1.63559138e+00
 1.63221631e+00
 1.62951852e+00
 1.62755157e+00
 1.62635512e+00
 1.62595356e+00
 1.73501567e+00
 1.73490970e+00
 1.73458729e+00
 1.73403526e+00
 1.73323282e+00
 1.73215312e+00
 1.73076533e+00
 1.72903715e+00
 1.72693757e+00
 1.72443981e+00
 1.72152397e+00
 1.71817929e+00
 1.71440563e+00
 1.71021423e+00
 1.70562779e+00
 1.70068005e+00
 1.69541495e+00
 1.68988568e+00
 1.68415349e+00
 1.67828665e+00
 1.67235935e+00
 1.66645077e+00
 1.66064427e+00
 1.65502640e+00
 1.64968574e+00
 1.64471119e+00
 1.64018982e+00
 1.63620426e+00
 1.63283001e+00
 1.63013283e+00
 1.62816635e+00
 1.62697023e+00
 1.62656880e+00
 1.73580490e+00
 1.73569751e+00
 1.73537090e+00
 1.73481199e+00
 1.73399999e+00
 1.73290788e+00
 1.73150448e+00
 1.72975705e+00
 1.72763419e+00
 1.72510898e+00
 1.72216189e+00
 1.71878301e+00
 1.71497352e+00
 1.71074621e+00
 1.70612541e+00
 1.70114638e+00
 1.69585448e+00
 1.69030399e+00
 1.68455696e+00
 1.67868189e+00
 1.67275267e+00
 1.66684755e+00
 1.66104845e+00
 1.65544024e+00
 1.65010987e+00
 1.64514501e+00
 1.64063197e+00
 1.63665310e+00
 1.63328390e+00
 1.63059026e+00
 1.62862603e+00
 1.62743112e+00
 1.62703006e+00
 1.73643040e+00
 1.73632155e+00
 1.73599051e+00
 1.73542415e+00
 1.73460153e+00
 1.73349532e+00
 1.73207375e+00
 1.73030332e+00
 1.72815208e+00
 1.72559313e+00
 1.72260774e+00
 1.71918750e+00
 1.71533550e+00
 1.71106656e+00
 1.70640692e+00
 1.70139362e+00
 1.69607352e+00
 1.69050216e+00
 1.68474245e+00
 1.67886328e+00
 1.67293814e+00
 1.66704417e+00
 1.66126139e+00
 1.65567230e+00
 1.65036145e+00
 1.64541455e+00
 1.64091676e+00
 1.63695008e+00
 1.63359018e+00
 1.63090331e+00
 1.62894367e+00
 1.62775141e+00
 1.62735121e+00
 1.73690395e+00
 1.73679368e+00
 1.73645842e+00
 1.73588501e+00
 1.73505216e+00
 1.73393170e+00
 1.73249065e+00
 1.73069422e+00
 1.72850972e+00
 1.72591061e+00
 1.72287972e+00
 1.71941098e+00
 1.71551004e+00
 1.71119412e+00
 1.70649154e+00
 1.70144115e+00
 1.69609138e+00
 1.69049915e+00
 1.68472841e+00
 1.67884856e+00
 1.67293291e+00
 1.66705741e+00
 1.66129988e+00
 1.65573977e+00
 1.65045825e+00
 1.64553808e+00
 1.64106260e+00
 1.63711329e+00
 1.63376627e+00
 1.63108860e+00
 1.62913522e+00
 1.62794668e+00
 1.62754773e+00
 1.73724155e+00
 1.73713043e+00
 1.73679241e+00
 1.73621388e+00
 1.73537283e+00
 1.73423961e+00
 1.73277890e+00
 1.73095370e+00
 1.72873057e+00
 1.72608427e+00
 1.72300047e+00
 1.71947643e+00
 1.71552085e+00
 1.71115347e+00
 1.70640464e+00
 1.70131487e+00
 1.69593412e+00
 1.69032073e+00
 1.68453991e+00
 1.67866188e+00
 1.67276007e+00
 1.66690947e+00
 1.66118569e+00
 1.65566464e+00
 1.65042306e+00
 1.64553929e+00
 1.64109358e+00
 1.63716644e+00
 1.63383486e+00
 1.63116746e+00
 1.62922044e+00
 1.62803522e+00
 1.62763727e+00
 1.73746463e+00
 1.73735290e+00
 1.73701371e+00
 1.73643388e+00
 1.73558968e+00
 1.73444756e+00
 1.73296761e+00
 1.73110984e+00
 1.72884114e+00
 1.72613967e+00
 1.72299565e+00
 1.71941048e+00
 1.71539601e+00
 1.71097421e+00
 1.70617710e+00
 1.70104658e+00
 1.69563393e+00
 1.68999895e+00
 1.68420830e+00
 1.67833343e+00
 1.67244831e+00
 1.66662750e+00
 1.66094473e+00
 1.65547243e+00
 1.65028210e+00
 1.64544592e+00
 1.64103875e+00
 1.63713862e+00
 1.63382365e+00
 1.63116576e+00
 1.62922449e+00
 1.62804297e+00
 1.62764643e+00
 1.73758101e+00
 1.73747320e+00
 1.73714334e+00
 1.73657363e+00
 1.73573583e+00
 1.73459009e+00
 1.73308958e+00
 1.73119202e+00
 1.72886820e+00
 1.72610296e+00
 1.72289254e+00
 1.71924248e+00
 1.71516714e+00
 1.71069007e+00
 1.70584440e+00
 1.70067298e+00
 1.69522819e+00
 1.68957123e+00
 1.68377045e+00
 1.67789884e+00
 1.67203148e+00
 1.66624308e+00
 1.66060631e+00
 1.65519079e+00
 1.65006293e+00
 1.64528739e+00
 1.64093044e+00
 1.63706394e+00
 1.63376585e+00
 1.63111298e+00
 1.62917004e+00
 1.62798431e+00
 1.62758557e+00
 1.73766098e+00
 1.73755296e+00
 1.73722753e+00
 1.73667282e+00
 1.73585198e+00
 1.73470597e+00
 1.73317693e+00
 1.73122634e+00
 1.72883568e+00
 1.72599930e+00
 1.72271919e+00
 1.71900367e+00
 1.71486843e+00
 1.71033771e+00
 1.70544518e+00
 1.70023423e+00
 1.69475797e+00
 1.68907899e+00
 1.68326745e+00
 1.67739820e+00
 1.67154784e+00
 1.66579186e+00
 1.66020273e+00
 1.65484858e+00
 1.64979218e+00
 1.64509114e+00
 1.64080060e+00
 1.63697981e+00
 1.63370049e+00
 1.63104747e+00
 1.62910199e+00
 1.62791893e+00
 1.62752263e+00
 1.73760201e+00
 1.73751502e+00
 1.73724814e+00
 1.73676431e+00
 1.73598597e+00
 1.73483201e+00
 1.73325299e+00
 1.73123089e+00
 1.72876322e+00
 1.72585262e+00
 1.72250410e+00
 1.71872646e+00
 1.71453542e+00
 1.70995516e+00
 1.70501950e+00
 1.69977198e+00
 1.69426606e+00
 1.68856563e+00
 1.68274282e+00
 1.67687441e+00
 1.67103884e+00
 1.66531276e+00
 1.65976910e+00
 1.65447597e+00
 1.64949478e+00
 1.64487890e+00
 1.64067389e+00
 1.63692173e+00
 1.63367215e+00
 1.63099924e+00
 1.62900268e+00
 1.62777428e+00
 1.62736149e+00
 1.73752348e+00
 1.73749479e+00
 1.73735176e+00
 1.73696093e+00
 1.73619421e+00
 1.73498588e+00
 1.73332371e+00
 1.73121496e+00
 1.72866751e+00
 1.72568642e+00
 1.72227599e+00
 1.71844331e+00
 1.71420341e+00
 1.70957994e+00
 1.70460666e+00
 1.69932709e+00
 1.69379451e+00
 1.68807413e+00
 1.68224008e+00
 1.67637091e+00
 1.67054709e+00
 1.66484651e+00
 1.65934278e+00
 1.65410501e+00
 1.64919531e+00
 1.64466659e+00
 1.64056072e+00
 1.63690831e+00
 1.63373321e+00
 1.63107152e+00
 1.62900546e+00
 1.62767214e+00
 1.62720848e+00
 1.73791007e+00
 1.73789778e+00
 1.73776872e+00
 1.73733409e+00
 1.73646864e+00
 1.73514633e+00
 1.73338041e+00
 1.73118463e+00
 1.72856529e+00
 1.72552425e+00
 1.72206284e+00
 1.71818508e+00
 1.71390548e+00
 1.70924681e+00
 1.70424287e+00
 1.69893711e+00
 1.69338214e+00
 1.68764444e+00
 1.68180008e+00
 1.67592897e+00
 1.67011365e+00
 1.66443312e+00
 1.65896141e+00
 1.65376914e+00
 1.64892009e+00
 1.64446921e+00
 1.64046016e+00
 1.63692401e+00
 1.63387732e+00
 1.63132966e+00
 1.62932264e+00
 1.62798786e+00
 1.62751281e+00
 1.73866677e+00
 1.73861747e+00
 1.73836513e+00
 1.73775359e+00
 1.73672396e+00
 1.73527502e+00
 1.73341538e+00
 1.73114896e+00
 1.72847442e+00
 1.72538865e+00
 1.72188995e+00
 1.71797892e+00
 1.71367023e+00
 1.70898561e+00
 1.70395906e+00
 1.69863401e+00
 1.69306203e+00
 1.68731081e+00
 1.68145814e+00
 1.67558465e+00
 1.66977488e+00
 1.66410860e+00
 1.65865986e+00
 1.65350083e+00
 1.64869684e+00
 1.64430549e+00
 1.64037397e+00
 1.63693977e+00
 1.63402860e+00
 1.63165252e+00
 1.62982718e+00
 1.62861881e+00
 1.62818219e+00
 1.73938564e+00
 1.73926359e+00
 1.73883493e+00
 1.73804823e+00
 1.73688918e+00
 1.73535186e+00
 1.73343109e+00
 1.73112027e+00
 1.72841175e+00
 1.72529869e+00
 1.72177754e+00
 1.71784612e+00
 1.71351977e+00
 1.70881925e+00
 1.70377886e+00
 1.69844203e+00
 1.69285942e+00
 1.68709956e+00
 1.68124149e+00
 1.67536610e+00
 1.66955939e+00
 1.66390157e+00
 1.65846651e+00
 1.65332752e+00
 1.64855088e+00
 1.64419618e+00
 1.64031312e+00
 1.63694461e+00
 1.63412673e+00
 1.63188329e+00
 1.63023287e+00
 1.62919798e+00
 1.62883265e+00
 1.73967700e+00
 1.73950844e+00
 1.73900089e+00
 1.73814888e+00
 1.73694424e+00
 1.73537658e+00
 1.73343507e+00
 1.73110931e+00
 1.72838939e+00
 1.72526719e+00
 1.72173858e+00
 1.71780029e+00
 1.71346803e+00
 1.70876215e+00
 1.70371711e+00
 1.69837633e+00
 1.69279009e+00
 1.68702726e+00
 1.68116731e+00
 1.67529120e+00
 1.66948545e+00
 1.66383045e+00
 1.65839991e+00
 1.65326760e+00
 1.64850008e+00
 1.64415768e+00
 1.64029091e+00
 1.63694458e+00
 1.63415867e+00
 1.63196179e+00
 1.63037628e+00
 1.62941840e+00
 1.62909800e+00
