 1.30493000e+00
 1.30540335e+00
 1.30681713e+00
 1.30915301e+00
 1.31238158e+00
 1.31646398e+00
 1.32135361e+00
 1.32699411e+00
 1.33332499e+00
 1.34028325e+00
 1.34779695e+00
 1.35579003e+00
 1.36417250e+00
 1.37286030e+00
 1.38176820e+00
 1.39079835e+00
 1.39984621e+00
 1.40880750e+00
 1.41758540e+00
 1.42608988e+00
 1.43423968e+00
 1.44196335e+00
 1.44919340e+00
 1.45586215e+00
 1.46192001e+00
 1.46732637e+00
 1.47205103e+00
 1.47607180e+00
 1.47937245e+00
 1.48194521e+00
 1.48378546e+00
 1.48489051e+00
 1.48525900e+00
 1.30560245e+00
 1.30597131e+00
 1.30720817e+00
 1.30939929e+00
 1.31252999e+00
 1.31655207e+00
 1.32140599e+00
 1.32702658e+00
 1.33334757e+00
 1.34030205e+00
 1.34781593e+00
 1.35581124e+00
 1.36419759e+00
 1.37288980e+00
 1.38180164e+00
 1.39083517e+00
 1.39988601e+00
 1.40885019e+00
 1.41763094e+00
 1.42613840e+00
 1.43429141e+00
 1.44201845e+00
 1.44925211e+00
 1.45592588e+00
 1.46199045e+00
 1.46740618e+00
 1.47214419e+00
 1.47618473e+00
 1.47951605e+00
 1.48213623e+00
 1.48404528e+00
 1.48523395e+00
 1.48565183e+00
 1.30725940e+00
 1.30746468e+00
 1.30830675e+00
 1.31011038e+00
 1.31296397e+00
 1.31681077e+00
 1.32155990e+00
 1.32712151e+00
 1.33341300e+00
 1.34035622e+00
 1.34787057e+00
 1.35587263e+00
 1.36427047e+00
 1.37297573e+00
 1.38189941e+00
 1.39094313e+00
 1.40000303e+00
 1.40897591e+00
 1.41776525e+00
 1.42628162e+00
 1.43444419e+00
 1.44218130e+00
 1.44942602e+00
 1.45611482e+00
 1.46219952e+00
 1.46764318e+00
 1.47242084e+00
 1.47651976e+00
 1.47994028e+00
 1.48269490e+00
 1.48478827e+00
 1.48616356e+00
 1.48665856e+00
 1.30898672e+00
 1.30910960e+00
 1.30967837e+00
 1.31109543e+00
 1.31360344e+00
 1.31720455e+00
 1.32179727e+00
 1.32726766e+00
 1.33351258e+00
 1.34043821e+00
 1.34795361e+00
 1.35596734e+00
 1.36438401e+00
 1.37311058e+00
 1.38205399e+00
 1.39111497e+00
 1.40019023e+00
 1.40917770e+00
 1.41798139e+00
 1.42651252e+00
 1.43469079e+00
 1.44244461e+00
 1.44970815e+00
 1.45642177e+00
 1.46253956e+00
 1.46802838e+00
 1.47286887e+00
 1.47705688e+00
 1.48060414e+00
 1.48352790e+00
 1.48580599e+00
 1.48731052e+00
 1.48784429e+00
 1.30979631e+00
 1.30995804e+00
 1.31056632e+00
 1.31190441e+00
 1.31422701e+00
 1.31762889e+00
 1.32206570e+00
 1.32743533e+00
 1.33362657e+00
 1.34053287e+00
 1.34805203e+00
 1.35608351e+00
 1.36452649e+00
 1.37328240e+00
 1.38225350e+00
 1.39133903e+00
 1.40043626e+00
 1.40944431e+00
 1.41826803e+00
 1.42681954e+00
 1.43501928e+00
 1.44279615e+00
 1.45008612e+00
 1.45683346e+00
 1.46299521e+00
 1.46854193e+00
 1.47345821e+00
 1.47774228e+00
 1.48139969e+00
 1.48442048e+00
 1.48673989e+00
 1.48822660e+00
 1.48874197e+00
 1.30935828e+00
 1.30965652e+00
 1.31056177e+00
 1.31214535e+00
 1.31455241e+00
 1.31791403e+00
 1.32226875e+00
 1.32756812e+00
 1.33371921e+00
 1.34061493e+00
 1.34814600e+00
 1.35620400e+00
 1.36468196e+00
 1.37347556e+00
 1.38248247e+00
 1.39160009e+00
 1.40072602e+00
 1.40976060e+00
 1.41860980e+00
 1.42718684e+00
 1.43541318e+00
 1.44321869e+00
 1.45054147e+00
 1.45732908e+00
 1.46354108e+00
 1.46914938e+00
 1.47413678e+00
 1.47849125e+00
 1.48219200e+00
 1.48518949e+00
 1.48740243e+00
 1.48875302e+00
 1.48920494e+00
 1.30859727e+00
 1.30895761e+00
 1.31003784e+00
 1.31185047e+00
 1.31444746e+00
 1.31790902e+00
 1.32229102e+00
 1.32758813e+00
 1.33373878e+00
 1.34064850e+00
 1.34820872e+00
 1.35630687e+00
 1.36483094e+00
 1.37367172e+00
 1.38272291e+00
 1.39188024e+00
 1.40104152e+00
 1.41010830e+00
 1.41898788e+00
 1.42759481e+00
 1.43585176e+00
 1.44368994e+00
 1.45104939e+00
 1.45787981e+00
 1.46414143e+00
 1.46980390e+00
 1.47484209e+00
 1.47922769e+00
 1.48291854e+00
 1.48585637e+00
 1.48798342e+00
 1.48926527e+00
 1.48969263e+00
 1.30764871e+00
 1.30803342e+00
 1.30919470e+00
 1.31114990e+00
 1.31392288e+00
 1.31754482e+00
 1.32204323e+00
 1.32741800e+00
 1.33362708e+00
 1.34059136e+00
 1.34820880e+00
 1.35636714e+00
 1.36495202e+00
 1.37385113e+00
 1.38295564e+00
 1.39216017e+00
 1.40136299e+00
 1.41046693e+00
 1.41938083e+00
 1.42802070e+00
 1.43631060e+00
 1.44418309e+00
 1.45157951e+00
 1.45845022e+00
 1.46475401e+00
 1.47045555e+00
 1.47552058e+00
 1.47991020e+00
 1.48357885e+00
 1.48648045e+00
 1.48857808e+00
 1.48984696e+00
 1.49027177e+00
 1.30622820e+00
 1.30665249e+00
 1.30792294e+00
 1.31003649e+00
 1.31299584e+00
 1.31680926e+00
 1.32148235e+00
 1.32700426e+00
 1.33333537e+00
 1.34040448e+00
 1.34811598e+00
 1.35636061e+00
 1.36502450e+00
 1.37399473e+00
 1.38316185e+00
 1.39242058e+00
 1.40167018e+00
 1.41081505e+00
 1.41976571e+00
 1.42843980e+00
 1.43676274e+00
 1.44466816e+00
 1.45209801e+00
 1.45900199e+00
 1.46533619e+00
 1.47106021e+00
 1.47613378e+00
 1.48051472e+00
 1.48416064e+00
 1.48703351e+00
 1.48910390e+00
 1.49035253e+00
 1.49076965e+00
 1.30450890e+00
 1.30496025e+00
 1.30631255e+00
 1.30856107e+00
 1.31169920e+00
 1.31571837e+00
 1.32060387e+00
 1.32632710e+00
 1.33283822e+00
 1.34006357e+00
 1.34790940e+00
 1.35626939e+00
 1.36503219e+00
 1.37408676e+00
 1.38332519e+00
 1.39264386e+00
 1.40194386e+00
 1.41113159e+00
 1.42011948e+00
 1.42882681e+00
 1.43718027e+00
 1.44511425e+00
 1.45257067e+00
 1.45949803e+00
 1.46584980e+00
 1.47158228e+00
 1.47665280e+00
 1.48101988e+00
 1.48464525e+00
 1.48749671e+00
 1.48954990e+00
 1.49078828e+00
 1.49120214e+00
 1.30244205e+00
 1.30291874e+00
 1.30434851e+00
 1.30672883e+00
 1.31005102e+00
 1.31429564e+00
 1.31942876e+00
 1.32539987e+00
 1.33214116e+00
 1.33956872e+00
 1.34758590e+00
 1.35608810e+00
 1.36496771e+00
 1.37411771e+00
 1.38343388e+00
 1.39281577e+00
 1.40216732e+00
 1.41139740e+00
 1.42042054e+00
 1.42915762e+00
 1.43753647e+00
 1.44549199e+00
 1.45296586e+00
 1.45990553e+00
 1.46626289e+00
 1.47199288e+00
 1.47705293e+00
 1.48140359e+00
 1.48501005e+00
 1.48784363e+00
 1.48988245e+00
 1.49111147e+00
 1.49152207e+00
 1.29990239e+00
 1.30041387e+00
 1.30194796e+00
 1.30450019e+00
 1.30805419e+00
 1.31257473e+00
 1.31800554e+00
 1.32427194e+00
 1.33128586e+00
 1.33895087e+00
 1.34716603e+00
 1.35582858e+00
 1.36483590e+00
 1.37408680e+00
 1.38348244e+00
 1.39292690e+00
 1.40232771e+00
 1.41159658e+00
 1.42065019e+00
 1.42941098e+00
 1.43780774e+00
 1.44577578e+00
 1.45325666e+00
 1.46019738e+00
 1.46654940e+00
 1.47226789e+00
 1.47731155e+00
 1.48164322e+00
 1.48523075e+00
 1.48804777e+00
 1.49007406e+00
 1.49129543e+00
 1.49170348e+00
 1.29684403e+00
 1.29741188e+00
 1.29910892e+00
 1.30191331e+00
 1.30578331e+00
 1.31065438e+00
 1.31644116e+00
 1.32304400e+00
 1.33035722e+00
 1.33827539e+00
 1.34669633e+00
 1.35552144e+00
 1.36465486e+00
 1.37400265e+00
 1.38347237e+00
 1.39297325e+00
 1.40241674e+00
 1.41171739e+00
 1.42079388e+00
 1.42956996e+00
 1.43797522e+00
 1.44594536e+00
 1.45342209e+00
 1.46035260e+00
 1.46668889e+00
 1.47238730e+00
 1.47740841e+00
 1.48171728e+00
 1.48528391e+00
 1.48808357e+00
 1.49009700e+00
 1.49131051e+00
 1.49171591e+00
 1.29359582e+00
 1.29423709e+00
 1.29614297e+00
 1.29926087e+00
 1.30350730e+00
 1.30877471e+00
 1.31494188e+00
 1.32188514e+00
 1.32948696e+00
 1.33763973e+00
 1.34624535e+00
 1.35521243e+00
 1.36445326e+00
 1.37388149e+00
 1.38341097e+00
 1.39295572e+00
 1.40243063e+00
 1.41175259e+00
 1.42084176e+00
 1.42962279e+00
 1.43802577e+00
 1.44598671e+00
 1.45344772e+00
 1.46035663e+00
 1.46666663e+00
 1.47233582e+00
 1.47732689e+00
 1.48160712e+00
 1.48514843e+00
 1.48792751e+00
 1.48992597e+00
 1.49113047e+00
 1.49153289e+00
 1.29087360e+00
 1.29158822e+00
 1.29370049e+00
 1.29712045e+00
 1.30171499e+00
 1.30733004e+00
 1.31381204e+00
 1.32102158e+00
 1.32883802e+00
 1.33715799e+00
 1.34589067e+00
 1.35495264e+00
 1.36426339e+00
 1.37374252e+00
 1.38330841e+00
 1.39287829e+00
 1.40236913e+00
 1.41169902e+00
 1.42078874e+00
 1.42956316e+00
 1.43795238e+00
 1.44589255e+00
 1.45332613e+00
 1.46020190e+00
 1.46647457e+00
 1.47210428e+00
 1.47705613e+00
 1.48129971e+00
 1.48480888e+00
 1.48756173e+00
 1.48954080e+00
 1.49073338e+00
 1.49113176e+00
 1.28969647e+00
 1.29045404e+00
 1.29268089e+00
 1.29625419e+00
 1.30100814e+00
 1.30676735e+00
 1.31336880e+00
 1.32067151e+00
 1.32855756e+00
 1.33692795e+00
 1.34569640e+00
 1.35478332e+00
 1.36411111e+00
 1.37360133e+00
 1.38317351e+00
 1.39274536e+00
 1.40223383e+00
 1.41155665e+00
 1.42063397e+00
 1.42938998e+00
 1.43775419e+00
 1.44566242e+00
 1.45305735e+00
 1.45988859e+00
 1.46611247e+00
 1.47169144e+00
 1.47659325e+00
 1.48079026e+00
 1.48425874e+00
 1.48697867e+00
 1.48893376e+00
 1.49011186e+00
 1.49050541e+00
 1.29096520e+00
 1.29167609e+00
 1.29377713e+00
 1.29717828e+00
 1.30174633e+00
 1.30732766e+00
 1.31377015e+00
 1.32093697e+00
 1.32871069e+00
 1.33699076e+00
 1.34568827e+00
 1.35472037e+00
 1.36400611e+00
 1.37346374e+00
 1.38300978e+00
 1.39255923e+00
 1.40202661e+00
 1.41132747e+00
 1.42038006e+00
 1.42910688e+00
 1.43743610e+00
 1.44530267e+00
 1.45264900e+00
 1.45942530e+00
 1.46558933e+00
 1.47110582e+00
 1.47594548e+00
 1.48008387e+00
 1.48350039e+00
 1.48617764e+00
 1.48810122e+00
 1.48926007e+00
 1.48964717e+00
 1.29388092e+00
 1.29451259e+00
 1.29638921e+00
 1.29945753e+00
 1.30363478e+00
 1.30881674e+00
 1.31488811e+00
 1.32173262e+00
 1.32923983e+00
 1.33730737e+00
 1.34583982e+00
 1.35474609e+00
 1.36393681e+00
 1.37332261e+00
 1.38281340e+00
 1.39231869e+00
 1.40174849e+00
 1.41101465e+00
 1.42003232e+00
 1.42872147e+00
 1.43700820e+00
 1.44482592e+00
 1.45211624e+00
 1.45882942e+00
 1.46492429e+00
 1.47036763e+00
 1.47513309e+00
 1.47919982e+00
 1.48255109e+00
 1.48517321e+00
 1.48705500e+00
 1.48818780e+00
 1.48856605e+00
 1.29745914e+00
 1.29800507e+00
 1.29963712e+00
 1.30233645e+00
 1.30606773e+00
 1.31077699e+00
 1.31639222e+00
 1.32282708e+00
 1.32998626e+00
 1.33777042e+00
 1.34607939e+00
 1.35481334e+00
 1.36387300e+00
 1.37315941e+00
 1.38257408e+00
 1.39201944e+00
 1.40139976e+00
 1.41062223e+00
 1.41959824e+00
 1.42824459e+00
 1.43648477e+00
 1.44425011e+00
 1.45148078e+00
 1.45812649e+00
 1.46414657e+00
 1.46950948e+00
 1.47419166e+00
 1.47817602e+00
 1.48145028e+00
 1.48400558e+00
 1.48583546e+00
 1.48693531e+00
 1.48730225e+00
 1.30085983e+00
 1.30133237e+00
 1.30275305e+00
 1.30512803e+00
 1.30845875e+00
 1.31273225e+00
 1.31791423e+00
 1.32394741e+00
 1.33075448e+00
 1.33824368e+00
 1.34631422e+00
 1.35486053e+00
 1.36377506e+00
 1.37295002e+00
 1.38227862e+00
 1.39165615e+00
 1.40098097e+00
 1.41015548e+00
 1.41908715e+00
 1.42768950e+00
 1.43588315e+00
 1.44359694e+00
 1.45076908e+00
 1.45734806e+00
 1.46329317e+00
 1.46857411e+00
 1.47316998e+00
 1.47706756e+00
 1.48025944e+00
 1.48274222e+00
 1.48451503e+00
 1.48557823e+00
 1.48593252e+00
 1.30352046e+00
 1.30394040e+00
 1.30520912e+00
 1.30734875e+00
 1.31038303e+00
 1.31432450e+00
 1.31916443e+00
 1.32486817e+00
 1.33137549e+00
 1.33860476e+00
 1.34645867e+00
 1.35482992e+00
 1.36360591e+00
 1.37267234e+00
 1.38191577e+00
 1.39122544e+00
 1.40049461e+00
 1.40962149e+00
 1.41851014e+00
 1.42707109e+00
 1.43522226e+00
 1.44288987e+00
 1.45000970e+00
 1.45652843e+00
 1.46240461e+00
 1.46760880e+00
 1.47212265e+00
 1.47593699e+00
 1.47904954e+00
 1.48146254e+00
 1.48318066e+00
 1.48420898e+00
 1.48455129e+00
 1.30517978e+00
 1.30557381e+00
 1.30676485e+00
 1.30877639e+00
 1.31163762e+00
 1.31537159e+00
 1.31998414e+00
 1.32545656e+00
 1.33174310e+00
 1.33877283e+00
 1.34645436e+00
 1.35468180e+00
 1.36334064e+00
 1.37231281e+00
 1.38148045e+00
 1.39072854e+00
 1.39994662e+00
 1.40902991e+00
 1.41787995e+00
 1.42640514e+00
 1.43452122e+00
 1.44215196e+00
 1.44923049e+00
 1.45570092e+00
 1.46152018e+00
 1.46665895e+00
 1.47110117e+00
 1.47484192e+00
 1.47788420e+00
 1.48023569e+00
 1.48190586e+00
 1.48290365e+00
 1.48323546e+00
 1.30594201e+00
 1.30632678e+00
 1.30748824e+00
 1.30944611e+00
 1.31222690e+00
 1.31585455e+00
 1.32034016e+00
 1.32567378e+00
 1.33181980e+00
 1.33871620e+00
 1.34627763e+00
 1.35440088e+00
 1.36297155e+00
 1.37187005e+00
 1.38097629e+00
 1.39017291e+00
 1.39934740e+00
 1.40839332e+00
 1.41721099e+00
 1.42570777e+00
 1.43379817e+00
 1.44140415e+00
 1.44845612e+00
 1.45489489e+00
 1.46067433e+00
 1.46576378e+00
 1.47014858e+00
 1.47382796e+00
 1.47681066e+00
 1.47911011e+00
 1.48074043e+00
 1.48171350e+00
 1.48203699e+00
 1.30602213e+00
 1.30640469e+00
 1.30755936e+00
 1.30950413e+00
 1.31226127e+00
 1.31585041e+00
 1.32028177e+00
 1.32554891e+00
 1.33162212e+00
 1.33844512e+00
 1.34593652e+00
 1.35399535e+00
 1.36250805e+00
 1.37135506e+00
 1.38041585e+00
 1.38957249e+00
 1.39871191e+00
 1.40772738e+00
 1.41651927e+00
 1.42499519e+00
 1.43306972e+00
 1.44066405e+00
 1.44770637e+00
 1.45413362e+00
 1.45989479e+00
 1.46495515e+00
 1.46929909e+00
 1.47292919e+00
 1.47586071e+00
 1.47811395e+00
 1.47970802e+00
 1.48065788e+00
 1.48097333e+00
 1.30557784e+00
 1.30596844e+00
 1.30714285e+00
 1.30910930e+00
 1.31188114e+00
 1.31547339e+00
 1.31989665e+00
 1.32514774e+00
 1.33119995e+00
 1.33799843e+00
 1.34546240e+00
 1.35349153e+00
 1.36197322e+00
 1.37078894e+00
 1.37981915e+00
 1.38894667e+00
 1.39805910e+00
 1.40705048e+00
 1.41582234e+00
 1.42428382e+00
 1.43235097e+00
 1.43994577e+00
 1.44699538e+00
 1.45343304e+00
 1.45920130e+00
 1.46425759e+00
 1.46858061e+00
 1.47217322e+00
 1.47505778e+00
 1.47726502e+00
 1.47882322e+00
 1.47975198e+00
 1.48006077e+00
 1.30487435e+00
 1.30527049e+00
 1.30646031e+00
 1.30844704e+00
 1.31123691e+00
 1.31484323e+00
 1.31928090e+00
 1.32454932e+00
 1.33061914e+00
 1.33743079e+00
 1.34490036e+00
 1.35292685e+00
 1.36139871e+00
 1.37019929e+00
 1.37921103e+00
 1.38831851e+00
 1.39741073e+00
 1.40638316e+00
 1.41513926e+00
 1.42359068e+00
 1.43165636e+00
 1.43926080e+00
 1.44633206e+00
 1.45280114e+00
 1.45860402e+00
 1.46368713e+00
 1.46801638e+00
 1.47158713e+00
 1.47442626e+00
 1.47657845e+00
 1.47808511e+00
 1.47897578e+00
 1.47927013e+00
 1.30406808e+00
 1.30447221e+00
 1.30567546e+00
 1.30766402e+00
 1.31044655e+00
 1.31405645e+00
 1.31852085e+00
 1.32383331e+00
 1.32995077e+00
 1.33680288e+00
 1.34430083e+00
 1.35234305e+00
 1.36081957e+00
 1.36961629e+00
 1.37861836e+00
 1.38771268e+00
 1.39678993e+00
 1.40574720e+00
 1.41449024e+00
 1.42293385e+00
 1.43100085e+00
 1.43861991e+00
 1.44572217e+00
 1.45223898e+00
 1.45810209e+00
 1.46324708e+00
 1.46762126e+00
 1.47119864e+00
 1.47399806e+00
 1.47608525e+00
 1.47753915e+00
 1.47840667e+00
 1.47869654e+00
 1.30346440e+00
 1.30384030e+00
 1.30496307e+00
 1.30685096e+00
 1.30956809e+00
 1.31317764e+00
 1.31769308e+00
 1.32307758e+00
 1.32926498e+00
 1.33617396e+00
 1.34371274e+00
 1.35178064e+00
 1.36026990e+00
 1.36906945e+00
 1.37806749e+00
 1.38715347e+00
 1.39621967e+00
 1.40516445e+00
 1.41389605e+00
 1.42233246e+00
 1.43040084e+00
 1.43803520e+00
 1.44517166e+00
 1.45174447e+00
 1.45768517e+00
 1.46292355e+00
 1.46739059e+00
 1.47102839e+00
 1.47381468e+00
 1.47579740e+00
 1.47709764e+00
 1.47784158e+00
 1.47808727e+00
 1.30297257e+00
 1.30325871e+00
 1.30418835e+00
 1.30592313e+00
 1.30860248e+00
 1.31226771e+00
 1.31687769e+00
 1.32235771e+00
 1.32862554e+00
 1.33559613e+00
 1.34317867e+00
 1.35127508e+00
 1.35977990e+00
 1.36858527e+00
 1.37758238e+00
 1.38666321e+00
 1.39572135e+00
 1.40465569e+00
 1.41337700e+00
 1.42180612e+00
 1.42987433e+00
 1.43752148e+00
 1.44468968e+00
 1.45131769e+00
 1.45734024e+00
 1.46268831e+00
 1.46728807e+00
 1.47106097e+00
 1.47393445e+00
 1.47588196e+00
 1.47699255e+00
 1.47748984e+00
 1.47762003e+00
 1.30189852e+00
 1.30215480e+00
 1.30304740e+00
 1.30482228e+00
 1.30761919e+00
 1.31142429e+00
 1.31615975e+00
 1.32174007e+00
 1.32808393e+00
 1.33511042e+00
 1.34273225e+00
 1.35085483e+00
 1.35937427e+00
 1.36818587e+00
 1.37718339e+00
 1.38626114e+00
 1.39531362e+00
 1.40423936e+00
 1.41295171e+00
 1.42137366e+00
 1.42943989e+00
 1.43709583e+00
 1.44428966e+00
 1.45096476e+00
 1.45706035e+00
 1.46251302e+00
 1.46725512e+00
 1.47121105e+00
 1.47429511e+00
 1.47642977e+00
 1.47762397e+00
 1.47809337e+00
 1.47819135e+00
 1.30040221e+00
 1.30070696e+00
 1.30176432e+00
 1.30377621e+00
 1.30678976e+00
 1.31075760e+00
 1.31560943e+00
 1.32127283e+00
 1.32767620e+00
 1.33474584e+00
 1.34239774e+00
 1.35054090e+00
 1.35907170e+00
 1.36788847e+00
 1.37688670e+00
 1.38596268e+00
 1.39501152e+00
 1.40393062e+00
 1.41263595e+00
 1.42105167e+00
 1.42911497e+00
 1.43677582e+00
 1.44398768e+00
 1.45069757e+00
 1.45684861e+00
 1.46238340e+00
 1.46724391e+00
 1.47136936e+00
 1.47469305e+00
 1.47714643e+00
 1.47868814e+00
 1.47940091e+00
 1.47957215e+00
 1.29910447e+00
 1.29951167e+00
 1.30081584e+00
 1.30306919e+00
 1.30625680e+00
 1.31033959e+00
 1.31526802e+00
 1.32098400e+00
 1.32742422e+00
 1.33452065e+00
 1.34219109e+00
 1.35034730e+00
 1.35888514e+00
 1.36770523e+00
 1.37670399e+00
 1.38577904e+00
 1.39482593e+00
 1.40374075e+00
 1.41244158e+00
 1.42085304e+00
 1.42891379e+00
 1.43657679e+00
 1.44379912e+00
 1.45052995e+00
 1.45671490e+00
 1.46230059e+00
 1.46723600e+00
 1.47147279e+00
 1.47496446e+00
 1.47766997e+00
 1.47955629e+00
 1.48061720e+00
 1.48093225e+00
 1.29859400e+00
 1.29906739e+00
 1.30048297e+00
 1.30282686e+00
 1.30607600e+00
 1.31019833e+00
 1.31515282e+00
 1.32088653e+00
 1.32733911e+00
 1.33444458e+00
 1.34212124e+00
 1.35028193e+00
 1.35882212e+00
 1.36764335e+00
 1.37664230e+00
 1.38571707e+00
 1.39476335e+00
 1.40367668e+00
 1.41237597e+00
 1.42078590e+00
 1.42884566e+00
 1.43650921e+00
 1.44373494e+00
 1.45047273e+00
 1.45666900e+00
 1.46227178e+00
 1.46723242e+00
 1.47150704e+00
 1.47505635e+00
 1.47785067e+00
 1.47986547e+00
 1.48108213e+00
 1.48148900e+00
