 1.33323700e+00
 1.32055264e+00
 1.28724791e+00
 1.23278271e+00
 1.15323365e+00
 1.09281066e+00
 1.01434671e+00
 9.43306048e-01
 8.81043646e-01
 8.51211160e-01
 8.44484000e-01
 1.32830403e+00
 1.31763011e+00
 1.28522568e+00
 1.23041433e+00
 1.15510847e+00
 1.09081025e+00
 1.01449761e+00
 9.43827002e-01
 8.84795383e-01
 8.51916620e-01
 8.40972259e-01
 1.32443258e+00
 1.31340514e+00
 1.27972446e+00
 1.22525195e+00
 1.15650108e+00
 1.08753870e+00
 1.01474277e+00
 9.47051487e-01
 8.93428069e-01
 8.59223379e-01
 8.46490996e-01
 1.32080665e+00
 1.30629300e+00
 1.26937963e+00
 1.21706801e+00
 1.15347827e+00
 1.08510340e+00
 1.01607233e+00
 9.53356736e-01
 9.05231970e-01
 8.77729228e-01
 8.69947304e-01
 1.28144371e+00
 1.27382911e+00
 1.24798886e+00
 1.20373739e+00
 1.14653632e+00
 1.08295620e+00
 1.01914242e+00
 9.61535755e-01
 9.15856423e-01
 8.85333050e-01
 8.73901153e-01
 1.26144659e+00
 1.25246007e+00
 1.22722732e+00
 1.18793708e+00
 1.13753015e+00
 1.08087108e+00
 1.02372650e+00
 9.72088881e-01
 9.31571198e-01
 9.06952173e-01
 8.99302205e-01
 1.23393223e+00
 1.22669850e+00
 1.20523178e+00
 1.17140528e+00
 1.12815508e+00
 1.07921428e+00
 1.02945339e+00
 9.84212971e-01
 9.47627867e-01
 9.22352906e-01
 9.12641754e-01
 1.20733883e+00
 1.20106640e+00
 1.18348600e+00
 1.15569386e+00
 1.11977016e+00
 1.07842033e+00
 1.03554669e+00
 9.97070154e-01
 9.67234103e-01
 9.49724714e-01
 9.44744928e-01
 1.18151919e+00
 1.17864895e+00
 1.16631971e+00
 1.14283796e+00
 1.11353684e+00
 1.07880150e+00
 1.04048970e+00
 1.00773590e+00
 9.82259109e-01
 9.64699529e-01
 9.57802588e-01
 1.17340546e+00
 1.17043496e+00
 1.15732932e+00
 1.13375101e+00
 1.10996518e+00
 1.08022116e+00
 1.04296922e+00
 1.01473065e+00
 9.92749308e-01
 9.77574826e-01
 9.71629494e-01
 1.17364400e+00
 1.16967884e+00
 1.15474876e+00
 1.13012854e+00
 1.10887450e+00
 1.08113854e+00
 1.04345331e+00
 1.01724167e+00
 9.96722780e-01
 9.83756180e-01
 9.79715000e-01
