 1.60741300e+00
 1.60709120e+00
 1.60612761e+00
 1.60452770e+00
 1.60230007e+00
 1.59945622e+00
 1.59601004e+00
 1.59198093e+00
 1.58738864e+00
 1.58225379e+00
 1.57660464e+00
 1.57047767e+00
 1.56392573e+00
 1.55700535e+00
 1.54979153e+00
 1.54236205e+00
 1.53480199e+00
 1.52717626e+00
 1.51954015e+00
 1.51195383e+00
 1.50448407e+00
 1.49720210e+00
 1.49018088e+00
 1.48350451e+00
 1.47725460e+00
 1.47151287e+00
 1.46635665e+00
 1.46185770e+00
 1.45808158e+00
 1.45508393e+00
 1.45290963e+00
 1.45159160e+00
 1.45115000e+00
 1.60749213e+00
 1.60717684e+00
 1.60622535e+00
 1.60463713e+00
 1.60241955e+00
 1.59958420e+00
 1.59614541e+00
 1.59212249e+00
 1.58753543e+00
 1.58240531e+00
 1.57676044e+00
 1.57063756e+00
 1.56408890e+00
 1.55717137e+00
 1.54995915e+00
 1.54252993e+00
 1.53496773e+00
 1.52733793e+00
 1.51969659e+00
 1.51210428e+00
 1.50462795e+00
 1.49733898e+00
 1.49031084e+00
 1.48362720e+00
 1.47736978e+00
 1.47161998e+00
 1.46645472e+00
 1.46194497e+00
 1.45815463e+00
 1.45513702e+00
 1.45293517e+00
 1.45158446e+00
 1.45112377e+00
 1.60774299e+00
 1.60743919e+00
 1.60651666e+00
 1.60496103e+00
 1.60277280e+00
 1.59996267e+00
 1.59654585e+00
 1.59254158e+00
 1.58797038e+00
 1.58285448e+00
 1.57722247e+00
 1.57111164e+00
 1.56457281e+00
 1.55766354e+00
 1.55045603e+00
 1.54302739e+00
 1.53545900e+00
 1.52781739e+00
 1.52016075e+00
 1.51255082e+00
 1.50505515e+00
 1.49774557e+00
 1.49069683e+00
 1.48399169e+00
 1.47771196e+00
 1.47193819e+00
 1.46674614e+00
 1.46220451e+00
 1.45837263e+00
 1.45529817e+00
 1.45302218e+00
 1.45159806e+00
 1.45110719e+00
 1.60819845e+00
 1.60790359e+00
 1.60700862e+00
 1.60549330e+00
 1.60334762e+00
 1.60057700e+00
 1.59719563e+00
 1.59322219e+00
 1.58867764e+00
 1.58358548e+00
 1.57797487e+00
 1.57188357e+00
 1.56536088e+00
 1.55846463e+00
 1.55126457e+00
 1.54383642e+00
 1.53625839e+00
 1.52859834e+00
 1.52091745e+00
 1.51327933e+00
 1.50575256e+00
 1.49840987e+00
 1.49132755e+00
 1.48458751e+00
 1.47827144e+00
 1.47245888e+00
 1.46722403e+00
 1.46263280e+00
 1.45874029e+00
 1.45559220e+00
 1.45323956e+00
 1.45176257e+00
 1.45125578e+00
 1.60888930e+00
 1.60859848e+00
 1.60771890e+00
 1.60623443e+00
 1.60413146e+00
 1.60140767e+00
 1.59807186e+00
 1.59414000e+00
 1.58963242e+00
 1.58457323e+00
 1.57899220e+00
 1.57292728e+00
 1.56642651e+00
 1.55954723e+00
 1.55235678e+00
 1.54492873e+00
 1.53733839e+00
 1.52965481e+00
 1.52194241e+00
 1.51426716e+00
 1.50669920e+00
 1.49931257e+00
 1.49218506e+00
 1.48539819e+00
 1.47903352e+00
 1.47316995e+00
 1.46788085e+00
 1.46323181e+00
 1.45928052e+00
 1.45608293e+00
 1.45370608e+00
 1.45223110e+00
 1.45172977e+00
 1.60981142e+00
 1.60952047e+00
 1.60864550e+00
 1.60717923e+00
 1.60511094e+00
 1.60243330e+00
 1.59914783e+00
 1.59526521e+00
 1.59080317e+00
 1.58578519e+00
 1.58024108e+00
 1.57420857e+00
 1.56773464e+00
 1.56087550e+00
 1.55369618e+00
 1.54626779e+00
 1.53866334e+00
 1.53095282e+00
 1.52320365e+00
 1.51548448e+00
 1.50786738e+00
 1.50042813e+00
 1.49324593e+00
 1.48640264e+00
 1.47998011e+00
 1.47405771e+00
 1.46871038e+00
 1.46400823e+00
 1.46001928e+00
 1.45681459e+00
 1.45446737e+00
 1.45303802e+00
 1.45255887e+00
 1.61089906e+00
 1.61061144e+00
 1.60974686e+00
 1.60830022e+00
 1.60626358e+00
 1.60362925e+00
 1.60039454e+00
 1.59656487e+00
 1.59215409e+00
 1.58718362e+00
 1.58168231e+00
 1.57568713e+00
 1.56924388e+00
 1.56240727e+00
 1.55524012e+00
 1.54781118e+00
 1.54019173e+00
 1.53245248e+00
 1.52466342e+00
 1.51689590e+00
 1.50922424e+00
 1.50172621e+00
 1.49448264e+00
 1.48757646e+00
 1.48109077e+00
 1.47510701e+00
 1.46970411e+00
 1.46495906e+00
 1.46094836e+00
 1.45774652e+00
 1.45541774e+00
 1.45400589e+00
 1.45353317e+00
 1.61211827e+00
 1.61183571e+00
 1.61098582e+00
 1.60956273e+00
 1.60755861e+00
 1.60496594e+00
 1.60178047e+00
 1.59800418e+00
 1.59364713e+00
 1.58872783e+00
 1.58327322e+00
 1.57731880e+00
 1.57090890e+00
 1.56409648e+00
 1.55694228e+00
 1.54951294e+00
 1.54187850e+00
 1.53411024e+00
 1.52628023e+00
 1.51846237e+00
 1.51073341e+00
 1.50317330e+00
 1.49586486e+00
 1.48889287e+00
 1.48234265e+00
 1.47629894e+00
 1.47084520e+00
 1.46606321e+00
 1.46203124e+00
 1.45881947e+00
 1.45648447e+00
 1.45506687e+00
 1.45459150e+00
 1.61345369e+00
 1.61317532e+00
 1.61233824e+00
 1.61093697e+00
 1.60896371e+00
 1.60641046e+00
 1.60327168e+00
 1.59954698e+00
 1.59524330e+00
 1.59037611e+00
 1.58496981e+00
 1.57905788e+00
 1.57268277e+00
 1.56589552e+00
 1.55875489e+00
 1.55132576e+00
 1.54367723e+00
 1.53588102e+00
 1.52801090e+00
 1.52014309e+00
 1.51235675e+00
 1.50473418e+00
 1.49736055e+00
 1.49032305e+00
 1.48370989e+00
 1.47760923e+00
 1.47210801e+00
 1.46729016e+00
 1.46323352e+00
 1.46000583e+00
 1.45766147e+00
 1.45623948e+00
 1.45576296e+00
 1.61486944e+00
 1.61459517e+00
 1.61377038e+00
 1.61238959e+00
 1.61044496e+00
 1.60792815e+00
 1.60483263e+00
 1.60115626e+00
 1.59690349e+00
 1.59208700e+00
 1.58672850e+00
 1.58085906e+00
 1.57451897e+00
 1.56775726e+00
 1.56063079e+00
 1.55320293e+00
 1.54554202e+00
 1.53772015e+00
 1.52981247e+00
 1.52189723e+00
 1.51405588e+00
 1.50637319e+00
 1.49893681e+00
 1.49183663e+00
 1.48516376e+00
 1.47900925e+00
 1.47346228e+00
 1.46860769e+00
 1.46452274e+00
 1.46127390e+00
 1.45891446e+00
 1.45748312e+00
 1.45700337e+00
 1.61633237e+00
 1.61606183e+00
 1.61524823e+00
 1.61388607e+00
 1.61196738e+00
 1.60948351e+00
 1.60642719e+00
 1.60279493e+00
 1.59858922e+00
 1.59382030e+00
 1.58850734e+00
 1.58267893e+00
 1.57637307e+00
 1.56963673e+00
 1.56252498e+00
 1.55509984e+00
 1.54742903e+00
 1.53958488e+00
 1.53164366e+00
 1.52368535e+00
 1.51579354e+00
 1.50805532e+00
 1.50056082e+00
 1.49340253e+00
 1.48667410e+00
 1.48046881e+00
 1.47487735e+00
 1.46998514e+00
 1.46586936e+00
 1.46259632e+00
 1.46021933e+00
 1.45877734e+00
 1.45829404e+00
 1.61780923e+00
 1.61754190e+00
 1.61673798e+00
 1.61539203e+00
 1.61349608e+00
 1.61104121e+00
 1.60801958e+00
 1.60442664e+00
 1.60026330e+00
 1.59553777e+00
 1.59026691e+00
 1.58447699e+00
 1.57820378e+00
 1.57149225e+00
 1.56439578e+00
 1.55697520e+00
 1.54929762e+00
 1.54143551e+00
 1.53346602e+00
 1.52547057e+00
 1.51753459e+00
 1.50974726e+00
 1.50220096e+00
 1.49499040e+00
 1.48821135e+00
 1.48195881e+00
 1.47632469e+00
 1.47139512e+00
 1.46724776e+00
 1.46394932e+00
 1.46155364e+00
 1.46010017e+00
 1.45961298e+00
 1.61926499e+00
 1.61900046e+00
 1.61820493e+00
 1.61687298e+00
 1.61499662e+00
 1.61256680e+00
 1.60957526e+00
 1.60601666e+00
 1.60189064e+00
 1.59720376e+00
 1.59197093e+00
 1.58621632e+00
 1.57997369e+00
 1.57328617e+00
 1.56620562e+00
 1.55879174e+00
 1.55111108e+00
 1.54323616e+00
 1.53524474e+00
 1.52721935e+00
 1.51924692e+00
 1.51141835e+00
 1.50382788e+00
 1.49657206e+00
 1.48974832e+00
 1.48345307e+00
 1.47777933e+00
 1.47281413e+00
 1.46863596e+00
 1.46531239e+00
 1.46289805e+00
 1.46143307e+00
 1.46094199e+00
 1.62066751e+00
 1.62040524e+00
 1.61961657e+00
 1.61829620e+00
 1.61643626e+00
 1.61402764e+00
 1.61106177e+00
 1.60753266e+00
 1.60343897e+00
 1.59878590e+00
 1.59358677e+00
 1.58786402e+00
 1.58164968e+00
 1.57498529e+00
 1.56792138e+00
 1.56051667e+00
 1.55283716e+00
 1.54495525e+00
 1.53694910e+00
 1.52890201e+00
 1.52090201e+00
 1.51304131e+00
 1.50541554e+00
 1.49812265e+00
 1.49126140e+00
 1.48492934e+00
 1.47922053e+00
 1.47422304e+00
 1.47001640e+00
 1.46666925e+00
 1.46423722e+00
 1.46276128e+00
 1.46226650e+00
 1.62198407e+00
 1.62172375e+00
 1.62094098e+00
 1.61963052e+00
 1.61778454e+00
 1.61539388e+00
 1.61244975e+00
 1.60894567e+00
 1.60487956e+00
 1.60025562e+00
 1.59508592e+00
 1.58939155e+00
 1.58320318e+00
 1.57656109e+00
 1.56951471e+00
 1.56212192e+00
 1.55444819e+00
 1.54656572e+00
 1.53855279e+00
 1.53049312e+00
 1.52247541e+00
 1.51459273e+00
 1.50694167e+00
 1.49962120e+00
 1.49273103e+00
 1.48636967e+00
 1.48063210e+00
 1.47560740e+00
 1.47137617e+00
 1.46800819e+00
 1.46556025e+00
 1.46407429e+00
 1.46357607e+00
 1.62318758e+00
 1.62292899e+00
 1.62215139e+00
 1.62084952e+00
 1.61901547e+00
 1.61664000e+00
 1.61371412e+00
 1.61023103e+00
 1.60618809e+00
 1.60158881e+00
 1.59644441e+00
 1.59077503e+00
 1.58461037e+00
 1.57798981e+00
 1.57096198e+00
 1.56358412e+00
 1.55592119e+00
 1.54804508e+00
 1.54003394e+00
 1.53197154e+00
 1.52394683e+00
 1.51605327e+00
 1.50838802e+00
 1.50105068e+00
 1.49414165e+00
 1.48776019e+00
 1.48200206e+00
 1.47695721e+00
 1.47270724e+00
 1.46932306e+00
 1.46686258e+00
 1.46536870e+00
 1.46486778e+00
 1.62425846e+00
 1.62400131e+00
 1.62322800e+00
 1.62193325e+00
 1.62010908e+00
 1.61774612e+00
 1.61483520e+00
 1.61136924e+00
 1.60734529e+00
 1.60276639e+00
 1.59764326e+00
 1.59199550e+00
 1.58585232e+00
 1.57925256e+00
 1.57224441e+00
 1.56488465e+00
 1.55723781e+00
 1.54937538e+00
 1.54137510e+00
 1.53332045e+00
 1.52530015e+00
 1.51740762e+00
 1.50974014e+00
 1.50239766e+00
 1.49548107e+00
 1.48909022e+00
 1.48332152e+00
 1.47826556e+00
 1.47400465e+00
 1.47061048e+00
 1.46814183e+00
 1.46664252e+00
 1.46613969e+00
 1.62518273e+00
 1.62492675e+00
 1.62415693e+00
 1.62286789e+00
 1.62105155e+00
 1.61869842e+00
 1.61579918e+00
 1.61234658e+00
 1.60833746e+00
 1.60377466e+00
 1.59866873e+00
 1.59303918e+00
 1.58691511e+00
 1.58033535e+00
 1.57334797e+00
 1.56600955e+00
 1.55838427e+00
 1.55054312e+00
 1.54256319e+00
 1.53452725e+00
 1.52652332e+00
 1.51864427e+00
 1.51098710e+00
 1.50365178e+00
 1.49673956e+00
 1.49035083e+00
 1.48458266e+00
 1.47952624e+00
 1.47526440e+00
 1.47186919e+00
 1.46939967e+00
 1.46789980e+00
 1.46739678e+00
 1.62595356e+00
 1.62569841e+00
 1.62493105e+00
 1.62364607e+00
 1.62183535e+00
 1.61948928e+00
 1.61659842e+00
 1.61315536e+00
 1.60915683e+00
 1.60460569e+00
 1.59951266e+00
 1.59389757e+00
 1.58778998e+00
 1.58122915e+00
 1.57426346e+00
 1.56694954e+00
 1.55935133e+00
 1.55153921e+00
 1.54358938e+00
 1.53558345e+00
 1.52760823e+00
 1.51975545e+00
 1.51212132e+00
 1.50480544e+00
 1.49790925e+00
 1.49153370e+00
 1.48577659e+00
 1.48072979e+00
 1.47647645e+00
 1.47308863e+00
 1.47062503e+00
 1.46912906e+00
 1.46862740e+00
 1.62656879e+00
 1.62631413e+00
 1.62554828e+00
 1.62426587e+00
 1.62245875e+00
 1.62011717e+00
 1.61723146e+00
 1.61379407e+00
 1.60980169e+00
 1.60525741e+00
 1.60017249e+00
 1.59456763e+00
 1.58847339e+00
 1.58193000e+00
 1.57498656e+00
 1.56770006e+00
 1.56013428e+00
 1.55235893e+00
 1.54444903e+00
 1.53648463e+00
 1.52855069e+00
 1.52073714e+00
 1.51313866e+00
 1.50585397e+00
 1.49898437e+00
 1.49263135e+00
 1.48689360e+00
 1.48186378e+00
 1.47762542e+00
 1.47425037e+00
 1.47179668e+00
 1.47030704e+00
 1.46980757e+00
 1.62703006e+00
 1.62677588e+00
 1.62601138e+00
 1.62473096e+00
 1.62292615e+00
 1.62058692e+00
 1.61770331e+00
 1.61426759e+00
 1.61027652e+00
 1.60573368e+00
 1.60065138e+00
 1.59505175e+00
 1.58896705e+00
 1.58243902e+00
 1.57551793e+00
 1.56826136e+00
 1.56073303e+00
 1.55300193e+00
 1.54514167e+00
 1.53723030e+00
 1.52935035e+00
 1.52158909e+00
 1.51403878e+00
 1.50679639e+00
 1.49996248e+00
 1.49363895e+00
 1.48792564e+00
 1.48291648e+00
 1.47869581e+00
 1.47533559e+00
 1.47289340e+00
 1.47141113e+00
 1.47091421e+00
 1.62735122e+00
 1.62709725e+00
 1.62633333e+00
 1.62505366e+00
 1.62324945e+00
 1.62091022e+00
 1.61802547e+00
 1.61458706e+00
 1.61059179e+00
 1.60604409e+00
 1.60095792e+00
 1.59535767e+00
 1.58927793e+00
 1.58276258e+00
 1.57586338e+00
 1.56863869e+00
 1.56115228e+00
 1.55347234e+00
 1.54567095e+00
 1.53782382e+00
 1.53001047e+00
 1.52231471e+00
 1.51482524e+00
 1.50763601e+00
 1.50084583e+00
 1.49455648e+00
 1.48886926e+00
 1.48388029e+00
 1.47967585e+00
 1.47632886e+00
 1.47389681e+00
 1.47242099e+00
 1.47192628e+00
 1.62754773e+00
 1.62729380e+00
 1.62652997e+00
 1.62525035e+00
 1.62344566e+00
 1.62110452e+00
 1.61821542e+00
 1.61476944e+00
 1.61076351e+00
 1.60620346e+00
 1.60110583e+00
 1.59549820e+00
 1.58941826e+00
 1.58291239e+00
 1.57603410e+00
 1.56884262e+00
 1.56140175e+00
 1.55377893e+00
 1.54604465e+00
 1.53827214e+00
 1.53053755e+00
 1.52292051e+00
 1.51550503e+00
 1.50838048e+00
 1.50164213e+00
 1.49539042e+00
 1.48972798e+00
 1.48475434e+00
 1.48055961e+00
 1.47721951e+00
 1.47479279e+00
 1.47332070e+00
 1.47282737e+00
 1.62763726e+00
 1.62738377e+00
 1.62662093e+00
 1.62534207e+00
 1.62353695e+00
 1.62119274e+00
 1.61829610e+00
 1.61483681e+00
 1.61081231e+00
 1.60623095e+00
 1.60111324e+00
 1.59549093e+00
 1.58940536e+00
 1.58290562e+00
 1.57604689e+00
 1.56888922e+00
 1.56149643e+00
 1.55393528e+00
 1.54627473e+00
 1.53858563e+00
 1.53094071e+00
 1.52341510e+00
 1.51608730e+00
 1.50904050e+00
 1.50236405e+00
 1.49615445e+00
 1.49051428e+00
 1.48554734e+00
 1.48135050e+00
 1.47800543e+00
 1.47557411e+00
 1.47409883e+00
 1.47360433e+00
 1.62764643e+00
 1.62739309e+00
 1.62663122e+00
 1.62535435e+00
 1.62355039e+00
 1.62120298e+00
 1.61829511e+00
 1.61481501e+00
 1.61076190e+00
 1.60614885e+00
 1.60100192e+00
 1.59535784e+00
 1.58926166e+00
 1.58276492e+00
 1.57592425e+00
 1.56880025e+00
 1.56145673e+00
 1.55395986e+00
 1.54637735e+00
 1.53877794e+00
 1.53123121e+00
 1.52380803e+00
 1.51658127e+00
 1.50962702e+00
 1.50302636e+00
 1.49686791e+00
 1.49125007e+00
 1.48627953e+00
 1.48206287e+00
 1.47869382e+00
 1.47624363e+00
 1.47475828e+00
 1.47426097e+00
 1.62758557e+00
 1.62733607e+00
 1.62658331e+00
 1.62531620e+00
 1.62351840e+00
 1.62116813e+00
 1.61824314e+00
 1.61473120e+00
 1.61063694e+00
 1.60598114e+00
 1.60079664e+00
 1.59512498e+00
 1.58901436e+00
 1.58251823e+00
 1.57569410e+00
 1.56860285e+00
 1.56130821e+00
 1.55387595e+00
 1.54637285e+00
 1.53886596e+00
 1.53142229e+00
 1.52410907e+00
 1.51699434e+00
 1.51014758e+00
 1.50364069e+00
 1.49755060e+00
 1.49196434e+00
 1.48698455e+00
 1.48272730e+00
 1.47930484e+00
 1.47680396e+00
 1.47528099e+00
 1.47476937e+00
 1.62752262e+00
 1.62727233e+00
 1.62652185e+00
 1.62526545e+00
 1.62347907e+00
 1.62112417e+00
 1.61817007e+00
 1.61461017e+00
 1.61046077e+00
 1.60575263e+00
 1.60052478e+00
 1.59482217e+00
 1.58869506e+00
 1.58219806e+00
 1.57538907e+00
 1.56832884e+00
 1.56108096e+00
 1.55371109e+00
 1.54628542e+00
 1.53886981e+00
 1.53152932e+00
 1.52432840e+00
 1.51733160e+00
 1.51060370e+00
 1.50420928e+00
 1.49821309e+00
 1.49268410e+00
 1.48770625e+00
 1.48339313e+00
 1.47988645e+00
 1.47731839e+00
 1.47576531e+00
 1.47524747e+00
 1.62736149e+00
 1.62712928e+00
 1.62642889e+00
 1.62523144e+00
 1.62347583e+00
 1.62110485e+00
 1.61809821e+00
 1.61447060e+00
 1.61025454e+00
 1.60548900e+00
 1.60021621e+00
 1.59448234e+00
 1.58833862e+00
 1.58184025e+00
 1.57504503e+00
 1.56801317e+00
 1.56080819e+00
 1.55349594e+00
 1.54614233e+00
 1.53881246e+00
 1.53157001e+00
 1.52447741e+00
 1.51759703e+00
 1.51099158e+00
 1.50472213e+00
 1.49884612e+00
 1.49341611e+00
 1.48848511e+00
 1.48412779e+00
 1.48047392e+00
 1.47770945e+00
 1.47600297e+00
 1.47543070e+00
 1.62720847e+00
 1.62702858e+00
 1.62643743e+00
 1.62531665e+00
 1.62355977e+00
 1.62112687e+00
 1.61803521e+00
 1.61432492e+00
 1.61003865e+00
 1.60521737e+00
 1.59990279e+00
 1.59414026e+00
 1.58798146e+00
 1.58148188e+00
 1.57469894e+00
 1.56769189e+00
 1.56052430e+00
 1.55326253e+00
 1.54597243e+00
 1.53871864e+00
 1.53156401e+00
 1.52456937e+00
 1.51779578e+00
 1.51130602e+00
 1.50516135e+00
 1.49941917e+00
 1.49412742e+00
 1.48931950e+00
 1.48502004e+00
 1.48128375e+00
 1.47826941e+00
 1.47626151e+00
 1.47555101e+00
 1.62751280e+00
 1.62734550e+00
 1.62675942e+00
 1.62558565e+00
 1.62372327e+00
 1.62117273e+00
 1.61797736e+00
 1.61418448e+00
 1.60983500e+00
 1.60496608e+00
 1.59961670e+00
 1.59383025e+00
 1.58765906e+00
 1.58115874e+00
 1.57438627e+00
 1.56739958e+00
 1.56026243e+00
 1.55304203e+00
 1.54580414e+00
 1.53861325e+00
 1.53153174e+00
 1.52461912e+00
 1.51793537e+00
 1.51154473e+00
 1.50551029e+00
 1.49989427e+00
 1.49475158e+00
 1.49012105e+00
 1.48601742e+00
 1.48244521e+00
 1.47948302e+00
 1.47741562e+00
 1.47665918e+00
 1.62818220e+00
 1.62797733e+00
 1.62726748e+00
 1.62591659e+00
 1.62388928e+00
 1.62121162e+00
 1.61792372e+00
 1.61406448e+00
 1.60966694e+00
 1.60476258e+00
 1.59938771e+00
 1.59358338e+00
 1.58740314e+00
 1.58090252e+00
 1.57413822e+00
 1.56716664e+00
 1.56005190e+00
 1.55286217e+00
 1.54566308e+00
 1.53851908e+00
 1.53149240e+00
 1.52464151e+00
 1.51802520e+00
 1.51170978e+00
 1.50575988e+00
 1.50024350e+00
 1.49522586e+00
 1.49076365e+00
 1.48689646e+00
 1.48364300e+00
 1.48103277e+00
 1.47921119e+00
 1.47852733e+00
 1.62883268e+00
 1.62855699e+00
 1.62767519e+00
 1.62615226e+00
 1.62399661e+00
 1.62123108e+00
 1.61788320e+00
 1.61398272e+00
 1.60955595e+00
 1.60463006e+00
 1.59923987e+00
 1.59342449e+00
 1.58723882e+00
 1.58073813e+00
 1.57397908e+00
 1.56701679e+00
 1.55991574e+00
 1.55274486e+00
 1.54556964e+00
 1.53845456e+00
 1.53146182e+00
 1.52464924e+00
 1.51807452e+00
 1.51180585e+00
 1.50590844e+00
 1.50045448e+00
 1.49551659e+00
 1.49116582e+00
 1.48746712e+00
 1.48447176e+00
 1.48222220e+00
 1.48077032e+00
 1.48023985e+00
 1.62909800e+00
 1.62877752e+00
 1.62781923e+00
 1.62623238e+00
 1.62403167e+00
 1.62123607e+00
 1.61786790e+00
 1.61395363e+00
 1.60951713e+00
 1.60458406e+00
 1.59918880e+00
 1.59336967e+00
 1.58718220e+00
 1.58068150e+00
 1.57392428e+00
 1.56696511e+00
 1.55986866e+00
 1.55270415e+00
 1.54553698e+00
 1.53843166e+00
 1.53145041e+00
 1.52465082e+00
 1.51809013e+00
 1.51183730e+00
 1.50595760e+00
 1.50052476e+00
 1.49561386e+00
 1.49130103e+00
 1.48766038e+00
 1.48475635e+00
 1.48264203e+00
 1.48135708e+00
 1.48092600e+00
