 5.51803000e-01
 5.68848324e-01
 6.15526207e-01
 6.78618557e-01
 7.36766282e-01
 7.48664794e-01
 6.85998302e-01
 5.27603135e-01
 2.83733542e-01
 2.16984240e-02
 -2.35214918e-01
 -4.49444563e-01
 -5.89523624e-01
 -6.67053614e-01
 -6.96163298e-01
 -7.05226378e-01
 -7.07107000e-01
 5.66727050e-01
 5.85579511e-01
 6.35770103e-01
 7.02255351e-01
 7.61664377e-01
 7.74026710e-01
 7.08715976e-01
 5.45055812e-01
 2.95033795e-01
 2.17704851e-02
 -2.44822384e-01
 -4.65792721e-01
 -6.11494616e-01
 -6.91495203e-01
 -7.22708958e-01
 -7.31847121e-01
 -7.33353055e-01
 6.10680261e-01
 6.32747603e-01
 6.90922193e-01
 7.65882425e-01
 8.29624468e-01
 8.42939809e-01
 7.70696893e-01
 5.92977132e-01
 3.24841117e-01
 2.22195881e-02
 -2.70692012e-01
 -5.10705356e-01
 -6.71105142e-01
 -7.58504766e-01
 -7.94063717e-01
 -8.03551784e-01
 -8.04611160e-01
 6.76385201e-01
 7.00408743e-01
 7.65072106e-01
 8.49044662e-01
 9.19205334e-01
 9.33499672e-01
 8.52583450e-01
 6.56624773e-01
 3.62543718e-01
 2.30887108e-02
 -3.04374955e-01
 -5.70519762e-01
 -7.49626730e-01
 -8.47237173e-01
 -8.87271253e-01
 -8.97514148e-01
 -8.98447425e-01
 7.38242510e-01
 7.62735992e-01
 8.29820909e-01
 9.18911376e-01
 9.94084307e-01
 1.00913429e+00
 9.21273003e-01
 7.10117543e-01
 3.93222295e-01
 2.37436653e-02
 -3.32707634e-01
 -6.21438791e-01
 -8.16110261e-01
 -9.22334427e-01
 -9.65898649e-01
 -9.76977034e-01
 -9.77969514e-01
 7.48288561e-01
 7.72863995e-01
 8.40741265e-01
 9.31458047e-01
 1.00810508e+00
 1.02349134e+00
 9.34389334e-01
 7.20568397e-01
 3.99319657e-01
 2.34010689e-02
 -3.39545489e-01
 -6.33298175e-01
 -8.31416647e-01
 -9.39576627e-01
 -9.83928930e-01
 -9.95186841e-01
 -9.96185118e-01
 6.69010719e-01
 6.94295501e-01
 7.61639121e-01
 8.48154525e-01
 9.19615048e-01
 9.34058713e-01
 8.52865781e-01
 6.57936908e-01
 3.64896758e-01
 2.15755657e-02
 -3.10077685e-01
 -5.78507742e-01
 -7.59585174e-01
 -8.58487058e-01
 -8.99075333e-01
 -9.09401036e-01
 -9.10326743e-01
 5.26656911e-01
 5.44101795e-01
 5.92248895e-01
 6.56438999e-01
 7.10445296e-01
 7.21118539e-01
 6.58357966e-01
 5.08183226e-01
 2.82551048e-01
 1.81699176e-02
 -2.37284939e-01
 -4.44098619e-01
 -5.83688714e-01
 -6.60022563e-01
 -6.91438943e-01
 -6.99503846e-01
 -7.00257621e-01
 2.96869974e-01
 3.06639243e-01
 3.33057292e-01
 3.67627184e-01
 3.96317656e-01
 4.01267929e-01
 3.66067640e-01
 2.83083204e-01
 1.58861354e-01
 1.34798893e-02
 -1.26975390e-01
 -2.40766676e-01
 -3.17714609e-01
 -3.59968711e-01
 -3.77534755e-01
 -3.82185150e-01
 -3.82678642e-01
 2.73963550e-02
 2.76416503e-02
 2.81659324e-02
 2.84000297e-02
 2.78347121e-02
 2.62058335e-02
 2.33203156e-02
 1.91159834e-02
 1.38524650e-02
 8.12806040e-03
 2.68067429e-03
 -1.88384788e-03
 -5.26987886e-03
 -7.50162523e-03
 -8.80386731e-03
 -9.44900537e-03
 -9.63979020e-03
 -2.29078776e-01
 -2.38461263e-01
 -2.64249979e-01
 -2.98650736e-01
 -3.28285865e-01
 -3.36488492e-01
 -3.08145318e-01
 -2.36176088e-01
 -1.26428981e-01
 2.87288874e-03
 1.27967838e-01
 2.29027830e-01
 2.96786788e-01
 3.33270591e-01
 3.47707985e-01
 3.50945616e-01
 3.51051822e-01
 -4.34815876e-01
 -4.52823438e-01
 -5.01210399e-01
 -5.64135582e-01
 -6.17202139e-01
 -6.30524893e-01
 -5.76767673e-01
 -4.43078637e-01
 -2.40226287e-01
 -1.64185924e-03
 2.29103683e-01
 4.15655501e-01
 5.41011658e-01
 6.08853512e-01
 6.36054188e-01
 6.42450283e-01
 6.42801123e-01
 -5.83804355e-01
 -6.05899273e-01
 -6.66076747e-01
 -7.45586704e-01
 -8.13145338e-01
 -8.29393013e-01
 -7.58293677e-01
 -5.82920233e-01
 -3.17294616e-01
 -5.06633033e-03
 2.96868233e-01
 5.41033835e-01
 7.05221651e-01
 7.94225090e-01
 8.30059179e-01
 8.38614090e-01
 8.39145416e-01
 -6.68491591e-01
 -6.92251081e-01
 -7.57855899e-01
 -8.45700666e-01
 -9.20770307e-01
 -9.38389064e-01
 -8.57704722e-01
 -6.59551186e-01
 -3.59707402e-01
 -7.37101303e-03
 3.33326940e-01
 6.08872900e-01
 7.94229419e-01
 8.94792822e-01
 9.35363541e-01
 9.45092594e-01
 9.45706433e-01
 -6.99180898e-01
 -7.24813329e-01
 -7.94570110e-01
 -8.86833274e-01
 -9.65246139e-01
 -9.83393924e-01
 -8.98715649e-01
 -6.91220859e-01
 -3.77413146e-01
 -8.74245326e-03
 3.47735157e-01
 6.36064119e-01
 8.30061915e-01
 9.35363981e-01
 9.77943092e-01
 9.88246889e-01
 9.88955531e-01
 -7.06439849e-01
 -7.32674452e-01
 -8.03780977e-01
 -8.97428127e-01
 -9.76816742e-01
 -9.95052078e-01
 -9.09309848e-01
 -6.99448501e-01
 -3.82154221e-01
 -9.43336720e-03
 3.50952593e-01
 6.42452845e-01
 8.38614850e-01
 9.45092696e-01
 9.88246943e-01
 9.98674173e-01
 9.99375267e-01
 -7.07107000e-01
 -7.33353055e-01
 -8.04611160e-01
 -8.98447425e-01
 -9.77969514e-01
 -9.96185118e-01
 -9.10326743e-01
 -7.00257621e-01
 -3.82678642e-01
 -9.63979020e-03
 3.51051822e-01
 6.42801123e-01
 8.39145416e-01
 9.45706433e-01
 9.88955531e-01
 9.99375267e-01
 1.00000000e+00
