 1.23219700e+00
 1.23199351e+00
 1.23139621e+00
 1.23044170e+00
 1.22918150e+00
 1.22766911e+00
 1.22594505e+00
 1.22403094e+00
 1.22190903e+00
 1.21951596e+00
 1.21673889e+00
 1.21344702e+00
 1.20952912e+00
 1.20477303e+00
 1.19899585e+00
 1.19219995e+00
 1.18457151e+00
 1.17636904e+00
 1.16767925e+00
 1.15857849e+00
 1.14917423e+00
 1.13966816e+00
 1.13032331e+00
 1.12140360e+00
 1.11313768e+00
 1.10559492e+00
 1.09934354e+00
 1.09333763e+00
 1.08840767e+00
 1.08859349e+00
 1.09295967e+00
 1.09790087e+00
 1.10000000e+00
 1.23196458e+00
 1.23178965e+00
 1.23124075e+00
 1.23032471e+00
 1.22908761e+00
 1.22758406e+00
 1.22585784e+00
 1.22393244e+00
 1.22179248e+00
 1.21937701e+00
 1.21657661e+00
 1.21326340e+00
 1.20932384e+00
 1.20455324e+00
 1.19877603e+00
 1.19199387e+00
 1.18438668e+00
 1.17620277e+00
 1.16753403e+00
 1.15845987e+00
 1.14909173e+00
 1.13963136e+00
 1.13033953e+00
 1.12148035e+00
 1.11327854e+00
 1.10583755e+00
 1.09964352e+00
 1.09387095e+00
 1.08949362e+00
 1.08986551e+00
 1.09395012e+00
 1.09829070e+00
 1.10000000e+00
 1.23135244e+00
 1.23122293e+00
 1.23078287e+00
 1.22997082e+00
 1.22880001e+00
 1.22732349e+00
 1.22559216e+00
 1.22363517e+00
 1.22144377e+00
 1.21896409e+00
 1.21609639e+00
 1.21272078e+00
 1.20871965e+00
 1.20390825e+00
 1.19813079e+00
 1.19138763e+00
 1.18384102e+00
 1.17571300e+00
 1.16710759e+00
 1.15811346e+00
 1.14885242e+00
 1.13952660e+00
 1.13039111e+00
 1.12170905e+00
 1.11370187e+00
 1.10654123e+00
 1.10056230e+00
 1.09545193e+00
 1.09229114e+00
 1.09291658e+00
 1.09604830e+00
 1.09894398e+00
 1.10000000e+00
 1.23057637e+00
 1.23047176e+00
 1.23011076e+00
 1.22940462e+00
 1.22831688e+00
 1.22687831e+00
 1.22513964e+00
 1.22313569e+00
 1.22086641e+00
 1.21828876e+00
 1.21531721e+00
 1.21184338e+00
 1.20774977e+00
 1.20287833e+00
 1.19710039e+00
 1.19041558e+00
 1.18296112e+00
 1.17492588e+00
 1.16642643e+00
 1.15756557e+00
 1.14847887e+00
 1.13936892e+00
 1.13048424e+00
 1.12208393e+00
 1.11439661e+00
 1.10764445e+00
 1.10208565e+00
 1.09784959e+00
 1.09573405e+00
 1.09619654e+00
 1.09797387e+00
 1.09946956e+00
 1.10000000e+00
 1.22986979e+00
 1.22975868e+00
 1.22939581e+00
 1.22871599e+00
 1.22766911e+00
 1.22625256e+00
 1.22449718e+00
 1.22243384e+00
 1.22006837e+00
 1.21736953e+00
 1.21426807e+00
 1.21066954e+00
 1.20646426e+00
 1.20152251e+00
 1.19574439e+00
 1.18913020e+00
 1.18179043e+00
 1.17388231e+00
 1.16553074e+00
 1.15685419e+00
 1.14800212e+00
 1.13917739e+00
 1.13062185e+00
 1.12258859e+00
 1.11531686e+00
 1.10904864e+00
 1.10403203e+00
 1.10052439e+00
 1.09883674e+00
 1.09872844e+00
 1.09930491e+00
 1.09981782e+00
 1.10000000e+00
 1.22931074e+00
 1.22916709e+00
 1.22873294e+00
 1.22799105e+00
 1.22691087e+00
 1.22547140e+00
 1.22367555e+00
 1.22153834e+00
 1.21906430e+00
 1.21623123e+00
 1.21298531e+00
 1.20924771e+00
 1.20492334e+00
 1.19990966e+00
 1.19413307e+00
 1.18759596e+00
 1.18038581e+00
 1.17263412e+00
 1.16446886e+00
 1.15602203e+00
 1.14745420e+00
 1.13896766e+00
 1.13079633e+00
 1.12318491e+00
 1.11637265e+00
 1.11059285e+00
 1.10605960e+00
 1.10292731e+00
 1.10116423e+00
 1.10040024e+00
 1.10012889e+00
 1.10002922e+00
 1.10000000e+00
 1.22868065e+00
 1.22851903e+00
 1.22803392e+00
 1.22722165e+00
 1.22607062e+00
 1.22456546e+00
 1.22269789e+00
 1.22046868e+00
 1.21787655e+00
 1.21490399e+00
 1.21150981e+00
 1.20763097e+00
 1.20319040e+00
 1.19811023e+00
 1.19233895e+00
 1.18588237e+00
 1.17881136e+00
 1.17123861e+00
 1.16329117e+00
 1.15510975e+00
 1.14686136e+00
 1.13874522e+00
 1.13098436e+00
 1.12380888e+00
 1.11743980e+00
 1.11207302e+00
 1.10784715e+00
 1.10478631e+00
 1.10274335e+00
 1.10144055e+00
 1.10062247e+00
 1.10015479e+00
 1.10000000e+00
 1.22794044e+00
 1.22776811e+00
 1.22724893e+00
 1.22637774e+00
 1.22514828e+00
 1.22355390e+00
 1.22158905e+00
 1.21925042e+00
 1.21653290e+00
 1.21342127e+00
 1.20988371e+00
 1.20587158e+00
 1.20132579e+00
 1.19618985e+00
 1.19043019e+00
 1.18405701e+00
 1.17713107e+00
 1.16975225e+00
 1.16204423e+00
 1.15415077e+00
 1.14623968e+00
 1.13850301e+00
 1.13114811e+00
 1.12438188e+00
 1.11839143e+00
 1.11331968e+00
 1.10923280e+00
 1.10609163e+00
 1.10376127e+00
 1.10207692e+00
 1.10091778e+00
 1.10022945e+00
 1.10000000e+00
 1.22715762e+00
 1.22696930e+00
 1.22640436e+00
 1.22546256e+00
 1.22414301e+00
 1.22244467e+00
 1.22036658e+00
 1.21790710e+00
 1.21506123e+00
 1.21181602e+00
 1.20814670e+00
 1.20401658e+00
 1.19938237e+00
 1.19420520e+00
 1.18846595e+00
 1.18217976e+00
 1.17540225e+00
 1.16822491e+00
 1.16076657e+00
 1.15316890e+00
 1.14559488e+00
 1.13822460e+00
 1.13124489e+00
 1.12483312e+00
 1.11913712e+00
 1.11425266e+00
 1.11020505e+00
 1.10694872e+00
 1.10439608e+00
 1.10246213e+00
 1.10109440e+00
 1.10027402e+00
 1.10000000e+00
 1.22629355e+00
 1.22608918e+00
 1.22547699e+00
 1.22446001e+00
 1.22304338e+00
 1.22123342e+00
 1.21903576e+00
 1.21645319e+00
 1.21348333e+00
 1.21011614e+00
 1.20633246e+00
 1.20210496e+00
 1.19740309e+00
 1.19220195e+00
 1.18649388e+00
 1.18029914e+00
 1.17367132e+00
 1.16669619e+00
 1.15948682e+00
 1.15217884e+00
 1.14492576e+00
 1.13789185e+00
 1.13124062e+00
 1.12511932e+00
 1.11964176e+00
 1.11487375e+00
 1.11082839e+00
 1.10747757e+00
 1.10477682e+00
 1.10268954e+00
 1.10119799e+00
 1.10030009e+00
 1.10000000e+00
 1.22531537e+00
 1.22509298e+00
 1.22442907e+00
 1.22333285e+00
 1.22181760e+00
 1.21989782e+00
 1.21758608e+00
 1.21489012e+00
 1.21181082e+00
 1.20834114e+00
 1.20446638e+00
 1.20016641e+00
 1.19542044e+00
 1.19021435e+00
 1.18454960e+00
 1.17845118e+00
 1.17197227e+00
 1.16519441e+00
 1.15822430e+00
 1.15118897e+00
 1.14422957e+00
 1.13749276e+00
 1.13111927e+00
 1.12523063e+00
 1.11991690e+00
 1.11522985e+00
 1.11118560e+00
 1.10777698e+00
 1.10499001e+00
 1.10281605e+00
 1.10125548e+00
 1.10031456e+00
 1.10000000e+00
 1.22411594e+00
 1.22387751e+00
 1.22316802e+00
 1.22200321e+00
 1.22040453e+00
 1.21839423e+00
 1.21599097e+00
 1.21320671e+00
 1.21004518e+00
 1.20650188e+00
 1.20256570e+00
 1.19822202e+00
 1.19345756e+00
 1.18826657e+00
 1.18265777e+00
 1.17666037e+00
 1.17032779e+00
 1.16373807e+00
 1.15699129e+00
 1.15020481e+00
 1.14350647e+00
 1.13702586e+00
 1.13088408e+00
 1.12518347e+00
 1.12000002e+00
 1.11538132e+00
 1.11135137e+00
 1.10792004e+00
 1.10509293e+00
 1.10287734e+00
 1.10128335e+00
 1.10032157e+00
 1.10000000e+00
 1.22255080e+00
 1.22230439e+00
 1.22157181e+00
 1.22037128e+00
 1.21872820e+00
 1.21666927e+00
 1.21421707e+00
 1.21138642e+00
 1.20818305e+00
 1.20460446e+00
 1.20064246e+00
 1.19628698e+00
 1.19153085e+00
 1.18637515e+00
 1.18083461e+00
 1.17494220e+00
 1.16875183e+00
 1.16233849e+00
 1.15579592e+00
 1.14923188e+00
 1.14276164e+00
 1.13649992e+00
 1.13055243e+00
 1.12500850e+00
 1.11993668e+00
 1.11538495e+00
 1.11138502e+00
 1.10795875e+00
 1.10512377e+00
 1.10289646e+00
 1.10129217e+00
 1.10032381e+00
 1.10000000e+00
 1.22054416e+00
 1.22029902e+00
 1.21957006e+00
 1.21837506e+00
 1.21673882e+00
 1.21468756e+00
 1.21224348e+00
 1.20942111e+00
 1.20622627e+00
 1.20265745e+00
 1.19870894e+00
 1.19437484e+00
 1.18965354e+00
 1.18455220e+00
 1.17909097e+00
 1.17330630e+00
 1.16725276e+00
 1.16100283e+00
 1.15464454e+00
 1.14827707e+00
 1.14200483e+00
 1.13593058e+00
 1.13014874e+00
 1.12474022e+00
 1.11976996e+00
 1.11528766e+00
 1.11133099e+00
 1.10792960e+00
 1.10510832e+00
 1.10288866e+00
 1.10128885e+00
 1.10032298e+00
 1.10000000e+00
 1.21808931e+00
 1.21785505e+00
 1.21715760e+00
 1.21601153e+00
 1.21443696e+00
 1.21245456e+00
 1.21008097e+00
 1.20732613e+00
 1.20419312e+00
 1.20068013e+00
 1.19678364e+00
 1.19250202e+00
 1.18783930e+00
 1.18280861e+00
 1.17743532e+00
 1.17175932e+00
 1.16583614e+00
 1.15973632e+00
 1.15354314e+00
 1.14734866e+00
 1.14124852e+00
 1.13533634e+00
 1.12969857e+00
 1.12441073e+00
 1.11953597e+00
 1.11512568e+00
 1.11122154e+00
 1.10785802e+00
 1.10506411e+00
 1.10286419e+00
 1.10127803e+00
 1.10032027e+00
 1.10000000e+00
 1.21525190e+00
 1.21503771e+00
 1.21439863e+00
 1.21334369e+00
 1.21188404e+00
 1.21002917e+00
 1.20778447e+00
 1.20515094e+00
 1.20212653e+00
 1.19870842e+00
 1.19489549e+00
 1.19069094e+00
 1.18610476e+00
 1.18115619e+00
 1.17587581e+00
 1.17030701e+00
 1.16450652e+00
 1.15854359e+00
 1.15249780e+00
 1.14645555e+00
 1.14050577e+00
 1.13473533e+00
 1.12922503e+00
 1.12404688e+00
 1.11926298e+00
 1.11492583e+00
 1.11107963e+00
 1.10776160e+00
 1.10500309e+00
 1.10283000e+00
 1.10126282e+00
 1.10031646e+00
 1.10000000e+00
 1.21216602e+00
 1.21198222e+00
 1.21143046e+00
 1.21050881e+00
 1.20921219e+00
 1.20753220e+00
 1.20545866e+00
 1.20298198e+00
 1.20009511e+00
 1.19679503e+00
 1.19308387e+00
 1.18897008e+00
 1.18446980e+00
 1.17960827e+00
 1.17442108e+00
 1.16895505e+00
 1.16326824e+00
 1.15742910e+00
 1.15151442e+00
 1.14560632e+00
 1.13978866e+00
 1.13414335e+00
 1.12874715e+00
 1.12366961e+00
 1.11897200e+00
 1.11470739e+00
 1.11092130e+00
 1.10765246e+00
 1.10493341e+00
 1.10279076e+00
 1.10124534e+00
 1.10031209e+00
 1.10000000e+00
 1.20912365e+00
 1.20897727e+00
 1.20853041e+00
 1.20776224e+00
 1.20664471e+00
 1.20514910e+00
 1.20325092e+00
 1.20093243e+00
 1.19818358e+00
 1.19500204e+00
 1.19139323e+00
 1.18737047e+00
 1.18295537e+00
 1.17817844e+00
 1.17307966e+00
 1.16770881e+00
 1.16212523e+00
 1.15639683e+00
 1.15059825e+00
 1.14480837e+00
 1.13910721e+00
 1.13357299e+00
 1.12827951e+00
 1.12329439e+00
 1.11867810e+00
 1.11448380e+00
 1.11075757e+00
 1.10753880e+00
 1.10486053e+00
 1.10274965e+00
 1.10122701e+00
 1.10030749e+00
 1.10000000e+00
 1.20662449e+00
 1.20650108e+00
 1.20611942e+00
 1.20544915e+00
 1.20445019e+00
 1.20308215e+00
 1.20131092e+00
 1.19911201e+00
 1.19647165e+00
 1.19338666e+00
 1.18986393e+00
 1.18591982e+00
 1.18157978e+00
 1.17687823e+00
 1.17185846e+00
 1.16657246e+00
 1.16108042e+00
 1.15544971e+00
 1.14975325e+00
 1.14406730e+00
 1.13846894e+00
 1.13303354e+00
 1.12783258e+00
 1.12293207e+00
 1.11839165e+00
 1.11426418e+00
 1.11059580e+00
 1.10742606e+00
 1.10478807e+00
 1.10270872e+00
 1.10120876e+00
 1.10030292e+00
 1.10000000e+00
 1.20489354e+00
 1.20477013e+00
 1.20439184e+00
 1.20373533e+00
 1.20276549e+00
 1.20144185e+00
 1.19972621e+00
 1.19758867e+00
 1.19501088e+00
 1.19198696e+00
 1.18852310e+00
 1.18463660e+00
 1.18035487e+00
 1.17571465e+00
 1.17076123e+00
 1.16554785e+00
 1.16013494e+00
 1.15458913e+00
 1.14898169e+00
 1.14338670e+00
 1.13787885e+00
 1.13253121e+00
 1.12741334e+00
 1.12258984e+00
 1.11811942e+00
 1.11405445e+00
 1.11044077e+00
 1.10731775e+00
 1.10471837e+00
 1.10266933e+00
 1.10119119e+00
 1.10029852e+00
 1.10000000e+00
 1.20372061e+00
 1.20359321e+00
 1.20320390e+00
 1.20253249e+00
 1.20154883e+00
 1.20021735e+00
 1.19850274e+00
 1.19637537e+00
 1.19381548e+00
 1.19081539e+00
 1.18738016e+00
 1.18352694e+00
 1.17928387e+00
 1.17468868e+00
 1.16978750e+00
 1.16463384e+00
 1.15928770e+00
 1.15381455e+00
 1.14828400e+00
 1.14276816e+00
 1.13733964e+00
 1.13206961e+00
 1.12702598e+00
 1.12227205e+00
 1.11786556e+00
 1.11385821e+00
 1.11029536e+00
 1.10721601e+00
 1.10465284e+00
 1.10263227e+00
 1.10117466e+00
 1.10029438e+00
 1.10000000e+00
 1.20299054e+00
 1.20285567e+00
 1.20244500e+00
 1.20174138e+00
 1.20071934e+00
 1.19934898e+00
 1.19760016e+00
 1.19544661e+00
 1.19286982e+00
 1.18986207e+00
 1.18642809e+00
 1.18258506e+00
 1.17836143e+00
 1.17379523e+00
 1.16893255e+00
 1.16382631e+00
 1.15853537e+00
 1.15312365e+00
 1.14765895e+00
 1.14221149e+00
 1.13685209e+00
 1.13165027e+00
 1.12667253e+00
 1.12198094e+00
 1.11763228e+00
 1.11367744e+00
 1.11016118e+00
 1.10712202e+00
 1.10459226e+00
 1.10259801e+00
 1.10115937e+00
 1.10029054e+00
 1.10000000e+00
 1.20260882e+00
 1.20246313e+00
 1.20202159e+00
 1.20127148e+00
 1.20019370e+00
 1.19876510e+00
 1.19696104e+00
 1.19475878e+00
 1.19214162e+00
 1.18910291e+00
 1.18564837e+00
 1.18179619e+00
 1.17757549e+00
 1.17302438e+00
 1.16818824e+00
 1.16311870e+00
 1.15787287e+00
 1.15251270e+00
 1.14710400e+00
 1.14171521e+00
 1.13641556e+00
 1.13127322e+00
 1.12635347e+00
 1.12171729e+00
 1.11742045e+00
 1.11351299e+00
 1.11003897e+00
 1.10703636e+00
 1.10453702e+00
 1.10256676e+00
 1.10114542e+00
 1.10028705e+00
 1.10000000e+00
 1.20245668e+00
 1.20229860e+00
 1.20182212e+00
 1.20102058e+00
 1.19988246e+00
 1.19839098e+00
 1.19652525e+00
 1.19426435e+00
 1.19159322e+00
 1.18850769e+00
 1.18501650e+00
 1.18114045e+00
 1.17691003e+00
 1.17236328e+00
 1.16754440e+00
 1.16250306e+00
 1.15729411e+00
 1.15197713e+00
 1.14661585e+00
 1.14127698e+00
 1.13602848e+00
 1.13093747e+00
 1.12606827e+00
 1.12148089e+00
 1.11723010e+00
 1.11336503e+00
 1.10992894e+00
 1.10695922e+00
 1.10448728e+00
 1.10253862e+00
 1.10113286e+00
 1.10028390e+00
 1.10000000e+00
 1.20240149e+00
 1.20223324e+00
 1.20172914e+00
 1.20088858e+00
 1.19970493e+00
 1.19816328e+00
 1.19624249e+00
 1.19392176e+00
 1.19118900e+00
 1.18804565e+00
 1.18450644e+00
 1.18059640e+00
 1.17634782e+00
 1.17179836e+00
 1.16699041e+00
 1.16197118e+00
 1.15679279e+00
 1.15151220e+00
 1.14619092e+00
 1.14089411e+00
 1.13568879e+00
 1.13064145e+00
 1.12581577e+00
 1.12127094e+00
 1.11706075e+00
 1.11323331e+00
 1.10983103e+00
 1.10689062e+00
 1.10444307e+00
 1.10251362e+00
 1.10112171e+00
 1.10028111e+00
 1.10000000e+00
 1.20233879e+00
 1.20217045e+00
 1.20166378e+00
 1.20081476e+00
 1.19961493e+00
 1.19804565e+00
 1.19608070e+00
 1.19369966e+00
 1.19089819e+00
 1.18768833e+00
 1.18409355e+00
 1.18014381e+00
 1.17587282e+00
 1.17131711e+00
 1.16651659e+00
 1.16151551e+00
 1.15636307e+00
 1.15111341e+00
 1.14582573e+00
 1.14056385e+00
 1.13539430e+00
 1.13038341e+00
 1.12559459e+00
 1.12108640e+00
 1.11691169e+00
 1.11311747e+00
 1.10974512e+00
 1.10683061e+00
 1.10440450e+00
 1.10249184e+00
 1.10111200e+00
 1.10027867e+00
 1.10000000e+00
 1.20230875e+00
 1.20213776e+00
 1.20163072e+00
 1.20079327e+00
 1.19960731e+00
 1.19803029e+00
 1.19602332e+00
 1.19357358e+00
 1.19069365e+00
 1.18741047e+00
 1.18375657e+00
 1.17976580e+00
 1.17547199e+00
 1.17090949e+00
 1.16611502e+00
 1.16112973e+00
 1.15599991e+00
 1.15077678e+00
 1.14551712e+00
 1.14028365e+00
 1.13514294e+00
 1.13016168e+00
 1.12540339e+00
 1.12092628e+00
 1.11678226e+00
 1.11301713e+00
 1.10967115e+00
 1.10677935e+00
 1.10437180e+00
 1.10247347e+00
 1.10110383e+00
 1.10027663e+00
 1.10000000e+00
 1.20213911e+00
 1.20199715e+00
 1.20157122e+00
 1.20083270e+00
 1.19970779e+00
 1.19812406e+00
 1.19605526e+00
 1.19351843e+00
 1.19055022e+00
 1.18719105e+00
 1.18347934e+00
 1.17945029e+00
 1.17513631e+00
 1.17056853e+00
 1.16578006e+00
 1.16080899e+00
 1.15569919e+00
 1.15049889e+00
 1.14526226e+00
 1.14005121e+00
 1.13493290e+00
 1.12997491e+00
 1.12524117e+00
 1.12078985e+00
 1.11667193e+00
 1.11293199e+00
 1.10960906e+00
 1.10673712e+00
 1.10434545e+00
 1.10245891e+00
 1.10109740e+00
 1.10027502e+00
 1.10000000e+00
 1.20197690e+00
 1.20191735e+00
 1.20166771e+00
 1.20106544e+00
 1.19996620e+00
 1.19831828e+00
 1.19614703e+00
 1.19350545e+00
 1.19044627e+00
 1.18701526e+00
 1.18325202e+00
 1.17919060e+00
 1.17486094e+00
 1.17029031e+00
 1.16550815e+00
 1.16054983e+00
 1.15545760e+00
 1.15027672e+00
 1.14505854e+00
 1.13986444e+00
 1.13476273e+00
 1.12982221e+00
 1.12510743e+00
 1.12067686e+00
 1.11658054e+00
 1.11286187e+00
 1.10955869e+00
 1.10670406e+00
 1.10432605e+00
 1.10244884e+00
 1.10109311e+00
 1.10027396e+00
 1.10000000e+00
 1.20248388e+00
 1.20244932e+00
 1.20222572e+00
 1.20157310e+00
 1.20034950e+00
 1.19855690e+00
 1.19625558e+00
 1.19350845e+00
 1.19036746e+00
 1.18687577e+00
 1.18307104e+00
 1.17898482e+00
 1.17464450e+00
 1.17007332e+00
 1.16529742e+00
 1.16034990e+00
 1.15527249e+00
 1.15010756e+00
 1.14490349e+00
 1.13972147e+00
 1.13463132e+00
 1.12970323e+00
 1.12500221e+00
 1.12058763e+00
 1.11650832e+00
 1.11280678e+00
 1.10951967e+00
 1.10667979e+00
 1.10431388e+00
 1.10244397e+00
 1.10109146e+00
 1.10027358e+00
 1.10000000e+00
 1.20351948e+00
 1.20343608e+00
 1.20304859e+00
 1.20216090e+00
 1.20072121e+00
 1.19876473e+00
 1.19634497e+00
 1.19351211e+00
 1.19030857e+00
 1.18677197e+00
 1.18293766e+00
 1.17883443e+00
 1.17448789e+00
 1.16991754e+00
 1.16514708e+00
 1.16020776e+00
 1.15514181e+00
 1.14998894e+00
 1.14479481e+00
 1.13962069e+00
 1.13453788e+00
 1.12961799e+00
 1.12492607e+00
 1.12052291e+00
 1.11645585e+00
 1.11276702e+00
 1.10949167e+00
 1.10666323e+00
 1.10430807e+00
 1.10244419e+00
 1.10109278e+00
 1.10027403e+00
 1.10000000e+00
 1.20451122e+00
 1.20432893e+00
 1.20370249e+00
 1.20257925e+00
 1.20096783e+00
 1.19889652e+00
 1.19639937e+00
 1.19351278e+00
 1.19027093e+00
 1.18670714e+00
 1.18285540e+00
 1.17874241e+00
 1.17439290e+00
 1.16982363e+00
 1.16505691e+00
 1.16012267e+00
 1.15506403e+00
 1.14991874e+00
 1.14473052e+00
 1.13956079e+00
 1.13448196e+00
 1.12956671e+00
 1.12487986e+00
 1.12048361e+00
 1.11642391e+00
 1.11274298e+00
 1.10947470e+00
 1.10665341e+00
 1.10430634e+00
 1.10244710e+00
 1.10109604e+00
 1.10027517e+00
 1.10000000e+00
 1.20491400e+00
 1.20466822e+00
 1.20393447e+00
 1.20272323e+00
 1.20105126e+00
 1.19894054e+00
 1.19641714e+00
 1.19351250e+00
 1.19025786e+00
 1.18668500e+00
 1.18282754e+00
 1.17871139e+00
 1.17436104e+00
 1.16979224e+00
 1.16502685e+00
 1.16009433e+00
 1.15503821e+00
 1.14989551e+00
 1.14470925e+00
 1.13954093e+00
 1.13446334e+00
 1.12954960e+00
 1.12486435e+00
 1.12047043e+00
 1.11641317e+00
 1.11273494e+00
 1.10946900e+00
 1.10665010e+00
 1.10430614e+00
 1.10244873e+00
 1.10109790e+00
 1.10027603e+00
 1.10000000e+00
