 0.00000000e+00
 4.81527333e-04
 1.92147196e-03
 4.30596643e-03
 7.61204675e-03
 1.18078736e-02
 1.68530388e-02
 2.26989547e-02
 2.92893219e-02
 3.65606716e-02
 4.44429767e-02
 5.28603263e-02
 6.17316568e-02
 7.09715323e-02
 8.04909678e-02
 9.01982860e-02
 1.00000000e-01
 1.09801714e-01
 1.19509032e-01
 1.29028468e-01
 1.38268343e-01
 1.47139674e-01
 1.55557023e-01
 1.63439328e-01
 1.70710678e-01
 1.77301045e-01
 1.83146961e-01
 1.88192126e-01
 1.92387953e-01
 1.95694034e-01
 1.98078528e-01
 1.99518473e-01
 2.00000000e-01
