 0.00000000e+00
 6.01909166e-04
 2.40183995e-03
 5.38245803e-03
 9.51505844e-03
 1.47598420e-02
 2.10662985e-02
 2.83736933e-02
 3.66116524e-02
 4.57008395e-02
 5.55537209e-02
 6.60754079e-02
 7.71645710e-02
 8.87144153e-02
 1.00613710e-01
 1.12747857e-01
 1.25000000e-01
 1.37252143e-01
 1.49386290e-01
 1.61285585e-01
 1.72835429e-01
 1.83924592e-01
 1.94446279e-01
 2.04299161e-01
 2.13388348e-01
 2.21626307e-01
 2.28933702e-01
 2.35240158e-01
 2.40484942e-01
 2.44617542e-01
 2.47598160e-01
 2.49398091e-01
 2.50000000e-01
