 5.00000000e-01
 5.16129000e-01
 5.32258000e-01
 5.48387000e-01
 5.64516000e-01
 5.80645000e-01
 5.96774000e-01
 6.12903000e-01
 6.29032000e-01
 6.45161000e-01
 6.61290000e-01
 6.77419000e-01
 6.93548000e-01
 7.09677000e-01
 7.25806000e-01
 7.41935000e-01
 7.58065000e-01
 7.74194000e-01
 7.90323000e-01
 8.06452000e-01
 8.22581000e-01
 8.38710000e-01
 8.54839000e-01
 8.70968000e-01
 8.87097000e-01
 9.03226000e-01
 9.19355000e-01
 9.35484000e-01
 9.51613000e-01
 9.67742000e-01
 9.83871000e-01
 1.00000000e+00
