 5.00000000e-01
 5.01203818e-01
 5.04803680e-01
 5.10764916e-01
 5.19030117e-01
 5.29519684e-01
 5.42132597e-01
 5.56747387e-01
 5.73223305e-01
 5.91401679e-01
 6.11107442e-01
 6.32150816e-01
 6.54329142e-01
 6.77428831e-01
 7.01227419e-01
 7.25495715e-01
 7.50000000e-01
 7.74504285e-01
 7.98772581e-01
 8.22571169e-01
 8.45670858e-01
 8.67849184e-01
 8.88892558e-01
 9.08598321e-01
 9.26776695e-01
 9.43252613e-01
 9.57867403e-01
 9.70480316e-01
 9.80969883e-01
 9.89235084e-01
 9.95196320e-01
 9.98796182e-01
 1.00000000e+00
