 4.00000000e-01
 4.00481527e-01
 4.01921472e-01
 4.04305966e-01
 4.07612047e-01
 4.11807874e-01
 4.16853039e-01
 4.22698955e-01
 4.29289322e-01
 4.36560672e-01
 4.44442977e-01
 4.52860326e-01
 4.61731657e-01
 4.70971532e-01
 4.80490968e-01
 4.90198286e-01
 5.00000000e-01
 5.09801714e-01
 5.19509032e-01
 5.29028468e-01
 5.38268343e-01
 5.47139674e-01
 5.55557023e-01
 5.63439328e-01
 5.70710678e-01
 5.77301045e-01
 5.83146961e-01
 5.88192126e-01
 5.92387953e-01
 5.95694034e-01
 5.98078528e-01
 5.99518473e-01
 6.00000000e-01
