 -2.00000000e-01
 -1.99036945e-01
 -1.96157056e-01
 -1.91388067e-01
 -1.84775907e-01
 -1.76384253e-01
 -1.66293922e-01
 -1.54602091e-01
 -1.41421356e-01
 -1.26878657e-01
 -1.11114047e-01
 -9.42793474e-02
 -7.65366865e-02
 -5.80569355e-02
 -3.90180644e-02
 -1.96034281e-02
 0.00000000e+00
 1.96034281e-02
 3.90180644e-02
 5.80569355e-02
 7.65366865e-02
 9.42793474e-02
 1.11114047e-01
 1.26878657e-01
 1.41421356e-01
 1.54602091e-01
 1.66293922e-01
 1.76384253e-01
 1.84775907e-01
 1.91388067e-01
 1.96157056e-01
 1.99036945e-01
 2.00000000e-01
