 6.00000000e-01
 6.00481527e-01
 6.01921472e-01
 6.04305966e-01
 6.07612047e-01
 6.11807874e-01
 6.16853039e-01
 6.22698955e-01
 6.29289322e-01
 6.36560672e-01
 6.44442977e-01
 6.52860326e-01
 6.61731657e-01
 6.70971532e-01
 6.80490968e-01
 6.90198286e-01
 7.00000000e-01
 7.09801714e-01
 7.19509032e-01
 7.29028468e-01
 7.38268343e-01
 7.47139674e-01
 7.55557023e-01
 7.63439328e-01
 7.70710678e-01
 7.77301045e-01
 7.83146961e-01
 7.88192126e-01
 7.92387953e-01
 7.95694034e-01
 7.98078528e-01
 7.99518473e-01
 8.00000000e-01
