 7.50000000e-01
 7.50601909e-01
 7.52401840e-01
 7.55382458e-01
 7.59515058e-01
 7.64759842e-01
 7.71066298e-01
 7.78373693e-01
 7.86611652e-01
 7.95700839e-01
 8.05553721e-01
 8.16075408e-01
 8.27164571e-01
 8.38714415e-01
 8.50613710e-01
 8.62747857e-01
 8.75000000e-01
 8.87252143e-01
 8.99386290e-01
 9.11285585e-01
 9.22835429e-01
 9.33924592e-01
 9.44446279e-01
 9.54299161e-01
 9.63388348e-01
 9.71626307e-01
 9.78933702e-01
 9.85240158e-01
 9.90484942e-01
 9.94617542e-01
 9.97598160e-01
 9.99398091e-01
 1.00000000e+00
