 8.00000000e-01
 8.00481527e-01
 8.01921472e-01
 8.04305966e-01
 8.07612047e-01
 8.11807874e-01
 8.16853039e-01
 8.22698955e-01
 8.29289322e-01
 8.36560672e-01
 8.44442977e-01
 8.52860326e-01
 8.61731657e-01
 8.70971532e-01
 8.80490968e-01
 8.90198286e-01
 9.00000000e-01
 9.09801714e-01
 9.19509032e-01
 9.29028468e-01
 9.38268343e-01
 9.47139674e-01
 9.55557023e-01
 9.63439328e-01
 9.70710678e-01
 9.77301045e-01
 9.83146961e-01
 9.88192126e-01
 9.92387953e-01
 9.95694034e-01
 9.98078528e-01
 9.99518473e-01
 1.00000000e+00
