 6.00000000e-01
 6.00240764e-01
 6.00960736e-01
 6.02152983e-01
 6.03806023e-01
 6.05903937e-01
 6.08426519e-01
 6.11349477e-01
 6.14644661e-01
 6.18280336e-01
 6.22221488e-01
 6.26430163e-01
 6.30865828e-01
 6.35485766e-01
 6.40245484e-01
 6.45099143e-01
 6.50000000e-01
 6.54900857e-01
 6.59754516e-01
 6.64514234e-01
 6.69134172e-01
 6.73569837e-01
 6.77778512e-01
 6.81719664e-01
 6.85355339e-01
 6.88650523e-01
 6.91573481e-01
 6.94096063e-01
 6.96193977e-01
 6.97847017e-01
 6.99039264e-01
 6.99759236e-01
 7.00000000e-01
