 2.50000000e-01
 2.50601909e-01
 2.52401840e-01
 2.55382458e-01
 2.59515058e-01
 2.64759842e-01
 2.71066298e-01
 2.78373693e-01
 2.86611652e-01
 2.95700839e-01
 3.05553721e-01
 3.16075408e-01
 3.27164571e-01
 3.38714415e-01
 3.50613710e-01
 3.62747857e-01
 3.75000000e-01
 3.87252143e-01
 3.99386290e-01
 4.11285585e-01
 4.22835429e-01
 4.33924592e-01
 4.44446279e-01
 4.54299161e-01
 4.63388348e-01
 4.71626307e-01
 4.78933702e-01
 4.85240158e-01
 4.90484942e-01
 4.94617542e-01
 4.97598160e-01
 4.99398091e-01
 5.00000000e-01
