 0.00000000e+00
 2.40763666e-04
 9.60735980e-04
 2.15298321e-03
 3.80602337e-03
 5.90393678e-03
 8.42651938e-03
 1.13494773e-02
 1.46446609e-02
 1.82803358e-02
 2.22214883e-02
 2.64301632e-02
 3.08658284e-02
 3.54857661e-02
 4.02454839e-02
 4.50991430e-02
 5.00000000e-02
 5.49008570e-02
 5.97545161e-02
 6.45142339e-02
 6.91341716e-02
 7.35698368e-02
 7.77785117e-02
 8.17196642e-02
 8.53553391e-02
 8.86505227e-02
 9.15734806e-02
 9.40960632e-02
 9.61939766e-02
 9.78470168e-02
 9.90392640e-02
 9.97592363e-02
 1.00000000e-01
