 0.00000000e+00
 1.20381833e-03
 4.80367990e-03
 1.07649161e-02
 1.90301169e-02
 2.95196839e-02
 4.21325969e-02
 5.67473867e-02
 7.32233047e-02
 9.14016790e-02
 1.11107442e-01
 1.32150816e-01
 1.54329142e-01
 1.77428831e-01
 2.01227419e-01
 2.25495715e-01
 2.50000000e-01
 2.74504285e-01
 2.98772581e-01
 3.22571169e-01
 3.45670858e-01
 3.67849184e-01
 3.88892558e-01
 4.08598321e-01
 4.26776695e-01
 4.43252613e-01
 4.57867403e-01
 4.70480316e-01
 4.80969883e-01
 4.89235084e-01
 4.95196320e-01
 4.98796182e-01
 5.00000000e-01
