 2.00000000e-01
 2.00240764e-01
 2.00960736e-01
 2.02152983e-01
 2.03806023e-01
 2.05903937e-01
 2.08426519e-01
 2.11349477e-01
 2.14644661e-01
 2.18280336e-01
 2.22221488e-01
 2.26430163e-01
 2.30865828e-01
 2.35485766e-01
 2.40245484e-01
 2.45099143e-01
 2.50000000e-01
 2.54900857e-01
 2.59754516e-01
 2.64514234e-01
 2.69134172e-01
 2.73569837e-01
 2.77778512e-01
 2.81719664e-01
 2.85355339e-01
 2.88650523e-01
 2.91573481e-01
 2.94096063e-01
 2.96193977e-01
 2.97847017e-01
 2.99039264e-01
 2.99759236e-01
 3.00000000e-01
