 2.00000000e-01
 2.00481527e-01
 2.01921472e-01
 2.04305966e-01
 2.07612047e-01
 2.11807874e-01
 2.16853039e-01
 2.22698955e-01
 2.29289322e-01
 2.36560672e-01
 2.44442977e-01
 2.52860326e-01
 2.61731657e-01
 2.70971532e-01
 2.80490968e-01
 2.90198286e-01
 3.00000000e-01
 3.09801714e-01
 3.19509032e-01
 3.29028468e-01
 3.38268343e-01
 3.47139674e-01
 3.55557023e-01
 3.63439328e-01
 3.70710678e-01
 3.77301045e-01
 3.83146961e-01
 3.88192126e-01
 3.92387953e-01
 3.95694034e-01
 3.98078528e-01
 3.99518473e-01
 4.00000000e-01
