 5.00000000e-01
 5.00601909e-01
 5.02401840e-01
 5.05382458e-01
 5.09515058e-01
 5.14759842e-01
 5.21066298e-01
 5.28373693e-01
 5.36611652e-01
 5.45700839e-01
 5.55553721e-01
 5.66075408e-01
 5.77164571e-01
 5.88714415e-01
 6.00613710e-01
 6.12747857e-01
 6.25000000e-01
 6.37252143e-01
 6.49386290e-01
 6.61285585e-01
 6.72835429e-01
 6.83924592e-01
 6.94446279e-01
 7.04299161e-01
 7.13388348e-01
 7.21626307e-01
 7.28933702e-01
 7.35240158e-01
 7.40484942e-01
 7.44617542e-01
 7.47598160e-01
 7.49398091e-01
 7.50000000e-01
