 8.00000000e-01
 8.00240764e-01
 8.00960736e-01
 8.02152983e-01
 8.03806023e-01
 8.05903937e-01
 8.08426519e-01
 8.11349477e-01
 8.14644661e-01
 8.18280336e-01
 8.22221488e-01
 8.26430163e-01
 8.30865828e-01
 8.35485766e-01
 8.40245484e-01
 8.45099143e-01
 8.50000000e-01
 8.54900857e-01
 8.59754516e-01
 8.64514234e-01
 8.69134172e-01
 8.73569837e-01
 8.77778512e-01
 8.81719664e-01
 8.85355339e-01
 8.88650523e-01
 8.91573481e-01
 8.94096063e-01
 8.96193977e-01
 8.97847017e-01
 8.99039264e-01
 8.99759236e-01
 9.00000000e-01
