 4.00000000e-01
 4.00240764e-01
 4.00960736e-01
 4.02152983e-01
 4.03806023e-01
 4.05903937e-01
 4.08426519e-01
 4.11349477e-01
 4.14644661e-01
 4.18280336e-01
 4.22221488e-01
 4.26430163e-01
 4.30865828e-01
 4.35485766e-01
 4.40245484e-01
 4.45099143e-01
 4.50000000e-01
 4.54900857e-01
 4.59754516e-01
 4.64514234e-01
 4.69134172e-01
 4.73569837e-01
 4.77778512e-01
 4.81719664e-01
 4.85355339e-01
 4.88650523e-01
 4.91573481e-01
 4.94096063e-01
 4.96193977e-01
 4.97847017e-01
 4.99039264e-01
 4.99759236e-01
 5.00000000e-01
