 -1.00000000e+00
 -9.99036945e-01
 -9.96157056e-01
 -9.91388067e-01
 -9.84775907e-01
 -9.76384253e-01
 -9.66293922e-01
 -9.54602091e-01
 -9.41421356e-01
 -9.26878657e-01
 -9.11114047e-01
 -8.94279347e-01
 -8.76536686e-01
 -8.58056935e-01
 -8.39018064e-01
 -8.19603428e-01
 -8.00000000e-01
 -7.80396572e-01
 -7.60981936e-01
 -7.41943065e-01
 -7.23463314e-01
 -7.05720653e-01
 -6.88885953e-01
 -6.73121343e-01
 -6.58578644e-01
 -6.45397909e-01
 -6.33706078e-01
 -6.23615747e-01
 -6.15224093e-01
 -6.08611933e-01
 -6.03842944e-01
 -6.00963055e-01
 -6.00000000e-01
