 1.00000000e-01
 1.00240764e-01
 1.00960736e-01
 1.02152983e-01
 1.03806023e-01
 1.05903937e-01
 1.08426519e-01
 1.11349477e-01
 1.14644661e-01
 1.18280336e-01
 1.22221488e-01
 1.26430163e-01
 1.30865828e-01
 1.35485766e-01
 1.40245484e-01
 1.45099143e-01
 1.50000000e-01
 1.54900857e-01
 1.59754516e-01
 1.64514234e-01
 1.69134172e-01
 1.73569837e-01
 1.77778512e-01
 1.81719664e-01
 1.85355339e-01
 1.88650523e-01
 1.91573481e-01
 1.94096063e-01
 1.96193977e-01
 1.97847017e-01
 1.99039264e-01
 1.99759236e-01
 2.00000000e-01
