 9.00000000e-01
 9.00240764e-01
 9.00960736e-01
 9.02152983e-01
 9.03806023e-01
 9.05903937e-01
 9.08426519e-01
 9.11349477e-01
 9.14644661e-01
 9.18280336e-01
 9.22221488e-01
 9.26430163e-01
 9.30865828e-01
 9.35485766e-01
 9.40245484e-01
 9.45099143e-01
 9.50000000e-01
 9.54900857e-01
 9.59754516e-01
 9.64514234e-01
 9.69134172e-01
 9.73569837e-01
 9.77778512e-01
 9.81719664e-01
 9.85355339e-01
 9.88650523e-01
 9.91573481e-01
 9.94096063e-01
 9.96193977e-01
 9.97847017e-01
 9.99039264e-01
 9.99759236e-01
 1.00000000e+00
