 7.00000000e-01
 7.00240764e-01
 7.00960736e-01
 7.02152983e-01
 7.03806023e-01
 7.05903937e-01
 7.08426519e-01
 7.11349477e-01
 7.14644661e-01
 7.18280336e-01
 7.22221488e-01
 7.26430163e-01
 7.30865828e-01
 7.35485766e-01
 7.40245484e-01
 7.45099143e-01
 7.50000000e-01
 7.54900857e-01
 7.59754516e-01
 7.64514234e-01
 7.69134172e-01
 7.73569837e-01
 7.77778512e-01
 7.81719664e-01
 7.85355339e-01
 7.88650523e-01
 7.91573481e-01
 7.94096063e-01
 7.96193977e-01
 7.97847017e-01
 7.99039264e-01
 7.99759236e-01
 8.00000000e-01
