 5.00000000e-01
 5.00240764e-01
 5.00960736e-01
 5.02152983e-01
 5.03806023e-01
 5.05903937e-01
 5.08426519e-01
 5.11349477e-01
 5.14644661e-01
 5.18280336e-01
 5.22221488e-01
 5.26430163e-01
 5.30865828e-01
 5.35485766e-01
 5.40245484e-01
 5.45099143e-01
 5.50000000e-01
 5.54900857e-01
 5.59754516e-01
 5.64514234e-01
 5.69134172e-01
 5.73569837e-01
 5.77778512e-01
 5.81719664e-01
 5.85355339e-01
 5.88650523e-01
 5.91573481e-01
 5.94096063e-01
 5.96193977e-01
 5.97847017e-01
 5.99039264e-01
 5.99759236e-01
 6.00000000e-01
