 3.00000000e-01
 3.00240764e-01
 3.00960736e-01
 3.02152983e-01
 3.03806023e-01
 3.05903937e-01
 3.08426519e-01
 3.11349477e-01
 3.14644661e-01
 3.18280336e-01
 3.22221488e-01
 3.26430163e-01
 3.30865828e-01
 3.35485766e-01
 3.40245484e-01
 3.45099143e-01
 3.50000000e-01
 3.54900857e-01
 3.59754516e-01
 3.64514234e-01
 3.69134172e-01
 3.73569837e-01
 3.77778512e-01
 3.81719664e-01
 3.85355339e-01
 3.88650523e-01
 3.91573481e-01
 3.94096063e-01
 3.96193977e-01
 3.97847017e-01
 3.99039264e-01
 3.99759236e-01
 4.00000000e-01
