 -8.32700000e-03
 -8.08680680e-03
 -7.52306962e-03
 -6.69070432e-03
 -5.29871261e-03
 -4.21591655e-03
 -2.97495381e-03
 -1.67405573e-03
 -7.59295727e-04
 -1.99907819e-04
 -1.08420217e-19
 -8.06572364e-03
 -7.87814372e-03
 -7.34287017e-03
 -6.49428235e-03
 -5.20834016e-03
 -4.09843127e-03
 -2.88375397e-03
 -1.64755659e-03
 -7.48385708e-04
 -1.92844237e-04
 0.00000000e+00
 -7.48665779e-03
 -7.32124475e-03
 -6.81279937e-03
 -5.98344637e-03
 -4.88521734e-03
 -3.78025071e-03
 -2.64111619e-03
 -1.54812967e-03
 -7.08068637e-04
 -1.80837413e-04
 0.00000000e+00
 -6.70106725e-03
 -6.50246736e-03
 -5.98779451e-03
 -5.24055321e-03
 -4.31179002e-03
 -3.30908022e-03
 -2.29814320e-03
 -1.36592460e-03
 -6.29955261e-04
 -1.61231595e-04
 0.00000000e+00
 -5.33164342e-03
 -5.23078758e-03
 -4.89214743e-03
 -4.31224705e-03
 -3.56040170e-03
 -2.72565247e-03
 -1.88762773e-03
 -1.12615726e-03
 -5.21357990e-04
 -1.33558674e-04
 0.00000000e+00
 -4.16355823e-03
 -4.05973123e-03
 -3.76356064e-03
 -3.30421747e-03
 -2.72469604e-03
 -2.08284257e-03
 -1.44049852e-03
 -8.59722641e-04
 -3.98337624e-04
 -1.02087522e-04
 0.00000000e+00
 -2.97431897e-03
 -2.88230575e-03
 -2.64001282e-03
 -2.29821985e-03
 -1.88802106e-03
 -1.44074218e-03
 -9.95459776e-04
 -5.93935832e-04
 -2.75193844e-04
 -7.05238996e-05
 0.00000000e+00
 -1.71298920e-03
 -1.67968920e-03
 -1.56570949e-03
 -1.37253958e-03
 -1.12816293e-03
 -8.60294180e-04
 -5.94070544e-04
 -3.54348739e-04
 -1.64173104e-04
 -4.20725115e-05
 0.00000000e+00
 -8.00393920e-04
 -7.80156136e-04
 -7.23647733e-04
 -6.35425574e-04
 -5.22916655e-04
 -3.98751335e-04
 -2.75297339e-04
 -1.64190877e-04
 -7.60648106e-05
 -1.94920383e-05
 0.00000000e+00
 -2.16210159e-04
 -2.04335179e-04
 -1.85788187e-04
 -1.62864085e-04
 -1.34007583e-04
 -1.02207957e-04
 -7.05515614e-05
 -4.20801443e-05
 -1.94909320e-05
 -5.00951229e-06
 0.00000000e+00
 0.00000000e+00
 -9.60072662e-15
 -6.64407971e-15
 -1.87116616e-15
 -0.00000000e+00
 5.74972726e-17
 -7.60755943e-18
 -9.34237074e-19
 -3.73414442e-19
 0.00000000e+00
 0.00000000e+00
