 0.00000000e+00
 -7.82613823e-13
 -1.36553252e-13
 -6.49617307e-14
 3.55800493e-14
 5.78780030e-15
 -7.22028619e-14
 1.80390994e-14
 -9.85727163e-14
 -2.97896688e-13
 -4.71262787e-15
 1.43325071e-13
 2.39542636e-13
 1.10353536e-13
 -8.02601669e-14
 -4.74888932e-13
 2.83162302e-12
 -3.95680075e-12
 -6.37681377e-14
 7.23161484e-13
 -1.31933107e-12
 -8.75372242e-13
 -7.09304211e-15
 3.63431094e-13
 -6.61867254e-13
 7.27324778e-13
 -8.45739952e-13
 -5.28718662e-14
 4.12029869e-13
 -6.42928609e-13
 4.44059046e-13
 1.46452551e-13
 0.00000000e+00
 1.63638905e-14
 -2.89812473e-07
 -1.15653519e-06
 -2.59174357e-06
 -4.58166247e-06
 -7.10705070e-06
 -1.01434666e-05
 -1.36611468e-05
 -1.76249488e-05
 -2.19936680e-05
 -2.67192326e-05
 -3.17452071e-05
 -3.70054591e-05
 -4.24228148e-05
 -4.79089400e-05
 -5.33654161e-05
 -5.86871320e-05
 -6.37673398e-05
 -6.85046775e-05
 -7.28105026e-05
 -7.66161594e-05
 -7.98777646e-05
 -8.25789299e-05
 -8.47290430e-05
 -8.63605765e-05
 -8.75261292e-05
 -8.83067938e-05
 -8.88161600e-05
 -8.91299561e-05
 -8.90265499e-05
 -8.78211769e-05
 -8.51318910e-05
 -8.32432534e-05
 -5.20811757e-15
 -1.15648689e-06
 -4.61499530e-06
 -1.03420237e-05
 -1.82825298e-05
 -2.83597805e-05
 -4.04762116e-05
 -5.45131338e-05
 -7.03302454e-05
 -8.77632551e-05
 -1.06620260e-04
 -1.26676203e-04
 -1.47667106e-04
 -1.69285150e-04
 -1.91177733e-04
 -2.12952249e-04
 -2.34189100e-04
 -2.54462401e-04
 -2.73367493e-04
 -2.90550783e-04
 -3.05737985e-04
 -3.18754317e-04
 -3.29533963e-04
 -3.38115031e-04
 -3.44626357e-04
 -3.49278511e-04
 -3.52391630e-04
 -3.54424387e-04
 -3.55725678e-04
 -3.55678645e-04
 -3.52379793e-04
 -3.45631057e-04
 -3.41575228e-04
 2.73475961e-13
 -2.59178507e-06
 -1.03420398e-05
 -2.31762582e-05
 -4.09706683e-05
 -6.35536816e-05
 -9.07064696e-05
 -1.22163402e-04
 -1.57610080e-04
 -1.96678733e-04
 -2.38939460e-04
 -2.83888342e-04
 -3.30933942e-04
 -3.79386761e-04
 -4.28456537e-04
 -4.77263483e-04
 -5.24866848e-04
 -5.70311953e-04
 -6.12691228e-04
 -6.51211920e-04
 -6.85258569e-04
 -7.14439593e-04
 -7.38607219e-04
 -7.57848117e-04
 -7.72450304e-04
 -7.82880753e-04
 -7.89833511e-04
 -7.94340395e-04
 -7.97499565e-04
 -7.99233272e-04
 -7.97932295e-04
 -7.94202845e-04
 -7.92206956e-04
 -2.54681395e-14
 -4.58166350e-06
 -1.82826007e-05
 -4.09707976e-05
 -7.24277895e-05
 -1.12350237e-04
 -1.60351847e-04
 -2.15963527e-04
 -2.78630491e-04
 -3.47703667e-04
 -4.22424509e-04
 -5.01903504e-04
 -5.85096422e-04
 -6.70785137e-04
 -7.57572941e-04
 -8.43903942e-04
 -9.28113828e-04
 -1.00851273e-03
 -1.08349377e-03
 -1.15165264e-03
 -1.21189911e-03
 -1.26353949e-03
 -1.30631358e-03
 -1.34037755e-03
 -1.36624277e-03
 -1.38471184e-03
 -1.39691113e-03
 -1.40453344e-03
 -1.41014694e-03
 -1.41670711e-03
 -1.42531312e-03
 -1.43317942e-03
 -1.43628338e-03
 1.17768351e-13
 -7.10714053e-06
 -2.83600872e-05
 -6.35542772e-05
 -1.12350952e-04
 -1.74280298e-04
 -2.48744215e-04
 -3.35017106e-04
 -4.32241195e-04
 -5.39413393e-04
 -6.55361301e-04
 -7.78709578e-04
 -9.07842304e-04
 -1.04087264e-03
 -1.17563472e-03
 -1.30971336e-03
 -1.44052253e-03
 -1.56543424e-03
 -1.68194752e-03
 -1.78787520e-03
 -1.88151833e-03
 -1.96179668e-03
 -2.02830860e-03
 -2.08130733e-03
 -2.12159900e-03
 -2.15039438e-03
 -2.16918754e-03
 -2.17984166e-03
 -2.18521605e-03
 -2.19014902e-03
 -2.20006650e-03
 -2.21410472e-03
 -2.22135415e-03
 8.50164311e-14
 -1.01436812e-05
 -4.04770907e-05
 -9.07083514e-05
 -1.60354674e-04
 -2.48747021e-04
 -3.55034855e-04
 -4.78187519e-04
 -6.16988003e-04
 -7.70013944e-04
 -9.35602876e-04
 -1.11180298e-03
 -1.29631786e-03
 -1.48646124e-03
 -1.67914377e-03
 -1.87091412e-03
 -2.05807049e-03
 -2.23684527e-03
 -2.40364792e-03
 -2.55533430e-03
 -2.68945978e-03
 -2.80447063e-03
 -2.89979695e-03
 -2.97582686e-03
 -3.03376351e-03
 -3.07537556e-03
 -3.10262370e-03
 -3.11708742e-03
 -3.11924297e-03
 -3.10845433e-03
 -3.08588092e-03
 -3.06048157e-03
 -3.04889214e-03
 -3.90082949e-13
 -1.36617044e-05
 -5.45153151e-05
 -1.22168133e-04
 -2.15971232e-04
 -3.35026927e-04
 -4.78196143e-04
 -6.44101446e-04
 -8.31119092e-04
 -1.03735329e-03
 -1.26058802e-03
 -1.49821834e-03
 -1.74717244e-03
 -2.00384684e-03
 -2.26408477e-03
 -2.52322879e-03
 -2.77627020e-03
 -3.01809889e-03
 -3.24383408e-03
 -3.44919284e-03
 -3.63083883e-03
 -3.78665049e-03
 -3.91585982e-03
 -4.01903603e-03
 -4.09791987e-03
 -4.15514501e-03
 -4.19389018e-03
 -4.21747514e-03
 -4.22892462e-03
 -4.23084505e-03
 -4.22630798e-03
 -4.22003366e-03
 -4.21718297e-03
 8.07677552e-14
 -1.76261209e-05
 -7.03349281e-05
 -1.57620406e-04
 -2.78647881e-04
 -4.32265422e-04
 -6.17015617e-04
 -8.31141293e-04
 -1.07257639e-03
 -1.33891228e-03
 -1.62733316e-03
 -1.93452281e-03
 -2.25655762e-03
 -2.58881549e-03
 -2.92594096e-03
 -3.26190810e-03
 -3.59021139e-03
 -3.90419055e-03
 -4.19746361e-03
 -4.46441265e-03
 -4.70064701e-03
 -4.90336605e-03
 -5.07155885e-03
 -5.20600773e-03
 -5.30910571e-03
 -5.38455840e-03
 -5.43712663e-03
 -5.47263534e-03
 -5.49825541e-03
 -5.52192010e-03
 -5.54840442e-03
 -5.57319518e-03
 -5.58383549e-03
 2.71122594e-13
 -2.19959695e-05
 -8.77723943e-05
 -1.96698972e-04
 -3.47738379e-04
 -5.39463798e-04
 -7.70077180e-04
 -1.03741972e-03
 -1.33896222e-03
 -1.67176228e-03
 -2.03237963e-03
 -2.41675181e-03
 -2.82004974e-03
 -3.23655149e-03
 -3.65958680e-03
 -4.08160698e-03
 -4.49442013e-03
 -4.88960031e-03
 -5.25903859e-03
 -5.59556527e-03
 -5.89354792e-03
 -6.14936719e-03
 -6.36169155e-03
 -6.53150611e-03
 -6.66188711e-03
 -6.75754679e-03
 -6.82418334e-03
 -6.86760193e-03
 -6.89250873e-03
 -6.90159845e-03
 -6.89728102e-03
 -6.88647446e-03
 -6.88077405e-03
 1.97811328e-14
 -2.67233509e-05
 -1.06636687e-04
 -2.38976006e-04
 -4.22487802e-04
 -6.55455287e-04
 -9.35726404e-04
 -1.26073156e-03
 -1.62747479e-03
 -2.03248056e-03
 -2.47168436e-03
 -2.94026949e-03
 -3.43247435e-03
 -3.94141939e-03
 -4.45902112e-03
 -4.97606364e-03
 -5.48247969e-03
 -5.96785370e-03
 -6.42210721e-03
 -6.83627837e-03
 -7.20327573e-03
 -7.51848441e-03
 -7.78012813e-03
 -7.98933258e-03
 -8.14987137e-03
 -8.26759002e-03
 -8.34953915e-03
 -8.40305112e-03
 -8.43535317e-03
 -8.45391635e-03
 -8.46579664e-03
 -8.47438608e-03
 -8.47791042e-03
 -9.26114278e-13
 -3.17521624e-05
 -1.26703898e-04
 -2.83950056e-04
 -5.02011041e-04
 -7.78871370e-04
 -1.11202121e-03
 -1.49848496e-03
 -1.93481478e-03
 -2.41702572e-03
 -2.94045627e-03
 -3.49955650e-03
 -4.08763416e-03
 -4.69662036e-03
 -5.31694032e-03
 -5.93757900e-03
 -6.54640835e-03
 -7.13079361e-03
 -7.67843075e-03
 -8.17830531e-03
 -8.62162359e-03
 -9.00256411e-03
 -9.31873219e-03
 -9.57126179e-03
 -9.76457461e-03
 -9.90584146e-03
 -1.00041502e-02
 -1.00692667e-02
 -1.01099161e-02
 -1.01322926e-02
 -1.01406994e-02
 -1.01406190e-02
 -1.01393358e-02
 7.93378456e-14
 -3.70165356e-05
 -1.47711286e-04
 -3.31032569e-04
 -5.85268922e-04
 -9.08103971e-04
 -1.29667636e-03
 -1.74762313e-03
 -2.25707788e-03
 -2.82059274e-03
 -3.43296286e-03
 -4.08795506e-03
 -4.77797760e-03
 -5.49376785e-03
 -6.22420478e-03
 -6.95635908e-03
 -7.67586597e-03
 -8.36764428e-03
 -9.01690462e-03
 -9.61031189e-03
 -1.01371176e-02
 -1.05900719e-02
 -1.09659677e-02
 -1.12657462e-02
 -1.14941972e-02
 -1.16593926e-02
 -1.17720646e-02
 -1.18450377e-02
 -1.18923466e-02
 -1.19269746e-02
 -1.19565728e-02
 -1.19797915e-02
 -1.19890097e-02
 -7.47735687e-15
 -4.24397062e-05
 -1.69352481e-04
 -3.79537173e-04
 -6.71048884e-04
 -1.04127486e-03
 -1.48701786e-03
 -2.00455907e-03
 -2.58966317e-03
 -3.23748590e-03
 -3.94235619e-03
 -4.69743347e-03
 -5.49428494e-03
 -6.32247699e-03
 -7.16931277e-03
 -8.01985604e-03
 -8.85734795e-03
 -9.66404848e-03
 -1.04224351e-02
 -1.11165956e-02
 -1.17335909e-02
 -1.22645521e-02
 -1.27053267e-02
 -1.30565665e-02
 -1.33232491e-02
 -1.35137102e-02
 -1.36383576e-02
 -1.37084058e-02
 -1.37352112e-02
 -1.37307853e-02
 -1.37091533e-02
 -1.36864068e-02
 -1.36768521e-02
 -1.05990629e-13
 -4.79336507e-05
 -1.91276309e-04
 -4.28676926e-04
 -7.57960043e-04
 -1.17622720e-03
 -1.67996922e-03
 -2.26515322e-03
 -2.92723727e-03
 -3.66106233e-03
 -4.46058575e-03
 -5.31845562e-03
 -6.22547931e-03
 -7.17010018e-03
 -8.13804325e-03
 -9.11230144e-03
 -1.00735943e-02
 -1.10013408e-02
 -1.18750680e-02
 -1.26760624e-02
 -1.33889953e-02
 -1.40032431e-02
 -1.45136825e-02
 -1.49208416e-02
 -1.52304096e-02
 -1.54522021e-02
 -1.55987498e-02
 -1.56837666e-02
 -1.57209709e-02
 -1.57239781e-02
 -1.57074514e-02
 -1.56876302e-02
 -1.56790051e-02
 -1.62693687e-13
 -5.34003819e-05
 -2.13091683e-04
 -4.77575321e-04
 -8.44452339e-04
 -1.31055484e-03
 -1.87209190e-03
 -2.52476535e-03
 -3.26379633e-03
 -4.08380077e-03
 -4.97846877e-03
 -5.94004545e-03
 -6.95867588e-03
 -8.02174998e-03
 -9.11344038e-03
 -1.02146402e-02
 -1.13034614e-02
 -1.23563462e-02
 -1.33497033e-02
 -1.42618418e-02
 -1.50748882e-02
 -1.57763605e-02
 -1.63601480e-02
 -1.68267791e-02
 -1.71830279e-02
 -1.74410603e-02
 -1.76173874e-02
 -1.77317366e-02
 -1.78053549e-02
 -1.78574925e-02
 -1.78996329e-02
 -1.79311877e-02
 -1.79434317e-02
 -4.41659335e-12
 -5.87350786e-05
 -2.34380363e-04
 -5.25294768e-04
 -9.28866980e-04
 -1.44168024e-03
 -2.05969619e-03
 -2.77840285e-03
 -3.59285549e-03
 -4.49753515e-03
 -5.48596975e-03
 -6.55011318e-03
 -7.67955441e-03
 -8.86071648e-03
 -1.00762731e-02
 -1.13050284e-02
 -1.25224524e-02
 -1.37019366e-02
 -1.48166692e-02
 -1.58418693e-02
 -1.67570113e-02
 -1.75476641e-02
 -1.82066424e-02
 -1.87343210e-02
 -1.91381184e-02
 -1.94312650e-02
 -1.96309636e-02
 -1.97560136e-02
 -1.98242645e-02
 -1.98512064e-02
 -1.98513130e-02
 -1.98406286e-02
 -1.98347589e-02
 -5.26970551e-13
 -6.38313687e-05
 -2.54717786e-04
 -5.70883420e-04
 -1.00951912e-03
 -1.56698307e-03
 -2.23902503e-03
 -3.02096934e-03
 -3.90777175e-03
 -4.89386126e-03
 -5.97270094e-03
 -7.13605987e-03
 -8.37307849e-03
 -9.66931137e-03
 -1.10060125e-02
 -1.23599503e-02
 -1.37039772e-02
 -1.50084326e-02
 -1.62432639e-02
 -1.73805656e-02
 -1.83971190e-02
 -1.92764944e-02
 -2.00103636e-02
 -2.05988302e-02
 -2.10497668e-02
 -2.13773204e-02
 -2.15999212e-02
 -2.17383240e-02
 -2.18142079e-02
 -2.18490878e-02
 -2.18621099e-02
 -2.18664044e-02
 -2.18675090e-02
 4.43764456e-13
 -6.85881471e-05
 -2.73700511e-04
 -6.13436537e-04
 -1.08480663e-03
 -1.68396921e-03
 -2.40649662e-03
 -3.24759411e-03
 -4.20217431e-03
 -5.26468359e-03
 -6.42860281e-03
 -7.68561098e-03
 -9.02450297e-03
 -1.04300704e-02
 -1.18822495e-02
 -1.33558667e-02
 -1.48212423e-02
 -1.62457411e-02
 -1.75961392e-02
 -1.88414656e-02
 -1.99558501e-02
 -2.09208879e-02
 -2.17271238e-02
 -2.23744389e-02
 -2.28713444e-02
 -2.32333908e-02
 -2.34810358e-02
 -2.36372926e-02
 -2.37253289e-02
 -2.37663217e-02
 -2.37784634e-02
 -2.37773774e-02
 -2.37753488e-02
 4.64054581e-13
 -7.29172977e-05
 -2.90976736e-04
 -6.52165089e-04
 -1.15333139e-03
 -1.79045966e-03
 -2.55897531e-03
 -3.45400045e-03
 -4.47044702e-03
 -5.60283053e-03
 -6.84471417e-03
 -8.18776656e-03
 -9.62053241e-03
 -1.11271497e-02
 -1.26863567e-02
 -1.42711665e-02
 -1.58495066e-02
 -1.73859217e-02
 -1.88441805e-02
 -2.01904029e-02
 -2.13961975e-02
 -2.24412760e-02
 -2.33151129e-02
 -2.40174117e-02
 -2.45573821e-02
 -2.49520427e-02
 -2.52239016e-02
 -2.53984038e-02
 -2.55014972e-02
 -2.55573875e-02
 -2.55859767e-02
 -2.55999933e-02
 -2.56044136e-02
 5.27357240e-12
 -7.67509502e-05
 -3.06275718e-04
 -6.86461523e-04
 -1.21401581e-03
 -1.88477135e-03
 -2.69403088e-03
 -3.63685744e-03
 -4.70818850e-03
 -5.90264200e-03
 -7.21390995e-03
 -8.63371612e-03
 -1.01504436e-02
 -1.17476889e-02
 -1.34031244e-02
 -1.50881004e-02
 -1.67683298e-02
 -1.84057563e-02
 -1.99613947e-02
 -2.13987110e-02
 -2.26870070e-02
 -2.38042564e-02
 -2.47389237e-02
 -2.54905012e-02
 -2.60687529e-02
 -2.64918716e-02
 -2.67838833e-02
 -2.69716582e-02
 -2.70818456e-02
 -2.71382157e-02
 -2.71604701e-02
 -2.71650139e-02
 -2.71647534e-02
 2.52376040e-12
 -8.00476254e-05
 -3.19431618e-04
 -7.15953334e-04
 -1.26619705e-03
 -1.96586298e-03
 -2.81014555e-03
 -3.79405850e-03
 -4.91257441e-03
 -6.16043102e-03
 -7.53148235e-03
 -9.01756309e-03
 -1.06069803e-02
 -1.22829062e-02
 -1.40220878e-02
 -1.57943669e-02
 -1.75634267e-02
 -1.92888709e-02
 -2.09293005e-02
 -2.24458773e-02
 -2.38058901e-02
 -2.49857705e-02
 -2.59730468e-02
 -2.67669416e-02
 -2.73775824e-02
 -2.78240563e-02
 -2.81316826e-02
 -2.83289777e-02
 -2.84449113e-02
 -2.85067664e-02
 -2.85376535e-02
 -2.85527201e-02
 -2.85575556e-02
 1.44793418e-12
 -8.27958667e-05
 -3.30398863e-04
 -7.40537056e-04
 -1.30968655e-03
 -2.03342457e-03
 -2.90683729e-03
 -3.92488164e-03
 -5.08256065e-03
 -6.37474180e-03
 -7.79546996e-03
 -9.33674047e-03
 -1.09868715e-02
 -1.27287416e-02
 -1.45383230e-02
 -1.63840858e-02
 -1.82278185e-02
 -2.00270540e-02
 -2.17384149e-02
 -2.33211988e-02
 -2.47410430e-02
 -2.59730803e-02
 -2.70040075e-02
 -2.78327507e-02
 -2.84696373e-02
 -2.89343943e-02
 -2.92533849e-02
 -2.94563697e-02
 -2.95729247e-02
 -2.96290393e-02
 -2.96460885e-02
 -2.96436712e-02
 -2.96400797e-02
 2.08698073e-12
 -8.50159945e-05
 -3.39257957e-04
 -7.60390974e-04
 -1.34478942e-03
 -2.08790111e-03
 -2.98468187e-03
 -4.03000525e-03
 -5.21889264e-03
 -6.54636241e-03
 -8.00669032e-03
 -9.59206492e-03
 -1.12909045e-02
 -1.30859575e-02
 -1.49525907e-02
 -1.68580254e-02
 -1.87621272e-02
 -2.06205762e-02
 -2.23886278e-02
 -2.40242139e-02
 -2.54917227e-02
 -2.67652740e-02
 -2.78308401e-02
 -2.86871037e-02
 -2.93444964e-02
 -2.98230842e-02
 -3.01499224e-02
 -3.03562311e-02
 -3.04750927e-02
 -3.05394176e-02
 -3.05771005e-02
 -3.06020497e-02
 -3.06118787e-02
 2.84268528e-13
 -8.67596027e-05
 -3.46214643e-04
 -7.75970692e-04
 -1.37228870e-03
 -2.13044899e-03
 -3.04522719e-03
 -4.11137463e-03
 -5.32391631e-03
 -6.67808814e-03
 -8.16849319e-03
 -9.78745146e-03
 -1.15235703e-02
 -1.33597237e-02
 -1.52708228e-02
 -1.72230900e-02
 -1.91740319e-02
 -2.10774954e-02
 -2.28884903e-02
 -2.45639423e-02
 -2.60674169e-02
 -2.73723940e-02
 -2.84640589e-02
 -2.93410771e-02
 -3.00140749e-02
 -3.05031370e-02
 -3.08354278e-02
 -3.10416824e-02
 -3.11518175e-02
 -3.11914795e-02
 -3.11835907e-02
 -3.11560967e-02
 -3.11415661e-02
 7.79481228e-12
 -8.81109654e-05
 -3.51602435e-04
 -7.88007641e-04
 -1.39341132e-03
 -2.16282282e-03
 -3.09078433e-03
 -4.17193924e-03
 -5.40122890e-03
 -6.77425114e-03
 -8.28631362e-03
 -9.92937453e-03
 -1.16923483e-02
 -1.35588459e-02
 -1.55030345e-02
 -1.74911926e-02
 -1.94770845e-02
 -2.14120495e-02
 -2.32536677e-02
 -2.49571820e-02
 -2.64859386e-02
 -2.78135566e-02
 -2.89235234e-02
 -2.98152128e-02
 -3.04999647e-02
 -3.09972939e-02
 -3.13346928e-02
 -3.15451213e-02
 -3.16633640e-02
 -3.17240617e-02
 -3.17573682e-02
 -3.17793007e-02
 -3.17881696e-02
 9.28793571e-13
 -8.91960063e-05
 -3.55917515e-04
 -7.97561652e-04
 -1.40982264e-03
 -2.18716786e-03
 -3.12401809e-03
 -4.21531762e-03
 -5.45529473e-03
 -6.84000269e-03
 -8.36716169e-03
 -1.00261998e-02
 -1.18066712e-02
 -1.36949278e-02
 -1.56617977e-02
 -1.76776750e-02
 -1.96892122e-02
 -2.16422716e-02
 -2.35050024e-02
 -2.52262154e-02
 -2.67707398e-02
 -2.81145640e-02
 -2.92356487e-02
 -3.01364111e-02
 -3.08304266e-02
 -3.13345039e-02
 -3.16751899e-02
 -3.18877862e-02
 -3.20070745e-02
 -3.20640892e-02
 -3.20849075e-02
 -3.20888381e-02
 -3.20885410e-02
 2.53490550e-13
 -9.02079594e-05
 -3.59908835e-04
 -8.06182665e-04
 -1.42372152e-03
 -2.20569757e-03
 -3.14715340e-03
 -4.24548786e-03
 -5.49128835e-03
 -6.88027524e-03
 -8.41920903e-03
 -1.00875037e-02
 -1.18765622e-02
 -1.37817623e-02
 -1.57605176e-02
 -1.77994183e-02
 -1.98312153e-02
 -2.17870704e-02
 -2.36666689e-02
 -2.53962544e-02
 -2.69477951e-02
 -2.83054571e-02
 -2.94303121e-02
 -3.03346032e-02
 -3.10374668e-02
 -3.15482487e-02
 -3.18885186e-02
 -3.21007719e-02
 -3.22197015e-02
 -3.22689528e-02
 -3.22721834e-02
 -3.22563225e-02
 -3.22472335e-02
 2.38558302e-12
 -9.14069531e-05
 -3.64589330e-04
 -8.15942552e-04
 -1.43792326e-03
 -2.22041381e-03
 -3.16075959e-03
 -4.26654861e-03
 -5.51532533e-03
 -6.89859148e-03
 -8.45146739e-03
 -1.01233486e-02
 -1.19112427e-02
 -1.38347393e-02
 -1.58120684e-02
 -1.78728366e-02
 -1.99250560e-02
 -2.18636632e-02
 -2.37644298e-02
 -2.54928542e-02
 -2.70427305e-02
 -2.84179778e-02
 -2.95376948e-02
 -3.04399670e-02
 -3.11534719e-02
 -3.16744711e-02
 -3.20068119e-02
 -3.22167219e-02
 -3.23467312e-02
 -3.24104905e-02
 -3.24316850e-02
 -3.24349637e-02
 -3.24346047e-02
 -2.65224105e-12
 -9.29966511e-05
 -3.70780891e-04
 -8.28501063e-04
 -1.45504519e-03
 -2.23326325e-03
 -3.16317695e-03
 -4.28234278e-03
 -5.53421691e-03
 -6.89705458e-03
 -8.47293728e-03
 -1.01431900e-02
 -1.19188926e-02
 -1.38689640e-02
 -1.58287043e-02
 -1.79122824e-02
 -1.99907401e-02
 -2.18874607e-02
 -2.38228703e-02
 -2.55396033e-02
 -2.70793835e-02
 -2.84820396e-02
 -2.95854853e-02
 -3.04817075e-02
 -3.12074317e-02
 -3.17482907e-02
 -3.20586649e-02
 -3.22594312e-02
 -3.24113113e-02
 -3.24936748e-02
 -3.25249470e-02
 -3.25385220e-02
 -3.25438827e-02
 4.08861897e-12
 -9.48674973e-05
 -3.78205137e-04
 -8.43068907e-04
 -1.47468651e-03
 -2.24611690e-03
 -3.15333078e-03
 -4.29546513e-03
 -5.55271461e-03
 -6.87979270e-03
 -8.49010166e-03
 -1.01542550e-02
 -1.19087436e-02
 -1.38949196e-02
 -1.58235046e-02
 -1.79296383e-02
 -2.00409203e-02
 -2.18759139e-02
 -2.38604074e-02
 -2.55565826e-02
 -2.70804703e-02
 -2.85203846e-02
 -2.95974677e-02
 -3.04876268e-02
 -3.12228837e-02
 -3.17972519e-02
 -3.20696602e-02
 -3.22522554e-02
 -3.24388907e-02
 -3.25431471e-02
 -3.25650915e-02
 -3.25607219e-02
 -3.25595931e-02
 6.16690250e-12
 -9.66021957e-05
 -3.84802581e-04
 -8.55578503e-04
 -1.49124556e-03
 -2.25818361e-03
 -3.13731322e-03
 -4.30565138e-03
 -5.56910275e-03
 -6.85809939e-03
 -8.50363637e-03
 -1.01603392e-02
 -1.18934289e-02
 -1.39142731e-02
 -1.58112358e-02
 -1.79348685e-02
 -2.00764668e-02
 -2.18523404e-02
 -2.38845044e-02
 -2.55596198e-02
 -2.70683562e-02
 -2.85437048e-02
 -2.95938892e-02
 -3.04813510e-02
 -3.12199549e-02
 -3.18317836e-02
 -3.20632837e-02
 -3.22249738e-02
 -3.24492501e-02
 -3.25776279e-02
 -3.25867590e-02
 -3.25480909e-02
 -3.25311401e-02
 0.00000000e+00
 -9.75278470e-05
 -3.87472940e-04
 -8.60650589e-04
 -1.49770112e-03
 -2.26362063e-03
 -3.12920833e-03
 -4.30974578e-03
 -5.57601792e-03
 -6.84814648e-03
 -8.50912537e-03
 -1.01623786e-02
 -1.18863122e-02
 -1.39218714e-02
 -1.58052743e-02
 -1.79356006e-02
 -2.00898812e-02
 -2.18408832e-02
 -2.38933375e-02
 -2.55593506e-02
 -2.70617674e-02
 -2.85520845e-02
 -2.95905539e-02
 -3.04777041e-02
 -3.12163346e-02
 -3.18453807e-02
 -3.20585840e-02
 -3.22106802e-02
 -3.24520840e-02
 -3.25922099e-02
 -3.25984481e-02
 -3.25439941e-02
 -3.25140000e-02
