 0.00000000e+00
 -9.75278414e-05
 -3.87472937e-04
 -8.60650592e-04
 -1.49770111e-03
 -2.26362062e-03
 -3.12920830e-03
 -4.30974577e-03
 -5.57601793e-03
 -6.84814647e-03
 -8.50912536e-03
 -1.01623786e-02
 -1.18863122e-02
 -1.39218713e-02
 -1.58052743e-02
 -1.79356006e-02
 -2.00898812e-02
 -2.18408832e-02
 -2.38933375e-02
 -2.55593506e-02
 -2.70617674e-02
 -2.85520845e-02
 -2.95905539e-02
 -3.04777041e-02
 -3.12163346e-02
 -3.18453807e-02
 -3.20585840e-02
 -3.22106802e-02
 -3.24520840e-02
 -3.25922099e-02
 -3.25984481e-02
 -3.25439941e-02
 -3.25140000e-02
 2.79780954e-12
 -9.66077453e-05
 -3.84824681e-04
 -8.55622833e-04
 -1.49129945e-03
 -2.25819120e-03
 -3.13713852e-03
 -4.30503129e-03
 -5.56760385e-03
 -6.85509028e-03
 -8.49825949e-03
 -1.01515412e-02
 -1.18800148e-02
 -1.38950200e-02
 -1.57848996e-02
 -1.79003969e-02
 -2.00333192e-02
 -2.18002840e-02
 -2.38239261e-02
 -2.54914709e-02
 -2.69941722e-02
 -2.84654909e-02
 -2.95140366e-02
 -3.04024675e-02
 -3.11447911e-02
 -3.17628122e-02
 -3.20028878e-02
 -3.21749877e-02
 -3.24105053e-02
 -3.25493039e-02
 -3.25656683e-02
 -3.25291221e-02
 -3.25112825e-02
 2.73180921e-12
 -9.48910832e-05
 -3.78295753e-04
 -8.43251140e-04
 -1.47491171e-03
 -2.24616644e-03
 -3.15266914e-03
 -4.29305976e-03
 -5.54686402e-03
 -6.86800987e-03
 -8.46902479e-03
 -1.01197499e-02
 -1.18561276e-02
 -1.38193681e-02
 -1.57201872e-02
 -1.77945106e-02
 -1.98717845e-02
 -2.16719750e-02
 -2.36232019e-02
 -2.52899135e-02
 -2.67904018e-02
 -2.82148582e-02
 -2.92859145e-02
 -3.01803748e-02
 -3.09306861e-02
 -3.15300484e-02
 -3.18367650e-02
 -3.20609089e-02
 -3.22924918e-02
 -3.24387214e-02
 -3.24910288e-02
 -3.25003309e-02
 -3.25017253e-02
 -1.59137647e-11
 -9.30544666e-05
 -3.71005040e-04
 -8.28956345e-04
 -1.45563521e-03
 -2.23351585e-03
 -3.16192301e-03
 -4.27732926e-03
 -5.52172915e-03
 -6.87164552e-03
 -8.42728017e-03
 -1.00682714e-02
 -1.18045161e-02
 -1.37045575e-02
 -1.56038984e-02
 -1.76184937e-02
 -1.96230387e-02
 -2.14444248e-02
 -2.33079700e-02
 -2.49613400e-02
 -2.64511361e-02
 -2.78213407e-02
 -2.89130794e-02
 -2.98203443e-02
 -3.05805521e-02
 -3.11780677e-02
 -3.15653543e-02
 -3.18589131e-02
 -3.21117231e-02
 -3.22907922e-02
 -3.23989970e-02
 -3.24591917e-02
 -3.24796813e-02
 1.30752831e-12
 -9.15333803e-05
 -3.65082511e-04
 -8.16961147e-04
 -1.43934351e-03
 -2.22145657e-03
 -3.15944281e-03
 -4.25903226e-03
 -5.49526828e-03
 -6.85667724e-03
 -8.37520967e-03
 -9.99740055e-03
 -1.17182574e-02
 -1.35566834e-02
 -1.54315948e-02
 -1.73757384e-02
 -1.93028907e-02
 -2.11145241e-02
 -2.28945785e-02
 -2.45171811e-02
 -2.59843890e-02
 -2.73072322e-02
 -2.84102418e-02
 -2.93348750e-02
 -3.01107585e-02
 -3.07323451e-02
 -3.11995105e-02
 -3.15710663e-02
 -3.18778396e-02
 -3.21165158e-02
 -3.22885843e-02
 -3.23948858e-02
 -3.24311621e-02
 2.48936826e-12
 -9.04803423e-05
 -3.60975294e-04
 -8.08426921e-04
 -1.42708241e-03
 -2.20910496e-03
 -3.14771360e-03
 -4.23751599e-03
 -5.46536190e-03
 -6.82253574e-03
 -8.31112733e-03
 -9.90634752e-03
 -1.15966684e-02
 -1.33764891e-02
 -1.52046404e-02
 -1.70724879e-02
 -1.89209678e-02
 -2.06913963e-02
 -2.23955102e-02
 -2.39723228e-02
 -2.54059871e-02
 -2.66911592e-02
 -2.77968509e-02
 -2.87400897e-02
 -2.95411170e-02
 -3.02064080e-02
 -3.07505788e-02
 -3.12042537e-02
 -3.15851123e-02
 -3.18947509e-02
 -3.21284099e-02
 -3.22764884e-02
 -3.23276485e-02
 -3.28070003e-13
 -8.97721158e-05
 -3.58177980e-04
 -8.02387963e-04
 -1.41742939e-03
 -2.19631928e-03
 -3.13091726e-03
 -4.21230121e-03
 -5.42957009e-03
 -6.77273235e-03
 -8.23320547e-03
 -9.79479071e-03
 -1.14431596e-02
 -1.31634946e-02
 -1.49289484e-02
 -1.67165497e-02
 -1.84838617e-02
 -2.01907871e-02
 -2.18217976e-02
 -2.33428818e-02
 -2.47352040e-02
 -2.59887393e-02
 -2.70918831e-02
 -2.80530468e-02
 -2.88866681e-02
 -2.96047441e-02
 -3.02226168e-02
 -3.07568208e-02
 -3.12150447e-02
 -3.15938078e-02
 -3.18811140e-02
 -3.20613537e-02
 -3.21227410e-02
 1.28479665e-12
 -8.92760423e-05
 -3.56176662e-04
 -7.97860242e-04
 -1.40943073e-03
 -2.18388629e-03
 -3.11233050e-03
 -4.18431946e-03
 -5.38814107e-03
 -6.71164014e-03
 -8.14213082e-03
 -9.66452059e-03
 -1.12629581e-02
 -1.29198378e-02
 -1.46126918e-02
 -1.63164616e-02
 -1.79987621e-02
 -1.96288982e-02
 -2.11851337e-02
 -2.26442812e-02
 -2.39900646e-02
 -2.52133672e-02
 -2.63102568e-02
 -2.72868119e-02
 -2.81542885e-02
 -2.89245283e-02
 -2.96088080e-02
 -3.02142082e-02
 -3.07393588e-02
 -3.11743313e-02
 -3.15040893e-02
 -3.17120682e-02
 -3.17835333e-02
 -1.11555337e-12
 -8.89699442e-05
 -3.54896119e-04
 -7.94769754e-04
 -1.40341485e-03
 -2.17336226e-03
 -3.09488173e-03
 -4.15624103e-03
 -5.34415205e-03
 -6.64431427e-03
 -8.04163989e-03
 -9.52004040e-03
 -1.10626074e-02
 -1.26511170e-02
 -1.42650029e-02
 -1.58812878e-02
 -1.74743431e-02
 -1.90197762e-02
 -2.04974409e-02
 -2.18899185e-02
 -2.31847633e-02
 -2.43754537e-02
 -2.54612481e-02
 -2.64474731e-02
 -2.73428961e-02
 -2.81563810e-02
 -2.88939734e-02
 -2.95557137e-02
 -3.01333687e-02
 -3.06106672e-02
 -3.09671408e-02
 -3.11858019e-02
 -3.12590651e-02
 -9.71788244e-12
 -8.89350766e-05
 -3.54658214e-04
 -7.93848858e-04
 -1.40077454e-03
 -2.16713542e-03
 -3.08205090e-03
 -4.13228428e-03
 -5.30271759e-03
 -6.57697108e-03
 -7.93795125e-03
 -9.36818926e-03
 -1.08500105e-02
 -1.23653632e-02
 -1.38954090e-02
 -1.54203540e-02
 -1.69198804e-02
 -1.83749484e-02
 -1.97693848e-02
 -2.10902950e-02
 -2.23289713e-02
 -2.34814749e-02
 -2.45484982e-02
 -2.55345005e-02
 -2.64455539e-02
 -2.72865454e-02
 -2.80584407e-02
 -2.87561900e-02
 -2.93683372e-02
 -2.98788075e-02
 -3.02689255e-02
 -3.05174646e-02
 -3.06034921e-02
 2.81624500e-14
 -8.93286470e-05
 -3.56055711e-04
 -7.96338018e-04
 -1.40358278e-03
 -2.16828531e-03
 -3.07801710e-03
 -4.11768684e-03
 -5.27010675e-03
 -6.51677779e-03
 -7.83871656e-03
 -9.21714021e-03
 -1.06338902e-02
 -1.20715319e-02
 -1.35132178e-02
 -1.49425853e-02
 -1.63440246e-02
 -1.77034779e-02
 -1.90092743e-02
 -2.02526530e-02
 -2.14282091e-02
 -2.25340532e-02
 -2.35713888e-02
 -2.45433384e-02
 -2.54529951e-02
 -2.63011240e-02
 -2.70841330e-02
 -2.77927822e-02
 -2.84116869e-02
 -2.89199557e-02
 -2.92952645e-02
 -2.95223536e-02
 -2.95976978e-02
 -2.76078551e-12
 -9.02910399e-05
 -3.59656290e-04
 -8.03509215e-04
 -1.41403310e-03
 -2.18005725e-03
 -3.08712019e-03
 -4.11784802e-03
 -5.25268270e-03
 -6.47088268e-03
 -7.75161996e-03
 -9.07496069e-03
 -1.04225532e-02
 -1.17779403e-02
 -1.31265475e-02
 -1.44555346e-02
 -1.57537440e-02
 -1.70118600e-02
 -1.82226531e-02
 -1.93811674e-02
 -2.04848005e-02
 -2.15331293e-02
 -2.25272819e-02
 -2.34687414e-02
 -2.43576562e-02
 -2.51910123e-02
 -2.59612957e-02
 -2.66565228e-02
 -2.72622827e-02
 -2.77644819e-02
 -2.81486538e-02
 -2.83951830e-02
 -2.84810824e-02
 7.88165969e-14
 -9.19626805e-05
 -3.66006516e-04
 -8.16532248e-04
 -1.43406433e-03
 -2.20523167e-03
 -3.11299127e-03
 -4.13720089e-03
 -5.25557860e-03
 -6.44496665e-03
 -7.68270744e-03
 -8.94789118e-03
 -1.02222639e-02
 -1.14906779e-02
 -1.27410977e-02
 -1.39643011e-02
 -1.51534721e-02
 -1.63038343e-02
 -1.74123630e-02
 -1.84775436e-02
 -1.94991076e-02
 -2.04776253e-02
 -2.14138207e-02
 -2.23075554e-02
 -2.31565768e-02
 -2.39552608e-02
 -2.46935492e-02
 -2.53561605e-02
 -2.59225439e-02
 -2.63697503e-02
 -2.66811682e-02
 -2.68571583e-02
 -2.69126824e-02
 2.33771956e-12
 -9.44604109e-05
 -3.75510731e-04
 -8.36164995e-04
 -1.46480725e-03
 -2.24532097e-03
 -3.15750806e-03
 -4.17793885e-03
 -5.28123022e-03
 -6.44162255e-03
 -7.63464002e-03
 -8.83857577e-03
 -1.00355631e-02
 -1.12120844e-02
 -1.23589024e-02
 -1.34705324e-02
 -1.45444524e-02
 -1.55802481e-02
 -1.65788288e-02
 -1.75417667e-02
 -1.84707366e-02
 -1.93669745e-02
 -2.02306623e-02
 -2.10602222e-02
 -2.18516465e-02
 -2.25981618e-02
 -2.32906217e-02
 -2.39188357e-02
 -2.44731059e-02
 -2.49434927e-02
 -2.53143915e-02
 -2.55588295e-02
 -2.56452482e-02
 -1.02655280e-12
 -9.76971622e-05
 -3.87916219e-04
 -8.62039850e-04
 -1.50580845e-03
 -2.29971163e-03
 -3.21978134e-03
 -4.23881783e-03
 -5.32801868e-03
 -6.45888388e-03
 -7.60516247e-03
 -8.74454843e-03
 -9.85985765e-03
 -1.09395167e-02
 -1.19773378e-02
 -1.29716984e-02
 -1.39243433e-02
 -1.48390588e-02
 -1.57204279e-02
 -1.65727959e-02
 -1.73994813e-02
 -1.82021861e-02
 -1.89805317e-02
 -1.97316730e-02
 -2.04500108e-02
 -2.11270793e-02
 -2.17516673e-02
 -2.23101734e-02
 -2.27872955e-02
 -2.31677366e-02
 -2.34399453e-02
 -2.36004302e-02
 -2.36529226e-02
 -2.91968513e-14
 -1.01654987e-04
 -4.03006706e-04
 -8.93341708e-04
 -1.55524753e-03
 -2.36535215e-03
 -3.29548347e-03
 -4.31429686e-03
 -5.38931999e-03
 -6.48923545e-03
 -7.58611784e-03
 -8.65730198e-03
 -9.68659869e-03
 -1.06646851e-02
 -1.15886500e-02
 -1.24608312e-02
 -1.32871948e-02
 -1.40755566e-02
 -1.48339206e-02
 -1.55691304e-02
 -1.62859198e-02
 -1.69863532e-02
 -1.76695789e-02
 -1.83318056e-02
 -1.89664289e-02
 -1.95642471e-02
 -2.01137256e-02
 -2.06014330e-02
 -2.10132093e-02
 -2.13368494e-02
 -2.15657114e-02
 -2.17001418e-02
 -2.17442059e-02
 -1.62925887e-12
 -1.05943970e-04
 -4.19346639e-04
 -9.27182926e-04
 -1.60855985e-03
 -2.43585479e-03
 -3.37632115e-03
 -4.39420301e-03
 -5.45325404e-03
 -6.51941226e-03
 -7.56330220e-03
 -8.56221968e-03
 -9.50131261e-03
 -1.03737975e-02
 -1.11802158e-02
 -1.19268972e-02
 -1.26239185e-02
 -1.32829056e-02
 -1.39150086e-02
 -1.45293016e-02
 -1.51317394e-02
 -1.57246844e-02
 -1.63069231e-02
 -1.68740549e-02
 -1.74191529e-02
 -1.79336665e-02
 -1.84086080e-02
 -1.88359306e-02
 -1.92093312e-02
 -1.95228539e-02
 -1.97668361e-02
 -1.99252566e-02
 -1.99806705e-02
 -1.27505591e-12
 -1.10058420e-04
 -4.35061678e-04
 -9.59744009e-04
 -1.65960376e-03
 -2.50249110e-03
 -3.45085279e-03
 -4.46445701e-03
 -5.50340570e-03
 -6.53117280e-03
 -7.51731857e-03
 -8.43951776e-03
 -9.28462420e-03
 -1.00486430e-02
 -1.07356548e-02
 -1.13558980e-02
 -1.19233347e-02
 -1.24530859e-02
 -1.29591097e-02
 -1.34524138e-02
 -1.39399708e-02
 -1.44243605e-02
 -1.49040454e-02
 -1.53741059e-02
 -1.58272282e-02
 -1.62547181e-02
 -1.66472832e-02
 -1.69953541e-02
 -1.72891271e-02
 -1.75194381e-02
 -1.76806141e-02
 -1.77734276e-02
 -1.78033034e-02
 -6.57899430e-15
 -1.13764152e-04
 -4.48977152e-04
 -9.87860435e-04
 -1.70224111e-03
 -2.55559885e-03
 -3.50580712e-03
 -4.50843601e-03
 -5.52031323e-03
 -6.50294142e-03
 -7.42536665e-03
 -8.26615278e-03
 -9.01423433e-03
 -9.66857894e-03
 -1.02367583e-02
 -1.07326726e-02
 -1.11737810e-02
 -1.15782478e-02
 -1.19624015e-02
 -1.23388273e-02
 -1.27152810e-02
 -1.30944544e-02
 -1.34744814e-02
 -1.38499644e-02
 -1.42132464e-02
 -1.45556462e-02
 -1.48684613e-02
 -1.51437646e-02
 -1.53752090e-02
 -1.55587034e-02
 -1.56920914e-02
 -1.57736195e-02
 -1.58011638e-02
 -4.09772806e-13
 -1.16363272e-04
 -4.58582948e-04
 -1.00658499e-03
 -1.72868781e-03
 -2.58418825e-03
 -3.52676160e-03
 -4.50838159e-03
 -5.48335975e-03
 -6.41204242e-03
 -7.26372622e-03
 -8.01846820e-03
 -8.66763610e-03
 -9.21321665e-03
 -9.66604484e-03
 -1.00432309e-02
 -1.03651469e-02
 -1.06523842e-02
 -1.09230860e-02
 -1.11909871e-02
 -1.14643581e-02
 -1.17458891e-02
 -1.20333856e-02
 -1.23210413e-02
 -1.26010003e-02
 -1.28649297e-02
 -1.31053586e-02
 -1.33165379e-02
 -1.34945538e-02
 -1.36366406e-02
 -1.37403375e-02
 -1.38034517e-02
 -1.38246237e-02
 -4.38875802e-13
 -1.17446063e-04
 -4.62171115e-04
 -1.01197378e-03
 -1.73199923e-03
 -2.57789597e-03
 -3.49988786e-03
 -4.44729766e-03
 -5.37300070e-03
 -6.23727824e-03
 -7.01062394e-03
 -7.67524645e-03
 -8.22522862e-03
 -8.66546773e-03
 -9.00961829e-03
 -9.27732307e-03
 -9.49107735e-03
 -9.67311812e-03
 -9.84273168e-03
 -1.00143079e-02
 -1.01963424e-02
 -1.03914203e-02
 -1.05970457e-02
 -1.08070640e-02
 -1.10133741e-02
 -1.12076444e-02
 -1.13827598e-02
 -1.15337209e-02
 -1.16578135e-02
 -1.17541597e-02
 -1.18229184e-02
 -1.18643343e-02
 -1.18782115e-02
 -1.84319912e-13
 -1.16644807e-04
 -4.58223229e-04
 -1.00055185e-03
 -1.70609850e-03
 -2.52771681e-03
 -3.41328857e-03
 -4.31077858e-03
 -5.17301897e-03
 -5.96155815e-03
 -6.64915276e-03
 -7.22079880e-03
 -7.67343412e-03
 -8.01454545e-03
 -8.25993012e-03
 -8.43086942e-03
 -8.55101173e-03
 -8.64332252e-03
 -8.72747042e-03
 -8.81796105e-03
 -8.92321813e-03
 -9.04564888e-03
 -9.18255100e-03
 -9.32758575e-03
 -9.47249154e-03
 -9.60875515e-03
 -9.72906604e-03
 -9.82845870e-03
 -9.90494148e-03
 -9.95926382e-03
 -9.99395957e-03
 -1.00124608e-02
 -1.00181289e-02
 2.59148350e-14
 -1.13443013e-04
 -4.44928372e-04
 -9.68879229e-04
 -1.64579326e-03
 -2.42662863e-03
 -3.25818474e-03
 -4.08867175e-03
 -4.87260218e-03
 -5.57432696e-03
 -6.16994961e-03
 -6.64775032e-03
 -7.00743591e-03
 -7.25851705e-03
 -7.41804135e-03
 -7.50786894e-03
 -7.55171416e-03
 -7.57227738e-03
 -7.58880874e-03
 -7.61537798e-03
 -7.66004828e-03
 -7.72500603e-03
 -7.80750632e-03
 -7.90134961e-03
 -7.99854202e-03
 -8.09082182e-03
 -8.17086903e-03
 -8.23328143e-03
 -8.27567265e-03
 -8.29982851e-03
 -8.31133446e-03
 -8.31624646e-03
 -8.31768757e-03
 3.13021652e-14
 -1.07793917e-04
 -4.21938531e-04
 -9.15841274e-04
 -1.54882201e-03
 -2.27118470e-03
 -3.03030823e-03
 -3.77658994e-03
 -4.46813847e-03
 -5.07363235e-03
 -5.57340901e-03
 -5.95923458e-03
 -6.23320474e-03
 -6.40605461e-03
 -6.49503791e-03
 -6.52146460e-03
 -6.50800836e-03
 -6.47611608e-03
 -6.44384365e-03
 -6.42430301e-03
 -6.42492899e-03
 -6.44765440e-03
 -6.48985983e-03
 -6.54583054e-03
 -6.60839031e-03
 -6.67039226e-03
 -6.72578670e-03
 -6.77000048e-03
 -6.79957610e-03
 -6.81209332e-03
 -6.80854914e-03
 -6.79718528e-03
 -6.79113946e-03
 1.01439130e-13
 -9.96951141e-05
 -3.89235533e-04
 -8.41353100e-04
 -1.41501760e-03
 -2.06137052e-03
 -2.73041466e-03
 -3.37696204e-03
 -3.96465017e-03
 -4.46773953e-03
 -4.87126123e-03
 -5.17025653e-03
 -5.36853915e-03
 -5.47711472e-03
 -5.51235778e-03
 -5.49396249e-03
 -5.44255347e-03
 -5.37742832e-03
 -5.31477077e-03
 -5.26628880e-03
 -5.23855749e-03
 -5.23322131e-03
 -5.24789923e-03
 -5.27756405e-03
 -5.31610968e-03
 -5.35784123e-03
 -5.39874526e-03
 -5.43747618e-03
 -5.47569092e-03
 -5.51640465e-03
 -5.55904722e-03
 -5.59453504e-03
 -5.60872404e-03
 4.37883718e-14
 -8.92100029e-05
 -3.47087734e-04
 -7.46164314e-04
 -1.24614630e-03
 -1.80076516e-03
 -2.36490623e-03
 -2.90005442e-03
 -3.37698901e-03
 -3.77621515e-03
 -4.08731787e-03
 -4.30798757e-03
 -4.44290309e-03
 -4.50238453e-03
 -4.50092996e-03
 -4.45576147e-03
 -4.38465771e-03
 -4.30403866e-03
 -4.22770735e-03
 -4.16563865e-03
 -4.12336932e-03
 -4.10222875e-03
 -4.10013630e-03
 -4.11281600e-03
 -4.13517028e-03
 -4.16250630e-03
 -4.19139008e-03
 -4.21999826e-03
 -4.24794690e-03
 -4.27556904e-03
 -4.30226061e-03
 -4.32382846e-03
 -4.33249289e-03
 -4.46403952e-15
 -7.64878399e-05
 -2.96291398e-04
 -6.32503792e-04
 -1.04682180e-03
 -1.49757605e-03
 -1.94697848e-03
 -2.36511276e-03
 -2.73068319e-03
 -3.03020802e-03
 -3.25708288e-03
 -3.41076032e-03
 -3.49593208e-03
 -3.52146924e-03
 -3.49919018e-03
 -3.44332132e-03
 -3.36828990e-03
 -3.28713441e-03
 -3.21099726e-03
 -3.14793152e-03
 -3.10232196e-03
 -3.07518281e-03
 -3.06477841e-03
 -3.06760880e-03
 -3.07952317e-03
 -3.09659684e-03
 -3.11545725e-03
 -3.13274178e-03
 -3.14384182e-03
 -3.14260994e-03
 -3.12562861e-03
 -3.10106913e-03
 -3.08894729e-03
 9.16561995e-14
 -6.21325573e-05
 -2.39048370e-04
 -5.04991260e-04
 -8.25343421e-04
 -1.16566919e-03
 -1.49777792e-03
 -1.80114794e-03
 -2.06188506e-03
 -2.27142106e-03
 -2.42588523e-03
 -2.52562088e-03
 -2.57463942e-03
 -2.57996563e-03
 -2.55020329e-03
 -2.49644477e-03
 -2.42957397e-03
 -2.35903068e-03
 -2.29326825e-03
 -2.23836865e-03
 -2.19752743e-03
 -2.17147839e-03
 -2.15886765e-03
 -2.15699436e-03
 -2.16267359e-03
 -2.17287516e-03
 -2.18503277e-03
 -2.19696274e-03
 -2.20689946e-03
 -2.21437947e-03
 -2.22119059e-03
 -2.22849507e-03
 -2.23220064e-03
 8.03769903e-14
 -4.68237779e-05
 -1.78039353e-04
 -3.69884885e-04
 -5.93867715e-04
 -8.25523034e-04
 -1.04713473e-03
 -1.24655012e-03
 -1.41563575e-03
 -1.54929529e-03
 -1.64538168e-03
 -1.70451945e-03
 -1.72957837e-03
 -1.72574244e-03
 -1.69825161e-03
 -1.65522925e-03
 -1.60411103e-03
 -1.55090030e-03
 -1.50153710e-03
 -1.46020954e-03
 -1.42898518e-03
 -1.40837383e-03
 -1.39741711e-03
 -1.39420941e-03
 -1.39653328e-03
 -1.40229407e-03
 -1.40994160e-03
 -1.41885276e-03
 -1.42992199e-03
 -1.44513483e-03
 -1.46412422e-03
 -1.48078519e-03
 -1.48734577e-03
 1.26815890e-13
 -3.13330624e-05
 -1.16623527e-04
 -2.35922175e-04
 -3.69958223e-04
 -5.05246501e-04
 -6.32803656e-04
 -7.46437609e-04
 -8.41886732e-04
 -9.16350613e-04
 -9.68695408e-04
 -9.99523188e-04
 -1.01040936e-03
 -1.00489018e-03
 -9.85299405e-04
 -9.57038168e-04
 -9.24463959e-04
 -8.90748966e-04
 -8.59599275e-04
 -8.33515054e-04
 -8.13617383e-04
 -8.00240600e-04
 -7.92796892e-04
 -7.90118321e-04
 -7.90877494e-04
 -7.93808322e-04
 -7.98099047e-04
 -8.03746734e-04
 -8.11994880e-04
 -8.24616122e-04
 -8.41142160e-04
 -8.56556991e-04
 -8.63083195e-04
 -5.80888946e-14
 -1.68424959e-05
 -5.99872643e-05
 -1.16595403e-04
 -1.78086434e-04
 -2.39249374e-04
 -2.96481278e-04
 -3.47196996e-04
 -3.89552841e-04
 -4.22283740e-04
 -4.44863141e-04
 -4.57711040e-04
 -4.61382306e-04
 -4.57859583e-04
 -4.47699165e-04
 -4.33780637e-04
 -4.18059631e-04
 -4.01801337e-04
 -3.86831840e-04
 -3.74310653e-04
 -3.64696941e-04
 -3.58171832e-04
 -3.54454317e-04
 -3.52987504e-04
 -3.53159985e-04
 -3.54366267e-04
 -3.56256079e-04
 -3.58894318e-04
 -3.62986814e-04
 -3.69579407e-04
 -3.78827197e-04
 -3.88139612e-04
 -3.92173387e-04
 3.80879407e-13
 -5.17279147e-06
 -1.68321820e-05
 -3.13122025e-05
 -4.68357075e-05
 -6.22040356e-05
 -7.65466175e-05
 -8.92293003e-05
 -9.97895814e-05
 -1.07904454e-04
 -1.13428411e-04
 -1.16507844e-04
 -1.17229357e-04
 -1.16194959e-04
 -1.13416846e-04
 -1.09727415e-04
 -1.05608986e-04
 -1.01344744e-04
 -9.74281225e-05
 -9.41564080e-05
 -9.16339932e-05
 -8.99144552e-05
 -8.89235572e-05
 -8.85155012e-05
 -8.85350979e-05
 -8.88224005e-05
 -8.92894676e-05
 -8.99567636e-05
 -9.10004835e-05
 -9.26737790e-05
 -9.49744525e-05
 -9.76013134e-05
 -9.93491471e-05
 0.00000000e+00
 2.55411033e-13
 -2.11416329e-14
 7.16237873e-14
 -6.94563808e-13
 -1.65684594e-13
 4.65404731e-14
 -1.14975143e-13
 -1.44299897e-13
 -3.65028169e-15
 5.84219344e-15
 3.00742962e-13
 7.54450596e-13
 -4.78019478e-13
 -1.47332614e-13
 -2.06306191e-13
 9.42327237e-13
 3.09224793e-13
 1.49768806e-13
 -3.14460715e-13
 1.27237545e-13
 -6.61333155e-13
 7.29745463e-13
 -2.37721957e-14
 5.56523001e-14
 2.10406029e-13
 5.39952815e-14
 -9.92142051e-15
 4.71280860e-15
 4.27037220e-15
 2.28136172e-14
 0.00000000e+00
 0.00000000e+00
