 0.00000000e+00
 -4.35420583e-14
 -1.67422714e-13
 -5.39158790e-14
 -6.23942605e-14
 -6.79464093e-14
 4.86931207e-14
 4.86936893e-14
 -1.24994907e-14
 2.83851495e-13
 2.41440088e-13
 -9.00635360e-14
 -2.02737568e-13
 -9.84676381e-14
 2.68572413e-14
 1.54324493e-13
 -7.16108605e-14
 -9.24305634e-14
 7.07016610e-14
 9.09787314e-15
 -1.50947998e-14
 9.30020591e-15
 1.81977286e-14
 -1.74418728e-14
 1.12644095e-14
 -1.37073436e-14
 7.45659136e-15
 -1.09748723e-16
 -5.50042047e-15
 4.64075167e-15
 -3.09816036e-15
 -2.63937337e-15
 0.00000000e+00
 -8.32432534e-05
 -8.51362565e-05
 -8.78401562e-05
 -8.90744680e-05
 -8.92391879e-05
 -8.90620256e-05
 -8.88448956e-05
 -8.86404597e-05
 -8.85085890e-05
 -8.85712630e-05
 -8.90115063e-05
 -9.00026155e-05
 -9.16886376e-05
 -9.41236183e-05
 -9.73818172e-05
 -1.01341509e-04
 -1.05557080e-04
 -1.09802970e-04
 -1.13535942e-04
 -1.16248500e-04
 -1.17410682e-04
 -1.16601331e-04
 -1.13468740e-04
 -1.07841642e-04
 -9.96172156e-05
 -8.91233065e-05
 -7.64584480e-05
 -6.21186980e-05
 -4.68017458e-05
 -3.13086711e-05
 -1.68273024e-05
 -5.16772340e-06
 0.00000000e+00
 -3.41575228e-04
 -3.45648627e-04
 -3.52453438e-04
 -3.55864326e-04
 -3.56151239e-04
 -3.55385707e-04
 -3.54501815e-04
 -3.53652199e-04
 -3.53058632e-04
 -3.53206804e-04
 -3.54795542e-04
 -3.58508125e-04
 -3.64899799e-04
 -3.74217667e-04
 -3.86674732e-04
 -4.01761390e-04
 -4.17905523e-04
 -4.34029524e-04
 -4.48105123e-04
 -4.58103461e-04
 -4.61981691e-04
 -4.58055183e-04
 -4.44981986e-04
 -4.22042351e-04
 -3.88977517e-04
 -3.46786678e-04
 -2.96154483e-04
 -2.38973653e-04
 -1.77960967e-04
 -1.16552456e-04
 -5.99474712e-05
 -1.68206217e-05
 0.00000000e+00
 -7.92206956e-04
 -7.94237233e-04
 -7.98076056e-04
 -7.99602495e-04
 -7.98367064e-04
 -7.96350645e-04
 -7.94326876e-04
 -7.92289435e-04
 -7.90690671e-04
 -7.90611936e-04
 -7.93535730e-04
 -8.00946558e-04
 -8.14035589e-04
 -8.33411704e-04
 -8.59327523e-04
 -8.90606410e-04
 -9.24240778e-04
 -9.57443667e-04
 -9.86004869e-04
 -1.00545349e-03
 -1.01141076e-03
 -1.00015745e-03
 -9.68842475e-04
 -9.15851743e-04
 -8.40884388e-04
 -7.45605315e-04
 -6.32162790e-04
 -5.04779418e-04
 -3.69721402e-04
 -2.35805310e-04
 -1.16535749e-04
 -3.12955564e-05
 0.00000000e+00
 -1.43628338e-03
 -1.43321614e-03
 -1.42547072e-03
 -1.41714602e-03
 -1.41130176e-03
 -1.40748450e-03
 -1.40393666e-03
 -1.39995633e-03
 -1.39638459e-03
 -1.39513785e-03
 -1.39869266e-03
 -1.40953914e-03
 -1.42967730e-03
 -1.46019573e-03
 -1.50119695e-03
 -1.55060829e-03
 -1.60385391e-03
 -1.65567429e-03
 -1.69911872e-03
 -1.72660037e-03
 -1.73076567e-03
 -1.70528931e-03
 -1.64542602e-03
 -1.54850318e-03
 -1.41428928e-03
 -1.24531609e-03
 -1.04620068e-03
 -8.24920426e-04
 -5.93587357e-04
 -3.69795743e-04
 -1.78015500e-04
 -4.68181642e-05
 0.00000000e+00
 -2.22135415e-03
 -2.21408579e-03
 -2.20001089e-03
 -2.19016761e-03
 -2.18584895e-03
 -2.18261902e-03
 -2.17744814e-03
 -2.17027061e-03
 -2.16299759e-03
 -2.15865809e-03
 -2.16085859e-03
 -2.17319282e-03
 -2.19855929e-03
 -2.23853930e-03
 -2.29292007e-03
 -2.35858164e-03
 -2.42923968e-03
 -2.49674747e-03
 -2.55097942e-03
 -2.58086110e-03
 -2.57567605e-03
 -2.52620093e-03
 -2.42562766e-03
 -2.27029251e-03
 -2.06025499e-03
 -1.79960529e-03
 -1.49661650e-03
 -1.16497002e-03
 -8.25070697e-04
 -5.05002711e-04
 -2.39151302e-04
 -6.21820079e-05
 0.00000000e+00
 -3.04889214e-03
 -3.06026889e-03
 -3.08506901e-03
 -3.10686735e-03
 -3.11734478e-03
 -3.11675659e-03
 -3.10826597e-03
 -3.09524853e-03
 -3.08128277e-03
 -3.07054786e-03
 -3.06775213e-03
 -3.07756431e-03
 -3.10376021e-03
 -3.14833675e-03
 -3.21067305e-03
 -3.28651703e-03
 -3.36774424e-03
 -3.44324948e-03
 -3.49953923e-03
 -3.52196970e-03
 -3.49640057e-03
 -3.41073958e-03
 -3.25625461e-03
 -3.02861954e-03
 -2.72872750e-03
 -2.36329415e-03
 -1.94560241e-03
 -1.49672372e-03
 -1.04642363e-03
 -6.32405247e-04
 -2.96314883e-04
 -7.65083739e-05
 0.00000000e+00
 -4.21718297e-03
 -4.21936281e-03
 -4.22370194e-03
 -4.22538729e-03
 -4.22063277e-03
 -4.20831525e-03
 -4.18919984e-03
 -4.16530106e-03
 -4.13995499e-03
 -4.11782048e-03
 -4.10444281e-03
 -4.10541131e-03
 -4.12525437e-03
 -4.16626380e-03
 -4.22737321e-03
 -4.30318132e-03
 -4.38369766e-03
 -4.45503621e-03
 -4.50046568e-03
 -4.50199146e-03
 -4.44234229e-03
 -4.30693233e-03
 -4.08558142e-03
 -3.77392196e-03
 -3.37452313e-03
 -2.89784723e-03
 -2.36322370e-03
 -1.79964731e-03
 -1.24546657e-03
 -7.45758654e-04
 -3.46867624e-04
 -8.91422579e-05
 0.00000000e+00
 -5.58383549e-03
 -5.57163383e-03
 -5.54230423e-03
 -5.50887277e-03
 -5.47721260e-03
 -5.44519219e-03
 -5.40926435e-03
 -5.36863731e-03
 -5.32575101e-03
 -5.28543072e-03
 -5.25383616e-03
 -5.23727798e-03
 -5.24085868e-03
 -5.26703874e-03
 -5.31430453e-03
 -5.37617239e-03
 -5.44092584e-03
 -5.49227054e-03
 -5.51068277e-03
 -5.47534827e-03
 -5.36649232e-03
 -5.16773775e-03
 -4.86822534e-03
 -4.46438235e-03
 -3.96134548e-03
 -3.37409534e-03
 -2.72823401e-03
 -2.05993155e-03
 -1.41421101e-03
 -8.40980364e-04
 -3.89100843e-04
 -9.96658276e-05
 0.00000000e+00
 -6.88077405e-03
 -6.88338830e-03
 -6.88518893e-03
 -6.87549369e-03
 -6.84936683e-03
 -6.80797464e-03
 -6.75425934e-03
 -6.69143487e-03
 -6.62370613e-03
 -6.55675852e-03
 -6.49738665e-03
 -6.45246220e-03
 -6.42748658e-03
 -6.42498502e-03
 -6.44303156e-03
 -6.47422161e-03
 -6.50542326e-03
 -6.51848010e-03
 -6.49177898e-03
 -6.40249809e-03
 -6.22926180e-03
 -5.95484932e-03
 -5.56866220e-03
 -5.06878354e-03
 -4.46356187e-03
 -3.77264763e-03
 -3.02724322e-03
 -2.26908111e-03
 -1.54761481e-03
 -9.15331044e-04
 -4.21823592e-04
 -1.07792975e-04
 0.00000000e+00
 -8.47791042e-03
 -8.46890878e-03
 -8.44432345e-03
 -8.40738410e-03
 -8.35757315e-03
 -8.29265038e-03
 -8.21234654e-03
 -8.11917021e-03
 -8.01773333e-03
 -7.91424008e-03
 -7.81594649e-03
 -7.73012345e-03
 -7.66253052e-03
 -7.61569507e-03
 -7.58735898e-03
 -7.56944676e-03
 -7.54786187e-03
 -7.50327660e-03
 -7.41287387e-03
 -7.25283597e-03
 -7.00126341e-03
 -6.64115402e-03
 -6.16311373e-03
 -5.56756733e-03
 -4.86630739e-03
 -4.08319973e-03
 -3.25376660e-03
 -2.42332194e-03
 -1.64350516e-03
 -9.67449571e-04
 -4.44203741e-04
 -1.13239513e-04
 0.00000000e+00
 -1.01393358e-02
 -1.01317018e-02
 -1.01057209e-02
 -1.00563195e-02
 -9.98212165e-03
 -9.88529668e-03
 -9.76883745e-03
 -9.63592871e-03
 -9.49093091e-03
 -9.33999167e-03
 -9.19060446e-03
 -9.05034175e-03
 -8.92514728e-03
 -8.81753659e-03
 -8.72504157e-03
 -8.63923000e-03
 -8.54558245e-03
 -8.42438249e-03
 -8.25259091e-03
 -8.00649526e-03
 -7.66479727e-03
 -7.21174578e-03
 -6.63994834e-03
 -5.95256700e-03
 -5.16466137e-03
 -4.30345391e-03
 -3.40729489e-03
 -2.52319479e-03
 -1.70302014e-03
 -9.98746368e-04
 -4.57404573e-04
 -1.16439798e-04
 0.00000000e+00
 -1.19890097e-02
 -1.19662369e-02
 -1.19033833e-02
 -1.18112946e-02
 -1.16970738e-02
 -1.15616970e-02
 -1.14038524e-02
 -1.12240184e-02
 -1.10259843e-02
 -1.08163826e-02
 -1.06033587e-02
 -1.03949298e-02
 -1.01972231e-02
 -1.00127510e-02
 -9.83897238e-03
 -9.66743708e-03
 -9.48377673e-03
 -9.26869168e-03
 -8.99990738e-03
 -8.65489399e-03
 -8.21400512e-03
 -7.66362566e-03
 -6.99892994e-03
 -6.22591059e-03
 -5.36240718e-03
 -4.43792646e-03
 -3.49212947e-03
 -2.57201275e-03
 -1.72804121e-03
 -1.00972241e-03
 -4.61186400e-04
 -1.17205201e-04
 0.00000000e+00
 -1.36768521e-02
 -1.36669229e-02
 -1.36327300e-02
 -1.35645659e-02
 -1.34541962e-02
 -1.32988904e-02
 -1.31013252e-02
 -1.28677372e-02
 -1.26063561e-02
 -1.23264395e-02
 -1.20374248e-02
 -1.17478260e-02
 -1.14638549e-02
 -1.11879723e-02
 -1.09176714e-02
 -1.06448028e-02
 -1.03556988e-02
 -1.00322362e-02
 -9.65381357e-03
 -9.20004241e-03
 -8.65381259e-03
 -8.00431621e-03
 -7.24961451e-03
 -6.39838969e-03
 -5.47061434e-03
 -4.49698375e-03
 -3.51709773e-03
 -2.57654603e-03
 -1.72321182e-03
 -1.00321721e-03
 -4.56995225e-04
 -1.15954570e-04
 0.00000000e+00
 -1.56790051e-02
 -1.56610593e-02
 -1.56032140e-02
 -1.54971796e-02
 -1.53371527e-02
 -1.51230453e-02
 -1.48595288e-02
 -1.45540145e-02
 -1.42153686e-02
 -1.38531717e-02
 -1.34769281e-02
 -1.30949943e-02
 -1.27133087e-02
 -1.23341307e-02
 -1.19550409e-02
 -1.15684619e-02
 -1.11619110e-02
 -1.07191034e-02
 -1.02218803e-02
 -9.65277222e-03
 -8.99787394e-03
 -8.24962438e-03
 -7.40908077e-03
 -6.48733592e-03
 -5.50583899e-03
 -4.49552581e-03
 -3.49483113e-03
 -2.54681722e-03
 -1.69577345e-03
 -9.83678454e-04
 -4.46865020e-04
 -1.13184334e-04
 0.00000000e+00
 -1.79434317e-02
 -1.78964628e-02
 -1.77634996e-02
 -1.75615042e-02
 -1.73045569e-02
 -1.69994730e-02
 -1.66493034e-02
 -1.62578344e-02
 -1.58313136e-02
 -1.53778968e-02
 -1.49062442e-02
 -1.44240301e-02
 -1.39365997e-02
 -1.34458587e-02
 -1.29495067e-02
 -1.24407628e-02
 -1.19087331e-02
 -1.13395106e-02
 -1.07179805e-02
 -1.00301643e-02
 -9.26580397e-03
 -8.42080825e-03
 -7.49917315e-03
 -6.51405161e-03
 -5.48777063e-03
 -4.45075504e-03
 -3.43948624e-03
 -2.49376440e-03
 -1.65362680e-03
 -9.56303222e-04
 -4.33567930e-04
 -1.09702122e-04
 0.00000000e+00
 -1.98347589e-02
 -1.97971383e-02
 -1.96809098e-02
 -1.94809442e-02
 -1.91980518e-02
 -1.88401454e-02
 -1.84184074e-02
 -1.79441978e-02
 -1.74282253e-02
 -1.68804983e-02
 -1.63099839e-02
 -1.57239077e-02
 -1.51269618e-02
 -1.45206315e-02
 -1.39027819e-02
 -1.32676257e-02
 -1.26061903e-02
 -1.19073663e-02
 -1.11595202e-02
 -1.03525391e-02
 -9.48004833e-03
 -8.54146675e-03
 -7.54354897e-03
 -6.50112460e-03
 -5.43686950e-03
 -4.38010667e-03
 -3.36480060e-03
 -2.42704226e-03
 -1.60238981e-03
 -9.23397307e-04
 -4.17520710e-04
 -1.05457972e-04
 0.00000000e+00
 -2.18675090e-02
 -2.18141180e-02
 -2.16572407e-02
 -2.14039800e-02
 -2.10615379e-02
 -2.06375061e-02
 -2.01416459e-02
 -1.95857566e-02
 -1.89820597e-02
 -1.83416897e-02
 -1.76737984e-02
 -1.69850680e-02
 -1.62794234e-02
 -1.55578760e-02
 -1.48185210e-02
 -1.40567547e-02
 -1.32658121e-02
 -1.24377071e-02
 -1.15645891e-02
 -1.06404223e-02
 -9.66278616e-03
 -8.63451254e-03
 -7.56485682e-03
 -6.46994923e-03
 -5.37239192e-03
 -4.30002662e-03
 -3.28405399e-03
 -2.35679602e-03
 -1.54942238e-03
 -8.89912841e-04
 -4.01441416e-04
 -1.01259416e-04
 0.00000000e+00
 -2.37753488e-02
 -2.37165831e-02
 -2.35404341e-02
 -2.32496717e-02
 -2.28525364e-02
 -2.23617787e-02
 -2.17918988e-02
 -2.11572502e-02
 -2.04709686e-02
 -1.97441325e-02
 -1.89851761e-02
 -1.81996892e-02
 -1.73905454e-02
 -1.65582062e-02
 -1.57010892e-02
 -1.48159874e-02
 -1.38986161e-02
 -1.29443826e-02
 -1.19494270e-02
 -1.09118874e-02
 -9.83325169e-03
 -8.71957658e-03
 -7.58232106e-03
 -6.43857131e-03
 -5.31053992e-03
 -4.22437313e-03
 -3.20844408e-03
 -2.29140291e-03
 -1.50027508e-03
 -8.58847985e-04
 -3.86479395e-04
 -9.73362266e-05
 0.00000000e+00
 -2.56044136e-02
 -2.55317297e-02
 -2.53188293e-02
 -2.49779958e-02
 -2.45237393e-02
 -2.39711355e-02
 -2.33357223e-02
 -2.26325874e-02
 -2.18749531e-02
 -2.10731347e-02
 -2.02341666e-02
 -1.93620317e-02
 -1.84582891e-02
 -1.75228326e-02
 -1.65545731e-02
 -1.55519751e-02
 -1.45135278e-02
 -1.34382813e-02
 -1.23265252e-02
 -1.11806036e-02
 -1.00057996e-02
 -8.81115319e-03
 -7.61001183e-03
 -6.42010544e-03
 -5.26302468e-03
 -4.16312717e-03
 -3.14603712e-03
 -2.23698689e-03
 -1.45925896e-03
 -8.32930750e-04
 -3.74027090e-04
 -9.40807628e-05
 0.00000000e+00
 -2.71647534e-02
 -2.70907857e-02
 -2.68701777e-02
 -2.65093293e-02
 -2.60221354e-02
 -2.54274097e-02
 -2.47445084e-02
 -2.39904772e-02
 -2.31786696e-02
 -2.23182178e-02
 -2.14142532e-02
 -2.04687796e-02
 -1.94819102e-02
 -1.84530956e-02
 -1.73820479e-02
 -1.62692729e-02
 -1.51163631e-02
 -1.39262582e-02
 -1.27035426e-02
 -1.14547816e-02
 -1.01889153e-02
 -8.91769674e-03
 -7.65603285e-03
 -6.42200388e-03
 -5.23640068e-03
 -4.12177806e-03
 -3.10117766e-03
 -2.19675026e-03
 -1.42850563e-03
 -8.13363833e-04
 -3.64593830e-04
 -9.16104745e-05
 0.00000000e+00
 -2.85575556e-02
 -2.84744482e-02
 -2.82319004e-02
 -2.78455402e-02
 -2.73331184e-02
 -2.67127862e-02
 -2.60027428e-02
 -2.52191849e-02
 -2.43741089e-02
 -2.34744961e-02
 -2.25229260e-02
 -2.15190983e-02
 -2.04616848e-02
 -1.93499945e-02
 -1.81850292e-02
 -1.69698143e-02
 -1.57093835e-02
 -1.44107885e-02
 -1.30830639e-02
 -1.17370437e-02
 -1.03852001e-02
 -9.04171116e-03
 -7.72268792e-03
 -6.44626433e-03
 -5.23228342e-03
 -4.10153046e-03
 -3.07467423e-03
 -2.17115213e-03
 -1.40820093e-03
 -8.00167852e-04
 -3.58148306e-04
 -8.99097009e-05
 0.00000000e+00
 -2.96400797e-02
 -2.95638217e-02
 -2.93345007e-02
 -2.89564035e-02
 -2.84447705e-02
 -2.78213955e-02
 -2.71069576e-02
 -2.63170316e-02
 -2.54610674e-02
 -2.45427389e-02
 -2.35613650e-02
 -2.25140923e-02
 -2.13982814e-02
 -2.02135822e-02
 -1.89630106e-02
 -1.76526957e-02
 -1.62913464e-02
 -1.48902526e-02
 -1.34630822e-02
 -1.20250826e-02
 -1.05921874e-02
 -9.18068588e-03
 -7.80748103e-03
 -6.49042746e-03
 -5.24829041e-03
 -4.10016539e-03
 -3.06458953e-03
 -2.15865453e-03
 -1.39728521e-03
 -7.92752846e-04
 -3.54454456e-04
 -8.89280264e-05
 0.00000000e+00
 -3.06118787e-02
 -3.05231848e-02
 -3.02698393e-02
 -2.98778179e-02
 -2.93692525e-02
 -2.87601668e-02
 -2.80639497e-02
 -2.72908447e-02
 -2.64457553e-02
 -2.55279700e-02
 -2.45330525e-02
 -2.34555656e-02
 -2.22917501e-02
 -2.10421868e-02
 -1.97130225e-02
 -1.83141965e-02
 -1.68579391e-02
 -1.53596878e-02
 -1.38379928e-02
 -1.23128644e-02
 -1.08037220e-02
 -9.32859596e-03
 -7.90466546e-03
 -6.54907185e-03
 -5.27938831e-03
 -4.11318211e-03
 -3.06712562e-03
 -2.15627559e-03
 -1.39361349e-03
 -7.89756961e-04
 -3.52828242e-04
 -8.84768237e-05
 0.00000000e+00
 -3.11415661e-02
 -3.10808247e-02
 -3.08910132e-02
 -3.05638489e-02
 -3.01078545e-02
 -2.95433627e-02
 -2.88887307e-02
 -2.81534825e-02
 -2.73381480e-02
 -2.64369201e-02
 -2.54415013e-02
 -2.43442801e-02
 -2.31403366e-02
 -2.18315585e-02
 -2.04292137e-02
 -1.89480255e-02
 -1.74024630e-02
 -1.58118115e-02
 -1.41998462e-02
 -1.25920920e-02
 -1.10115994e-02
 -9.47762100e-03
 -8.00701000e-03
 -6.61549038e-03
 -5.31935281e-03
 -4.13501111e-03
 -3.07762677e-03
 -2.16044724e-03
 -1.39474150e-03
 -7.89759183e-04
 -3.52641955e-04
 -8.84039627e-05
 0.00000000e+00
 -3.17881696e-02
 -3.17102146e-02
 -3.14897544e-02
 -3.11530167e-02
 -3.07198749e-02
 -3.02010791e-02
 -2.96014709e-02
 -2.89198151e-02
 -2.81483928e-02
 -2.72748739e-02
 -2.62875135e-02
 -2.51781223e-02
 -2.39395348e-02
 -2.25741640e-02
 -2.11025063e-02
 -1.95458932e-02
 -1.79165757e-02
 -1.62381435e-02
 -1.45396118e-02
 -1.28536826e-02
 -1.12072130e-02
 -9.61971732e-03
 -8.10747405e-03
 -6.68325412e-03
 -5.36206921e-03
 -4.16004014e-03
 -3.09139790e-03
 -2.16760822e-03
 -1.39821652e-03
 -7.91283333e-04
 -3.53197250e-04
 -8.85250728e-05
 0.00000000e+00
 -3.20885410e-02
 -3.20283938e-02
 -3.18518372e-02
 -3.15703493e-02
 -3.11989650e-02
 -3.07480714e-02
 -3.02185804e-02
 -2.96018830e-02
 -2.88831800e-02
 -2.80428557e-02
 -2.70665164e-02
 -2.59507009e-02
 -2.46817753e-02
 -2.32589629e-02
 -2.17203581e-02
 -2.00986562e-02
 -1.83906983e-02
 -1.66301712e-02
 -1.48482168e-02
 -1.30890918e-02
 -1.13830877e-02
 -9.74766170e-03
 -8.20058375e-03
 -6.74736985e-03
 -5.40250022e-03
 -4.18330453e-03
 -3.10436464e-03
 -2.17486272e-03
 -1.40205609e-03
 -7.93109981e-04
 -3.53925527e-04
 -8.86952901e-05
 0.00000000e+00
 -3.22472335e-02
 -3.22062446e-02
 -3.20806584e-02
 -3.18682244e-02
 -3.15744584e-02
 -3.12045054e-02
 -3.07535278e-02
 -3.02056905e-02
 -2.95428824e-02
 -2.87363817e-02
 -2.77665408e-02
 -2.66509713e-02
 -2.53566167e-02
 -2.38721777e-02
 -2.22666696e-02
 -2.05982610e-02
 -1.88135160e-02
 -1.69807060e-02
 -1.51171210e-02
 -1.32914148e-02
 -1.15342777e-02
 -9.85523540e-03
 -8.28349835e-03
 -6.80458878e-03
 -5.43739995e-03
 -4.20071165e-03
 -3.11353557e-03
 -2.18079439e-03
 -1.40504360e-03
 -7.94133730e-04
 -3.54210835e-04
 -8.87405651e-05
 0.00000000e+00
 -3.24346047e-02
 -3.23956183e-02
 -3.22837861e-02
 -3.21090278e-02
 -3.18798456e-02
 -3.15881153e-02
 -3.12133352e-02
 -3.07285104e-02
 -3.01194039e-02
 -2.93466589e-02
 -2.83676066e-02
 -2.72645041e-02
 -2.59503582e-02
 -2.43995974e-02
 -2.27223681e-02
 -2.10397356e-02
 -1.91707430e-02
 -1.72853146e-02
 -1.53384154e-02
 -1.34562554e-02
 -1.16593487e-02
 -9.93673020e-03
 -8.35677730e-03
 -6.85227944e-03
 -5.46623629e-03
 -4.20876890e-03
 -3.11721993e-03
 -2.18671893e-03
 -1.40673758e-03
 -7.92437208e-04
 -3.52725912e-04
 -8.82831064e-05
 0.00000000e+00
 -3.25438827e-02
 -3.25077403e-02
 -3.24136824e-02
 -3.22813731e-02
 -3.21200699e-02
 -3.19034183e-02
 -3.15947176e-02
 -3.11594256e-02
 -3.05953741e-02
 -2.98627542e-02
 -2.88445756e-02
 -2.77758803e-02
 -2.64444980e-02
 -2.48295515e-02
 -2.30688337e-02
 -2.14199015e-02
 -1.94460669e-02
 -1.75420215e-02
 -1.55054083e-02
 -1.35821921e-02
 -1.17598750e-02
 -9.98741449e-03
 -8.42377863e-03
 -6.88648694e-03
 -5.49204609e-03
 -4.20452100e-03
 -3.11499501e-03
 -2.19744219e-03
 -1.40708065e-03
 -7.83845600e-04
 -3.46199009e-04
 -8.63584068e-05
 0.00000000e+00
 -3.25595931e-02
 -3.25327256e-02
 -3.24715086e-02
 -3.23912542e-02
 -3.22970247e-02
 -3.21462130e-02
 -3.18847618e-02
 -3.14841762e-02
 -3.09480219e-02
 -3.02693168e-02
 -2.91770686e-02
 -2.81687333e-02
 -2.68163020e-02
 -2.51527646e-02
 -2.32968885e-02
 -2.17288530e-02
 -1.96287989e-02
 -1.77462436e-02
 -1.56154795e-02
 -1.36702919e-02
 -1.18372471e-02
 -1.00074569e-02
 -8.48595955e-03
 -6.90315575e-03
 -5.51888719e-03
 -4.18800134e-03
 -3.10796875e-03
 -2.21754532e-03
 -1.40629499e-03
 -7.64629425e-04
 -3.30277566e-04
 -8.15162030e-05
 0.00000000e+00
 -3.25311401e-02
 -3.25158028e-02
 -3.24884835e-02
 -3.24530238e-02
 -3.24070912e-02
 -3.23039451e-02
 -3.20663426e-02
 -3.16885271e-02
 -3.11605723e-02
 -3.05387779e-02
 -2.93636951e-02
 -2.84216701e-02
 -2.70457292e-02
 -2.53574047e-02
 -2.34166447e-02
 -2.19398240e-02
 -1.97246192e-02
 -1.78836160e-02
 -1.56738597e-02
 -1.37224363e-02
 -1.18885081e-02
 -1.00072542e-02
 -8.53518741e-03
 -6.90491999e-03
 -5.54388049e-03
 -4.16736550e-03
 -3.09977874e-03
 -2.24179153e-03
 -1.40502071e-03
 -7.41244609e-04
 -3.07265891e-04
 -7.35071783e-05
 0.00000000e+00
 -3.25140000e-02
 -3.25077429e-02
 -3.24926078e-02
 -3.24741670e-02
 -3.24446177e-02
 -3.23595278e-02
 -3.21278992e-02
 -3.17588474e-02
 -3.12305745e-02
 -3.06347366e-02
 -2.94219906e-02
 -2.85099945e-02
 -2.71228455e-02
 -2.54282294e-02
 -2.34521485e-02
 -2.20161838e-02
 -1.97528294e-02
 -1.79329905e-02
 -1.56913687e-02
 -1.37397377e-02
 -1.19068571e-02
 -1.00041683e-02
 -8.55470428e-03
 -6.90311212e-03
 -5.55480003e-03
 -4.15772605e-03
 -3.09604493e-03
 -2.25332552e-03
 -1.40434270e-03
 -7.30448296e-04
 -2.95006863e-04
 -6.81930445e-05
 0.00000000e+00
