 -3.25140000e-02
 -3.25077429e-02
 -3.24926078e-02
 -3.24741670e-02
 -3.24446177e-02
 -3.23595278e-02
 -3.21278992e-02
 -3.17588474e-02
 -3.12305745e-02
 -3.06347366e-02
 -2.94219906e-02
 -2.85099945e-02
 -2.71228455e-02
 -2.54282294e-02
 -2.34521485e-02
 -2.20161838e-02
 -1.97528294e-02
 -1.79329905e-02
 -1.56913687e-02
 -1.37397377e-02
 -1.19068571e-02
 -1.00041683e-02
 -8.55470428e-03
 -6.90311212e-03
 -5.55480002e-03
 -4.15772605e-03
 -3.09604493e-03
 -2.25332552e-03
 -1.40434270e-03
 -7.30448296e-04
 -2.95006863e-04
 -6.81930444e-05
 0.00000000e+00
 -3.25112825e-02
 -3.25057056e-02
 -3.24959095e-02
 -3.24770062e-02
 -3.24453590e-02
 -3.23544581e-02
 -3.21272276e-02
 -3.17577407e-02
 -3.12357925e-02
 -3.06174383e-02
 -2.94431331e-02
 -2.84993775e-02
 -2.71193241e-02
 -2.54251169e-02
 -2.34767700e-02
 -2.19915103e-02
 -1.97675727e-02
 -1.79178966e-02
 -1.57000968e-02
 -1.37416263e-02
 -1.19018197e-02
 -1.00159553e-02
 -8.54048947e-03
 -6.90787775e-03
 -5.54534902e-03
 -4.16796762e-03
 -3.09994120e-03
 -2.24177583e-03
 -1.40496248e-03
 -7.41198384e-04
 -3.07243594e-04
 -7.35011900e-05
 0.00000000e+00
 -3.25017253e-02
 -3.25008548e-02
 -3.24982190e-02
 -3.24803998e-02
 -3.24419957e-02
 -3.23397082e-02
 -3.21195937e-02
 -3.17523304e-02
 -3.12403332e-02
 -3.05756698e-02
 -2.94870007e-02
 -2.84722640e-02
 -2.71041368e-02
 -2.54176602e-02
 -2.35323451e-02
 -2.19313665e-02
 -1.97971061e-02
 -1.78806349e-02
 -1.57183746e-02
 -1.37455547e-02
 -1.18894685e-02
 -1.00415902e-02
 -8.50674792e-03
 -6.91473938e-03
 -5.52461607e-03
 -4.19033260e-03
 -3.10858053e-03
 -2.21746265e-03
 -1.40604962e-03
 -7.64435900e-04
 -3.30181909e-04
 -8.14912087e-05
 0.00000000e+00
 -3.24796812e-02
 -3.24807240e-02
 -3.24813152e-02
 -3.24663170e-02
 -3.24207044e-02
 -3.23094536e-02
 -3.20923644e-02
 -3.17316524e-02
 -3.12221937e-02
 -3.05220369e-02
 -2.95134330e-02
 -2.84322216e-02
 -2.70680576e-02
 -2.54038137e-02
 -2.35799889e-02
 -2.18598884e-02
 -1.98117864e-02
 -1.78342082e-02
 -1.57291888e-02
 -1.37458490e-02
 -1.18734026e-02
 -1.00615476e-02
 -8.46882305e-03
 -6.91146803e-03
 -5.50426173e-03
 -4.20936306e-03
 -3.11613553e-03
 -2.19711568e-03
 -1.40644593e-03
 -7.83366337e-04
 -3.45964633e-04
 -8.62981153e-05
 0.00000000e+00
 -3.24311621e-02
 -3.24325575e-02
 -3.24320629e-02
 -3.24152770e-02
 -3.23631506e-02
 -3.22458351e-02
 -3.20282739e-02
 -3.16737255e-02
 -3.11613948e-02
 -3.04478418e-02
 -2.94888865e-02
 -2.83678203e-02
 -2.70009369e-02
 -2.53682993e-02
 -2.35859259e-02
 -2.17837376e-02
 -1.97892603e-02
 -1.77796137e-02
 -1.57169386e-02
 -1.37328219e-02
 -1.18508831e-02
 -1.00613835e-02
 -8.43202322e-03
 -6.89347646e-03
 -5.48581992e-03
 -4.21597781e-03
 -3.11833460e-03
 -2.18554572e-03
 -1.40523798e-03
 -7.91375235e-04
 -3.52213750e-04
 -8.81519330e-05
 0.00000000e+00
 -3.23276485e-02
 -3.23269017e-02
 -3.23217039e-02
 -3.23005444e-02
 -3.22432153e-02
 -3.21215657e-02
 -3.19025543e-02
 -3.15511085e-02
 -3.10369658e-02
 -3.03242551e-02
 -2.93904333e-02
 -2.82541587e-02
 -2.68870622e-02
 -2.52856510e-02
 -2.35285604e-02
 -2.16863216e-02
 -1.97180295e-02
 -1.77032847e-02
 -1.56697986e-02
 -1.36941950e-02
 -1.18119771e-02
 -1.00345215e-02
 -8.39012597e-03
 -6.86128414e-03
 -5.46261727e-03
 -4.20821293e-03
 -3.11266625e-03
 -2.17718974e-03
 -1.40156447e-03
 -7.91826142e-04
 -3.53117074e-04
 -8.84614359e-05
 0.00000000e+00
 -3.21227410e-02
 -3.21221811e-02
 -3.21157407e-02
 -3.20909666e-02
 -3.20290841e-02
 -3.19039767e-02
 -3.16837239e-02
 -3.13339231e-02
 -3.08215273e-02
 -3.01155272e-02
 -2.91963521e-02
 -2.80610919e-02
 -2.67018676e-02
 -2.51280129e-02
 -2.33910056e-02
 -2.15397408e-02
 -1.95879263e-02
 -1.75850654e-02
 -1.55763394e-02
 -1.36168240e-02
 -1.17435398e-02
 -9.97657705e-03
 -8.33262479e-03
 -6.81325624e-03
 -5.42726922e-03
 -4.18567880e-03
 -3.09704345e-03
 -2.16544391e-03
 -1.39429073e-03
 -7.88199719e-04
 -3.51629304e-04
 -8.81104457e-05
 0.00000000e+00
 -3.17835333e-02
 -3.17811660e-02
 -3.17718027e-02
 -3.17456132e-02
 -3.16829550e-02
 -3.15570815e-02
 -3.13371065e-02
 -3.09899132e-02
 -3.04827655e-02
 -2.97865970e-02
 -2.88812264e-02
 -2.77577880e-02
 -2.64154156e-02
 -2.48687114e-02
 -2.31549807e-02
 -2.13156486e-02
 -1.93841999e-02
 -1.74045345e-02
 -1.54235153e-02
 -1.34876606e-02
 -1.16326022e-02
 -9.88142811e-03
 -8.24928544e-03
 -6.74415677e-03
 -5.37397277e-03
 -4.14686204e-03
 -3.06932846e-03
 -2.14621531e-03
 -1.38200446e-03
 -7.81332095e-04
 -3.48583435e-04
 -8.73509636e-05
 0.00000000e+00
 -3.12590651e-02
 -3.12608682e-02
 -3.12588787e-02
 -3.12362989e-02
 -3.11734127e-02
 -3.10469838e-02
 -3.08286090e-02
 -3.04863077e-02
 -2.99879770e-02
 -2.93052758e-02
 -2.84175984e-02
 -2.73147449e-02
 -2.59980016e-02
 -2.44829760e-02
 -2.28005923e-02
 -2.09892663e-02
 -1.90888137e-02
 -1.71430768e-02
 -1.51974525e-02
 -1.32943147e-02
 -1.14676108e-02
 -9.74125515e-03
 -8.13107444e-03
 -6.64728209e-03
 -5.29775631e-03
 -4.08923621e-03
 -3.02738001e-03
 -2.11715901e-03
 -1.36338982e-03
 -7.70837658e-04
 -3.43906899e-04
 -8.61802830e-05
 0.00000000e+00
 -3.06034921e-02
 -3.05959863e-02
 -3.05747103e-02
 -3.05368284e-02
 -3.04674070e-02
 -3.03410459e-02
 -3.01271904e-02
 -2.97934812e-02
 -2.93083088e-02
 -2.86439581e-02
 -2.77800133e-02
 -2.67061781e-02
 -2.54241956e-02
 -2.39491752e-02
 -2.23090082e-02
 -2.05403222e-02
 -1.86842847e-02
 -1.67846932e-02
 -1.48852603e-02
 -1.30258009e-02
 -1.12387881e-02
 -9.54813845e-03
 -7.97028703e-03
 -6.51630385e-03
 -5.19412176e-03
 -4.00996942e-03
 -2.96916398e-03
 -2.07666914e-03
 -1.33739833e-03
 -7.56165730e-04
 -3.37364735e-04
 -8.45409789e-05
 0.00000000e+00
 -2.95976978e-02
 -2.96015812e-02
 -2.96044490e-02
 -2.95873641e-02
 -2.95307237e-02
 -2.94135351e-02
 -2.92098225e-02
 -2.88895877e-02
 -2.84226252e-02
 -2.77823558e-02
 -2.69491211e-02
 -2.59129412e-02
 -2.46754995e-02
 -2.32510308e-02
 -2.16655232e-02
 -1.99539779e-02
 -1.81569089e-02
 -1.63171770e-02
 -1.44767768e-02
 -1.26735461e-02
 -1.09386279e-02
 -9.29554842e-03
 -7.76093983e-03
 -6.34620824e-03
 -5.05937154e-03
 -3.90654074e-03
 -2.89294161e-03
 -2.02353350e-03
 -1.30324548e-03
 -7.36874444e-04
 -3.28761237e-04
 -8.23853487e-05
 0.00000000e+00
 -2.84810824e-02
 -2.84727999e-02
 -2.84517899e-02
 -2.84198523e-02
 -2.83637601e-02
 -2.82567559e-02
 -2.80674502e-02
 -2.77650539e-02
 -2.73209904e-02
 -2.67104796e-02
 -2.59150496e-02
 -2.49252044e-02
 -2.37424221e-02
 -2.23799607e-02
 -2.08621484e-02
 -1.92221671e-02
 -1.74988957e-02
 -1.57334893e-02
 -1.39660145e-02
 -1.22324541e-02
 -1.05626186e-02
 -8.97939531e-03
 -7.49929402e-03
 -6.13381720e-03
 -4.89107643e-03
 -3.77722804e-03
 -2.79752841e-03
 -1.95695677e-03
 -1.26042827e-03
 -7.12682091e-04
 -3.17970448e-04
 -7.96813182e-05
 0.00000000e+00
 -2.69126824e-02
 -2.69307081e-02
 -2.69687258e-02
 -2.69924461e-02
 -2.69712787e-02
 -2.68835012e-02
 -2.67091341e-02
 -2.64251543e-02
 -2.60066719e-02
 -2.54306518e-02
 -2.46795731e-02
 -2.37443001e-02
 -2.26259892e-02
 -2.13368252e-02
 -1.98994041e-02
 -1.83447957e-02
 -1.67096445e-02
 -1.50328332e-02
 -1.33522016e-02
 -1.17017746e-02
 -1.01099224e-02
 -8.59869938e-03
 -7.18428002e-03
 -5.87812671e-03
 -4.68843178e-03
 -3.62145592e-03
 -2.68253765e-03
 -1.87668848e-03
 -1.20879293e-03
 -6.83503512e-04
 -3.04955181e-04
 -7.64200278e-05
 0.00000000e+00
 -2.56452482e-02
 -2.56262875e-02
 -2.55783652e-02
 -2.55159472e-02
 -2.54390278e-02
 -2.53284844e-02
 -2.51546907e-02
 -2.48864287e-02
 -2.44953188e-02
 -2.39577980e-02
 -2.32567696e-02
 -2.23833527e-02
 -2.13383115e-02
 -2.01326550e-02
 -1.87870878e-02
 -1.73302827e-02
 -1.57962311e-02
 -1.42211246e-02
 -1.26402762e-02
 -1.10855628e-02
 -9.58375570e-03
 -8.15590826e-03
 -6.81770502e-03
 -5.58046839e-03
 -4.45243773e-03
 -3.43998316e-03
 -2.54853364e-03
 -1.78312717e-03
 -1.14859799e-03
 -6.49485689e-04
 -2.89780753e-04
 -7.26175303e-05
 0.00000000e+00
 -2.36529226e-02
 -2.36603118e-02
 -2.36745205e-02
 -2.36771585e-02
 -2.36481659e-02
 -2.35683384e-02
 -2.34174470e-02
 -2.31734230e-02
 -2.28138604e-02
 -2.23185743e-02
 -2.16722183e-02
 -2.08665303e-02
 -1.99019237e-02
 -1.87881541e-02
 -1.75438863e-02
 -1.61951692e-02
 -1.47730491e-02
 -1.33107246e-02
 -1.18407296e-02
 -1.03925968e-02
 -8.99133362e-03
 -7.65684143e-03
 -6.40418568e-03
 -5.24445622e-03
 -4.18588495e-03
 -3.23492130e-03
 -2.39706209e-03
 -1.67734742e-03
 -1.08053351e-03
 -6.11018110e-04
 -2.72621146e-04
 -6.83176689e-05
 0.00000000e+00
 -2.17442059e-02
 -2.17517887e-02
 -2.17679592e-02
 -2.17759897e-02
 -2.17554192e-02
 -2.16865225e-02
 -2.15505555e-02
 -2.13284140e-02
 -2.10006932e-02
 -2.05494839e-02
 -1.99608293e-02
 -1.92269614e-02
 -1.83478747e-02
 -1.73320019e-02
 -1.61958707e-02
 -1.49627677e-02
 -1.36606171e-02
 -1.23194353e-02
 -1.09687984e-02
 -9.63573782e-03
 -8.34335424e-03
 -7.11026389e-03
 -5.95079476e-03
 -4.87570686e-03
 -3.89314972e-03
 -3.00959430e-03
 -2.23055786e-03
 -1.56104109e-03
 -1.00568508e-03
 -5.68713638e-04
 -2.53749371e-04
 -6.35886492e-05
 0.00000000e+00
 -1.99806705e-02
 -1.99680499e-02
 -1.99345665e-02
 -1.98874193e-02
 -1.98259706e-02
 -1.97376680e-02
 -1.96019974e-02
 -1.93962686e-02
 -1.90992117e-02
 -1.86927607e-02
 -1.81634126e-02
 -1.75036028e-02
 -1.67128379e-02
 -1.57982170e-02
 -1.47741193e-02
 -1.36610364e-02
 -1.24837115e-02
 -1.12688993e-02
 -1.00431288e-02
 -8.83083264e-03
 -7.65309976e-03
 -6.52715059e-03
 -5.46646429e-03
 -4.48136637e-03
 -3.57983078e-03
 -2.76826979e-03
 -2.05215345e-03
 -1.43638707e-03
 -9.25451633e-04
 -5.23361937e-04
 -2.33517742e-04
 -5.85189099e-05
 0.00000000e+00
 -1.78033034e-02
 -1.78076135e-02
 -1.78146079e-02
 -1.78107045e-02
 -1.77817992e-02
 -1.77154680e-02
 -1.75987735e-02
 -1.74166754e-02
 -1.71529428e-02
 -1.67923585e-02
 -1.63229322e-02
 -1.57376647e-02
 -1.50357393e-02
 -1.42230351e-02
 -1.33118768e-02
 -1.23200353e-02
 -1.12691250e-02
 -1.01826659e-02
 -9.08413880e-03
 -7.99534715e-03
 -6.93530877e-03
 -5.91976311e-03
 -4.96123819e-03
 -4.06951578e-03
 -3.25228779e-03
 -2.51581117e-03
 -1.86542638e-03
 -1.30587715e-03
 -8.41434093e-04
 -4.75867225e-04
 -2.12329330e-04
 -5.32093098e-05
 0.00000000e+00
 -1.58011638e-02
 -1.57997538e-02
 -1.57945905e-02
 -1.57816355e-02
 -1.57523000e-02
 -1.56943168e-02
 -1.55936703e-02
 -1.54357565e-02
 -1.52060864e-02
 -1.48913995e-02
 -1.44811921e-02
 -1.39691992e-02
 -1.33544673e-02
 -1.26418337e-02
 -1.18417390e-02
 -1.09693946e-02
 -1.00434303e-02
 -9.08424782e-03
 -8.11235835e-03
 -7.14696967e-03
 -6.20501435e-03
 -5.30069401e-03
 -4.44549631e-03
 -3.64855158e-03
 -2.91715734e-03
 -2.25731006e-03
 -1.67413048e-03
 -1.17212962e-03
 -7.55316061e-04
 -4.27180613e-04
 -1.90608504e-04
 -4.77663047e-05
 0.00000000e+00
 -1.38246237e-02
 -1.38225525e-02
 -1.38152625e-02
 -1.37995909e-02
 -1.37699535e-02
 -1.37176030e-02
 -1.36307299e-02
 -1.34957956e-02
 -1.32992550e-02
 -1.30290573e-02
 -1.26758924e-02
 -1.22342402e-02
 -1.17031459e-02
 -1.10865859e-02
 -1.03933190e-02
 -9.63620901e-03
 -8.83110795e-03
 -7.99548283e-03
 -7.14701690e-03
 -6.30240940e-03
 -5.47653519e-03
 -4.68203031e-03
 -3.92927062e-03
 -3.22663618e-03
 -2.58092109e-03
 -1.99775656e-03
 -1.48195363e-03
 -1.03772073e-03
 -6.68755530e-04
 -3.78239291e-04
 -1.68773209e-04
 -4.22945194e-05
 0.00000000e+00
 -1.18782115e-02
 -1.18776049e-02
 -1.18749672e-02
 -1.18672783e-02
 -1.18485921e-02
 -1.18102087e-02
 -1.17414367e-02
 -1.16305893e-02
 -1.14661738e-02
 -1.12380642e-02
 -1.09384916e-02
 -1.05628543e-02
 -1.01103308e-02
 -9.58419348e-03
 -8.99171635e-03
 -8.34364508e-03
 -7.65329455e-03
 -6.93542221e-03
 -6.20506894e-03
 -5.47655346e-03
 -4.76275583e-03
 -4.07474735e-03
 -3.42174276e-03
 -2.81128960e-03
 -2.24958167e-03
 -1.74178985e-03
 -1.29233355e-03
 -9.05056075e-04
 -5.83302200e-04
 -3.29919522e-04
 -1.47214533e-04
 -3.68920554e-05
 0.00000000e+00
 -1.00181289e-02
 -1.00211393e-02
 -1.00279980e-02
 -1.00331621e-02
 -1.00291234e-02
 -1.00069183e-02
 -9.95667857e-03
 -9.86857912e-03
 -9.73356522e-03
 -9.54381963e-03
 -9.29329170e-03
 -8.97833823e-03
 -8.59830161e-03
 -8.15584230e-03
 -7.65691651e-03
 -7.11037622e-03
 -6.52725070e-03
 -5.91983381e-03
 -5.30073539e-03
 -4.68204978e-03
 -4.07475358e-03
 -3.48838156e-03
 -2.93096336e-03
 -2.40915461e-03
 -1.92847228e-03
 -1.49354930e-03
 -1.10834658e-03
 -7.76292373e-04
 -5.00346869e-04
 -2.83008238e-04
 -1.26283540e-04
 -3.16468019e-05
 0.00000000e+00
 -8.31768757e-03
 -8.32154542e-03
 -8.33209249e-03
 -8.34475282e-03
 -8.35061444e-03
 -8.33931369e-03
 -8.30192001e-03
 -8.23115825e-03
 -8.12057187e-03
 -7.96431335e-03
 -7.75762317e-03
 -7.49752102e-03
 -7.18338975e-03
 -6.81730361e-03
 -6.40403929e-03
 -5.95076793e-03
 -5.46648287e-03
 -4.96126569e-03
 -4.44551818e-03
 -3.92928371e-03
 -3.42174879e-03
 -2.93096521e-03
 -2.46378081e-03
 -2.02592723e-03
 -1.62219404e-03
 -1.25662205e-03
 -9.32666777e-04
 -6.53307893e-04
 -4.21102121e-04
 -2.38191785e-04
 -1.06286691e-04
 -2.66356494e-05
 0.00000000e+00
 -6.79113946e-03
 -6.80013304e-03
 -6.82008536e-03
 -6.83694397e-03
 -6.84049467e-03
 -6.82619309e-03
 -6.79086873e-03
 -6.73011846e-03
 -6.63857295e-03
 -6.51096624e-03
 -6.34299702e-03
 -6.13194029e-03
 -5.87707584e-03
 -5.57991513e-03
 -5.24418951e-03
 -4.87559452e-03
 -4.48132947e-03
 -4.06951054e-03
 -3.64855620e-03
 -3.22664155e-03
 -2.81129304e-03
 -2.40915617e-03
 -2.02592768e-03
 -1.66641255e-03
 -1.33465126e-03
 -1.03406484e-03
 -7.67579356e-04
 -5.37710682e-04
 -3.46607113e-04
 -1.96058742e-04
 -8.74866386e-05
 -2.19243427e-05
 0.00000000e+00
 -5.60872404e-03
 -5.59598543e-03
 -5.56470493e-03
 -5.52846262e-03
 -5.49499371e-03
 -5.46224494e-03
 -5.42284730e-03
 -5.36880937e-03
 -5.29326533e-03
 -5.19069492e-03
 -5.05696502e-03
 -4.88949601e-03
 -4.68745751e-03
 -4.45187538e-03
 -4.18558332e-03
 -3.89300145e-03
 -3.57976563e-03
 -3.25226345e-03
 -2.91715058e-03
 -2.58092051e-03
 -2.24958250e-03
 -1.92847297e-03
 -1.62219436e-03
 -1.33465135e-03
 -1.06914278e-03
 -8.28469139e-04
 -6.15026080e-04
 -4.30869040e-04
 -2.77746806e-04
 -1.57110440e-04
 -7.01073360e-05
 -1.75690966e-05
 0.00000000e+00
 -4.33249289e-03
 -4.32441204e-03
 -4.30452189e-03
 -4.28026406e-03
 -4.25490836e-03
 -4.22712482e-03
 -4.19323144e-03
 -4.14860710e-03
 -4.08846281e-03
 -4.00843554e-03
 -3.90505617e-03
 -3.77607734e-03
 -3.62067004e-03
 -3.43949445e-03
 -3.23464128e-03
 -3.00944629e-03
 -2.76819809e-03
 -2.51577981e-03
 -2.25729801e-03
 -1.99775271e-03
 -1.74178897e-03
 -1.49354925e-03
 -1.25662212e-03
 -1.03406488e-03
 -8.28469147e-04
 -6.42039144e-04
 -4.76660654e-04
 -3.33949216e-04
 -2.15275790e-04
 -1.21774555e-04
 -5.43396413e-05
 -1.36176630e-05
 0.00000000e+00
 -3.08894729e-03
 -3.10121908e-03
 -3.12619095e-03
 -3.14364126e-03
 -3.14476792e-03
 -3.13158603e-03
 -3.10773389e-03
 -3.07399560e-03
 -3.02861308e-03
 -2.96885138e-03
 -2.89215778e-03
 -2.79676570e-03
 -2.68195956e-03
 -2.54815123e-03
 -2.39683276e-03
 -2.23043140e-03
 -2.05208916e-03
 -1.86539638e-03
 -1.67411778e-03
 -1.48194882e-03
 -1.29233197e-03
 -1.10834615e-03
 -9.32666686e-04
 -7.67579340e-04
 -6.15026077e-04
 -4.76660653e-04
 -3.53898017e-04
 -2.47949107e-04
 -1.59839783e-04
 -9.04169429e-05
 -4.03470462e-05
 -1.01111075e-05
 0.00000000e+00
 -2.23220064e-03
 -2.22847061e-03
 -2.22107352e-03
 -2.21397622e-03
 -2.20559268e-03
 -2.19315396e-03
 -2.17532788e-03
 -2.15110878e-03
 -2.11894011e-03
 -2.07689247e-03
 -2.02316542e-03
 -1.95648106e-03
 -1.87629312e-03
 -1.78285322e-03
 -1.67717806e-03
 -1.56094531e-03
 -1.43633709e-03
 -1.30585308e-03
 -1.17211897e-03
 -1.03771644e-03
 -9.05054515e-04
 -7.76291870e-04
 -6.53307746e-04
 -5.37710644e-04
 -4.30869028e-04
 -3.33949213e-04
 -2.47949106e-04
 -1.73722232e-04
 -1.11990832e-04
 -6.33504759e-05
 -2.82691100e-05
 -7.08431900e-06
 0.00000000e+00
 -1.48734577e-03
 -1.48072099e-03
 -1.46385678e-03
 -1.44445040e-03
 -1.42833591e-03
 -1.41524015e-03
 -1.40198799e-03
 -1.38583548e-03
 -1.36490322e-03
 -1.33772130e-03
 -1.30308372e-03
 -1.26014737e-03
 -1.20854336e-03
 -1.14841982e-03
 -1.08042136e-03
 -1.00562075e-03
 -9.25417599e-04
 -8.41417434e-04
 -7.55308536e-04
 -6.68752408e-04
 -5.83301020e-04
 -5.00346463e-04
 -4.21101994e-04
 -3.46607074e-04
 -2.77746795e-04
 -2.15275787e-04
 -1.59839781e-04
 -1.11990832e-04
 -7.21958662e-05
 -4.08395322e-05
 -1.82240341e-05
 -4.56701736e-06
 0.00000000e+00
 -8.63083195e-04
 -8.56506837e-04
 -8.40935629e-04
 -8.24107642e-04
 -8.10883234e-04
 -8.01362453e-04
 -7.93079794e-04
 -7.83710526e-04
 -7.71799815e-04
 -7.56400187e-04
 -7.36805098e-04
 -7.12530915e-04
 -6.83364087e-04
 -6.49384571e-04
 -6.10953894e-04
 -5.68676541e-04
 -5.23342193e-04
 -4.75857481e-04
 -4.27176178e-04
 -3.78237422e-04
 -3.29918810e-04
 -2.83007981e-04
 -2.38191708e-04
 -1.96058713e-04
 -1.57110438e-04
 -1.21774547e-04
 -9.04169490e-05
 -6.33504672e-05
 -4.08395406e-05
 -2.31020502e-05
 -1.03089023e-05
 -2.58342256e-06
 0.00000000e+00
 -3.92173387e-04
 -3.88115362e-04
 -3.78726151e-04
 -3.69332026e-04
 -3.62452571e-04
 -3.57766209e-04
 -3.53910476e-04
 -3.49682657e-04
 -3.44354435e-04
 -3.37478352e-04
 -3.28734071e-04
 -3.17904387e-04
 -3.04893243e-04
 -2.89735614e-04
 -2.72592337e-04
 -2.53732720e-04
 -2.33508829e-04
 -2.12324944e-04
 -1.90606480e-04
 -1.68772371e-04
 -1.47214194e-04
 -1.26283434e-04
 -1.06286642e-04
 -8.74866372e-05
 -7.01073214e-05
 -5.43396519e-05
 -4.03470327e-05
 -2.82691246e-05
 -1.82240192e-05
 -1.03089118e-05
 -4.60022593e-06
 -1.15285991e-06
 0.00000000e+00
 -9.93491475e-05
 -9.75946337e-05
 -9.49474412e-05
 -9.26096202e-05
 -9.08633348e-05
 -8.96688863e-05
 -8.86921251e-05
 -8.76297726e-05
 -8.62934419e-05
 -8.45701211e-05
 -8.23786770e-05
 -7.96649110e-05
 -7.64044729e-05
 -7.26062563e-05
 -6.83104088e-05
 -6.35844971e-05
 -5.85166478e-05
 -5.32082284e-05
 -4.77657770e-05
 -4.22943256e-05
 -3.68919538e-05
 -3.16467907e-05
 -2.66356217e-05
 -2.19243581e-05
 -1.75690764e-05
 -1.36176836e-05
 -1.01110836e-05
 -7.08434801e-06
 -4.56697383e-06
 -2.58350892e-06
 -1.15275003e-06
 -2.88823401e-07
 0.00000000e+00
 0.00000000e+00
 -5.08013312e-13
 -3.72299675e-15
 2.84205074e-14
 -2.64474443e-14
 -7.05967424e-14
 1.11135194e-14
 -2.01361243e-14
 1.23620051e-14
 8.65677540e-14
 3.46860726e-14
 3.98435396e-14
 1.98514409e-13
 -5.18203982e-14
 -4.52383704e-14
 4.58236719e-14
 1.46171925e-13
 -9.42744175e-15
 -3.23331078e-14
 2.11940664e-14
 8.18729591e-15
 1.99545638e-17
 4.84233443e-15
 7.87558221e-16
 -2.15371667e-17
 1.45036661e-15
 9.99074435e-17
 -2.12560519e-16
 5.40092559e-17
 4.66560819e-17
 2.28906087e-16
 0.00000000e+00
 0.00000000e+00
