 6.44903000e-01
 6.30080892e-01
 5.88933296e-01
 5.26087646e-01
 4.40655453e-01
 3.41992797e-01
 2.32495781e-01
 1.31233284e-01
 5.43039926e-02
 -3.49454283e-04
 -2.11680000e-02
 6.43659672e-01
 6.30464043e-01
 5.90706554e-01
 5.27339442e-01
 4.41885675e-01
 3.42257125e-01
 2.33231496e-01
 1.32208667e-01
 5.34780258e-02
 -8.68412528e-04
 -2.05709718e-02
 6.44711600e-01
 6.32368068e-01
 5.93793696e-01
 5.29796099e-01
 4.43987666e-01
 3.42866109e-01
 2.34669415e-01
 1.33876750e-01
 5.29160311e-02
 -5.45289976e-04
 -1.91727506e-02
 6.47159676e-01
 6.33280565e-01
 5.93507507e-01
 5.29466678e-01
 4.43653334e-01
 3.42269920e-01
 2.35060702e-01
 1.34902097e-01
 5.38653041e-02
 1.18335912e-03
 -1.70782233e-02
 6.32488140e-01
 6.21003239e-01
 5.84378361e-01
 5.22010347e-01
 4.37562005e-01
 3.37782778e-01
 2.32687003e-01
 1.34545113e-01
 5.52614664e-02
 4.10382538e-03
 -1.34936598e-02
 6.19292729e-01
 6.05426724e-01
 5.66506663e-01
 5.05205006e-01
 4.23672305e-01
 3.27594974e-01
 2.26478232e-01
 1.32041926e-01
 5.57117758e-02
 6.34352623e-03
 -1.07109037e-02
 5.77464059e-01
 5.67505876e-01
 5.35139417e-01
 4.79038219e-01
 4.02496702e-01
 3.12070936e-01
 2.16720906e-01
 1.27434555e-01
 5.52570352e-02
 8.59645316e-03
 -7.51407240e-03
 5.45795550e-01
 5.34643943e-01
 5.02145137e-01
 4.49063558e-01
 3.77407000e-01
 2.93909849e-01
 2.05336571e-01
 1.21527484e-01
 5.40466546e-02
 1.06971850e-02
 -4.22126234e-03
 5.12605578e-01
 5.01752614e-01
 4.70962105e-01
 4.21524348e-01
 3.52723360e-01
 2.77304901e-01
 1.95357023e-01
 1.15323995e-01
 5.20273844e-02
 1.18686696e-02
 -1.90688099e-03
 4.85277681e-01
 4.74551008e-01
 4.47201283e-01
 4.03622597e-01
 3.32921872e-01
 2.66456027e-01
 1.89284064e-01
 1.10032088e-01
 4.98272860e-02
 1.23702224e-02
 -4.99475412e-04
 4.74869000e-01
 4.63813996e-01
 4.38161546e-01
 3.98211084e-01
 3.24702507e-01
 2.62998533e-01
 1.87415256e-01
 1.07783371e-01
 4.87966902e-02
 1.26032849e-02
 -1.08420217e-19
