 0.00000000e+00
 3.53057036e-03
 1.45453831e-02
 3.39161411e-02
 6.18216712e-02
 9.60114535e-02
 1.31949382e-01
 1.81416227e-01
 2.36967895e-01
 2.90030596e-01
 3.51890892e-01
 4.14824253e-01
 4.80046054e-01
 5.38338427e-01
 6.02963515e-01
 6.72999932e-01
 7.25464428e-01
 7.82510981e-01
 8.31527499e-01
 8.76273125e-01
 9.13398284e-01
 9.45635887e-01
 9.70290762e-01
 9.91630896e-01
 1.00076932e+00
 1.01641166e+00
 1.02198567e+00
 1.02441587e+00
 1.02940394e+00
 1.03248834e+00
 1.03268599e+00
 1.03152487e+00
 1.03087500e+00
 -8.32432500e-05
 3.53717447e-03
 1.46746816e-02
 3.39631535e-02
 6.16455084e-02
 9.56175661e-02
 1.32316157e-01
 1.81368171e-01
 2.36523043e-01
 2.90116227e-01
 3.51712139e-01
 4.14722708e-01
 4.79708879e-01
 5.38537324e-01
 6.03155671e-01
 6.72418494e-01
 7.25626913e-01
 7.82285853e-01
 8.31448265e-01
 8.76056524e-01
 9.13295687e-01
 9.45404870e-01
 9.70232010e-01
 9.91210595e-01
 1.00118084e+00
 1.01601603e+00
 1.02193623e+00
 1.02469946e+00
 1.02933181e+00
 1.03207972e+00
 1.03220104e+00
 1.03113942e+00
 1.03068555e+00
 -3.41575221e-04
 3.41963501e-03
 1.47857698e-02
 3.39798746e-02
 6.11503042e-02
 9.47689630e-02
 1.33029178e-01
 1.81198174e-01
 2.35412661e-01
 2.90180255e-01
 3.51216913e-01
 4.14338201e-01
 4.78808879e-01
 5.38968864e-01
 6.03525926e-01
 6.70907285e-01
 7.25853856e-01
 7.81645394e-01
 8.31087321e-01
 8.75396342e-01
 9.12864827e-01
 9.44711782e-01
 9.69873286e-01
 9.90142139e-01
 1.00192450e+00
 1.01506362e+00
 1.02168954e+00
 1.02521199e+00
 1.02908331e+00
 1.03118228e+00
 1.03130941e+00
 1.03059938e+00
 1.03025748e+00
 -7.92206955e-04
 3.04662532e-03
 1.45571484e-02
 3.37219454e-02
 6.04568543e-02
 9.39310565e-02
 1.33428976e-01
 1.80809847e-01
 2.34044101e-01
 2.89861051e-01
 3.50427239e-01
 4.13515427e-01
 4.77538716e-01
 5.39220810e-01
 6.03605947e-01
 6.68892278e-01
 7.25588531e-01
 7.80570042e-01
 8.30160304e-01
 8.74189952e-01
 9.11817977e-01
 9.43457220e-01
 9.68844841e-01
 9.88645696e-01
 1.00205921e+00
 1.01381892e+00
 1.02099975e+00
 1.02523831e+00
 1.02846516e+00
 1.03006887e+00
 1.03030147e+00
 1.03000485e+00
 1.02986273e+00
 -1.43628338e-03
 2.42643271e-03
 1.39810997e-02
 3.31225958e-02
 5.96558681e-02
 9.31412214e-02
 1.33203694e-01
 1.80069490e-01
 2.32590063e-01
 2.88936737e-01
 3.49229176e-01
 4.12129041e-01
 4.75927666e-01
 5.38811890e-01
 6.02921927e-01
 6.66528680e-01
 7.24338106e-01
 7.78817773e-01
 8.28336036e-01
 8.72155729e-01
 9.09806923e-01
 9.41333387e-01
 9.66794717e-01
 9.86514280e-01
 1.00090531e+00
 1.01203774e+00
 1.01950449e+00
 1.02419925e+00
 1.02720737e+00
 1.02878817e+00
 1.02938738e+00
 1.02949143e+00
 1.02947722e+00
 -2.22135414e-03
 1.64019134e-03
 1.31803300e-02
 3.22726450e-02
 5.87117177e-02
 9.21866841e-02
 1.32350032e-01
 1.78869054e-01
 2.30918697e-01
 2.87332995e-01
 3.47417461e-01
 4.10055548e-01
 4.73759926e-01
 5.37322267e-01
 6.01092256e-01
 6.63549340e-01
 7.21759473e-01
 7.75944630e-01
 8.25236284e-01
 8.68855885e-01
 9.06420672e-01
 9.37867028e-01
 9.63335775e-01
 9.83166971e-01
 9.98042945e-01
 1.00905570e+00
 1.01667253e+00
 1.02161737e+00
 1.02467805e+00
 1.02642510e+00
 1.02738769e+00
 1.02793197e+00
 1.02813086e+00
 -3.04889214e-03
 7.78097000e-04
 1.22310676e-02
 3.12113585e-02
 5.75279312e-02
 9.08892941e-02
 1.30915074e-01
 1.77118493e-01
 2.28780354e-01
 2.84974228e-01
 3.44777392e-01
 4.07099985e-01
 4.70665719e-01
 5.34409647e-01
 5.97776042e-01
 6.59425371e-01
 7.17528399e-01
 7.71425966e-01
 8.20397150e-01
 8.63762298e-01
 9.01156008e-01
 9.32496382e-01
 9.57946289e-01
 9.77897828e-01
 9.93013210e-01
 1.00409387e+00
 1.01182474e+00
 1.01692016e+00
 1.02009455e+00
 1.02196436e+00
 1.02298709e+00
 1.02344461e+00
 1.02355847e+00
 -4.21718297e-03
 -4.07574995e-04
 1.09863095e-02
 2.98553664e-02
 5.60061828e-02
 8.91501791e-02
 1.28893763e-01
 1.74718274e-01
 2.25942036e-01
 2.81719597e-01
 3.41093988e-01
 4.02989075e-01
 4.66238006e-01
 5.29761865e-01
 5.92614647e-01
 6.53563697e-01
 7.11241204e-01
 7.64726111e-01
 8.13279595e-01
 8.56296809e-01
 8.93430373e-01
 9.24602166e-01
 9.49985607e-01
 9.69986403e-01
 9.85213834e-01
 9.96379789e-01
 1.00419970e+00
 1.00937037e+00
 1.01253125e+00
 1.01425840e+00
 1.01510547e+00
 1.01551849e+00
 1.01565927e+00
 -5.58383549e-03
 -1.80025590e-03
 9.50640857e-03
 2.82102779e-02
 5.41096160e-02
 8.69170503e-02
 1.26239732e-01
 1.71558679e-01
 2.22210758e-01
 2.77384561e-01
 3.36137116e-01
 3.97414619e-01
 4.60093815e-01
 5.23061375e-01
 5.85224915e-01
 6.45406209e-01
 7.02423896e-01
 7.55312596e-01
 8.03313249e-01
 8.45858506e-01
 8.82621121e-01
 9.13530851e-01
 9.38763708e-01
 9.58715629e-01
 9.73955996e-01
 9.85158044e-01
 9.93039379e-01
 9.98319728e-01
 1.00165383e+00
 1.00353265e+00
 1.00427993e+00
 1.00429315e+00
 1.00418235e+00
 -6.88077406e-03
 -3.16901677e-03
 7.93603957e-03
 2.63337631e-02
 5.18354810e-02
 8.41532111e-02
 1.22890659e-01
 1.67530649e-01
 2.17422275e-01
 2.71775741e-01
 3.29670561e-01
 3.90077013e-01
 4.51892453e-01
 5.13987046e-01
 5.75224531e-01
 6.34458386e-01
 6.90589551e-01
 7.42669001e-01
 7.89940537e-01
 8.31858059e-01
 8.68111019e-01
 8.98635537e-01
 9.23603917e-01
 9.43395046e-01
 9.58546964e-01
 9.69699269e-01
 9.77544219e-01
 9.82805558e-01
 9.86253984e-01
 9.88701872e-01
 9.90788287e-01
 9.92524110e-01
 9.93250174e-01
 -8.47791042e-03
 -4.83032737e-03
 6.07446715e-03
 2.41241057e-02
 4.91291335e-02
 8.08100830e-02
 1.18780893e-01
 1.62535202e-01
 2.11436823e-01
 2.64716255e-01
 3.21476962e-01
 3.80713811e-01
 4.41343239e-01
 5.02239365e-01
 5.62264936e-01
 6.20300297e-01
 6.75293408e-01
 7.26324948e-01
 7.72656304e-01
 8.13759194e-01
 8.49336012e-01
 8.79326292e-01
 9.03895134e-01
 9.23403952e-01
 9.38365943e-01
 9.49390027e-01
 9.57115292e-01
 9.62133030e-01
 9.64903387e-01
 9.65742012e-01
 9.65047544e-01
 9.63717228e-01
 9.63049824e-01
 -1.01393358e-02
 -6.58950573e-03
 4.02847045e-03
 2.16133899e-02
 4.59815569e-02
 7.68563213e-02
 1.13858305e-01
 1.56493877e-01
 2.04144849e-01
 2.56064246e-01
 3.11381546e-01
 3.69118876e-01
 4.28217509e-01
 4.87571276e-01
 5.46062622e-01
 6.02601865e-01
 6.56174703e-01
 7.05894427e-01
 7.51046770e-01
 7.91121801e-01
 8.25832737e-01
 8.55120057e-01
 8.79139583e-01
 8.98235933e-01
 9.12905203e-01
 9.23751682e-01
 9.31443562e-01
 9.36677198e-01
 9.40165443e-01
 9.42621187e-01
 9.44593876e-01
 9.46129436e-01
 9.46750039e-01
 -1.19890097e-02
 -8.54230167e-03
 1.75891495e-03
 1.88010529e-02
 4.23980907e-02
 7.22836597e-02
 1.08095203e-01
 1.49358267e-01
 1.95476197e-01
 2.45727162e-01
 2.99269687e-01
 3.55157638e-01
 4.12364597e-01
 4.69815993e-01
 5.26426712e-01
 5.81143089e-01
 6.32988929e-01
 6.81112293e-01
 7.24826761e-01
 7.63642106e-01
 7.97281762e-01
 8.25685605e-01
 8.48997895e-01
 8.67542590e-01
 8.81790974e-01
 8.92327965e-01
 8.99819548e-01
 9.04966434e-01
 9.08408022e-01
 9.10586671e-01
 9.11735242e-01
 9.12115935e-01
 9.12160236e-01
 -1.36768521e-02
 -1.03837180e-02
 -5.31976144e-04
 1.57895611e-02
 3.84175430e-02
 6.71001962e-02
 1.01485901e-01
 1.41113944e-01
 1.85407709e-01
 2.33672312e-01
 2.85099237e-01
 3.38779744e-01
 3.93727424e-01
 4.48908990e-01
 5.03281512e-01
 5.55834267e-01
 6.05633097e-01
 6.51863949e-01
 6.93871110e-01
 7.31185835e-01
 7.63542390e-01
 7.90879925e-01
 8.13329959e-01
 8.31190987e-01
 8.44892980e-01
 8.54956139e-01
 8.61952031e-01
 8.66484588e-01
 8.69208893e-01
 8.70842555e-01
 8.72013829e-01
 8.72927900e-01
 8.73307941e-01
 -1.56790051e-02
 -1.25407944e-02
 -3.15263160e-03
 1.24001367e-02
 3.39602365e-02
 6.12858447e-02
 9.40406092e-02
 1.31785114e-01
 1.73970201e-01
 2.19934507e-01
 2.68908733e-01
 3.20028205e-01
 3.72354147e-01
 4.24903021e-01
 4.76682439e-01
 5.26731567e-01
 5.74163425e-01
 6.18205748e-01
 6.58236568e-01
 6.93810829e-01
 7.24675244e-01
 7.50769885e-01
 7.72216272e-01
 7.89292942e-01
 8.02399921e-01
 8.12013096e-01
 8.18627667e-01
 8.22690336e-01
 8.24542380e-01
 8.24467615e-01
 8.22970796e-01
 8.21114814e-01
 8.20272709e-01
 -1.79434317e-02
 -1.49601825e-02
 -6.04705732e-03
 8.69086344e-03
 2.90860133e-02
 5.49038870e-02
 8.58292146e-02
 1.21451526e-01
 1.61255900e-01
 2.04620487e-01
 2.50821122e-01
 2.99043576e-01
 3.48403733e-01
 3.97975298e-01
 4.46823789e-01
 4.94044799e-01
 5.38803852e-01
 5.80374626e-01
 6.18172079e-01
 6.51777204e-01
 6.80951022e-01
 7.05636569e-01
 7.25949098e-01
 7.42156189e-01
 7.54651234e-01
 7.63926706e-01
 7.70558470e-01
 7.75212564e-01
 7.78653193e-01
 7.81637759e-01
 7.84554634e-01
 7.87001862e-01
 7.87998317e-01
 -1.98347589e-02
 -1.70638062e-02
 -8.77428023e-03
 4.95691273e-03
 2.39860659e-02
 4.80932517e-02
 7.69765377e-02
 1.10245795e-01
 1.47416517e-01
 1.87907009e-01
 2.31041728e-01
 2.76061990e-01
 3.22144363e-01
 3.68426238e-01
 4.14037413e-01
 4.58135721e-01
 4.99944119e-01
 5.38786171e-01
 5.74116738e-01
 6.05544951e-01
 6.32847360e-01
 6.55970306e-01
 6.75021912e-01
 6.90255196e-01
 7.02044125e-01
 7.10852036e-01
 7.17184797e-01
 7.21513713e-01
 7.24175551e-01
 7.25348855e-01
 7.25267950e-01
 7.24565609e-01
 7.24172860e-01
 -2.18675090e-02
 -1.92997850e-02
 -1.16244676e-02
 1.07587210e-03
 1.86625570e-02
 4.09329102e-02
 6.76095949e-02
 9.83321944e-02
 1.32652353e-01
 1.70032661e-01
 2.09850300e-01
 2.51406780e-01
 2.93944485e-01
 3.36669857e-01
 3.78782227e-01
 4.19506495e-01
 4.58127208e-01
 4.94021178e-01
 5.26685681e-01
 5.55759576e-01
 5.81035414e-01
 6.02461644e-01
 6.20135113e-01
 6.34284977e-01
 6.45249582e-01
 6.53448341e-01
 6.59353529e-01
 6.63473257e-01
 6.66350057e-01
 6.68523905e-01
 6.70354899e-01
 6.71770236e-01
 6.72330651e-01
 -2.37753488e-02
 -2.14336729e-02
 -1.44310935e-02
 -2.83890963e-03
 1.32152444e-02
 3.35414289e-02
 5.78820865e-02
 8.59061478e-02
 1.17204215e-01
 1.51287013e-01
 1.87588494e-01
 2.25474470e-01
 2.64257319e-01
 3.03216691e-01
 3.41625430e-01
 3.78779122e-01
 4.14027026e-01
 4.46801733e-01
 4.76644822e-01
 5.03226061e-01
 5.26354329e-01
 5.45979298e-01
 5.62183822e-01
 5.75167903e-01
 5.85225749e-01
 5.92717964e-01
 5.98040279e-01
 6.01587561e-01
 6.03713375e-01
 6.04712011e-01
 6.04882377e-01
 6.04644938e-01
 6.04487910e-01
 -2.56044136e-02
 -2.34885020e-02
 -1.71658772e-02
 -6.71016085e-03
 7.75725511e-03
 2.60626619e-02
 4.79728851e-02
 7.31892144e-02
 1.01343537e-01
 1.31997242e-01
 1.64643867e-01
 1.98716456e-01
 2.33600265e-01
 2.68650891e-01
 3.03217205e-01
 3.36667712e-01
 3.68418281e-01
 3.97958815e-01
 4.24876362e-01
 4.48872435e-01
 4.69772830e-01
 4.87528938e-01
 5.02210428e-01
 5.13990077e-01
 5.23122466e-01
 5.29919389e-01
 5.34725790e-01
 5.37901031e-01
 5.39810104e-01
 5.40820728e-01
 5.41281489e-01
 5.41463149e-01
 5.41510797e-01
 -2.71647534e-02
 -2.52909861e-02
 -1.96885618e-02
 -1.04179162e-02
 2.41289458e-03
 1.86452803e-02
 3.80681005e-02
 6.04143480e-02
 8.53578734e-02
 1.12512036e-01
 1.41431495e-01
 1.71618057e-01
 2.02531236e-01
 2.33603718e-01
 2.64261312e-01
 2.93946156e-01
 3.22141298e-01
 3.48394381e-01
 3.72338248e-01
 3.93706502e-01
 4.12342444e-01
 4.28200458e-01
 4.41339763e-01
 4.51911312e-01
 4.60139636e-01
 4.66302756e-01
 4.70715398e-01
 4.73720995e-01
 4.75688085e-01
 4.76982623e-01
 4.77883100e-01
 4.78480593e-01
 4.78700733e-01
 -2.85575556e-02
 -2.69171674e-02
 -2.20179896e-02
 -1.39224074e-02
 -2.72965974e-03
 1.14211320e-02
 2.83457658e-02
 4.78116684e-02
 6.95360548e-02
 9.31851209e-02
 1.18375185e-01
 1.44677010e-01
 1.71624184e-01
 1.98725965e-01
 2.25484316e-01
 2.51414170e-01
 2.76064976e-01
 2.99041420e-01
 3.20021520e-01
 3.38770568e-01
 3.55149426e-01
 3.69116276e-01
 3.80721826e-01
 3.90098789e-01
 3.97446675e-01
 4.03011964e-01
 4.07061300e-01
 4.09843971e-01
 4.11550786e-01
 4.12313931e-01
 4.12315387e-01
 4.11945962e-01
 4.11734793e-01
 -2.96400797e-02
 -2.82435411e-02
 -2.40662767e-02
 -1.71522178e-02
 -7.58569766e-03
 4.50890567e-03
 1.89701332e-02
 3.55988931e-02
 5.41560582e-02
 7.43607413e-02
 9.58903740e-02
 1.18383494e-01
 1.41446067e-01
 1.64661738e-01
 1.87606137e-01
 2.09864610e-01
 2.31051034e-01
 2.50825386e-01
 2.68909270e-01
 2.85098381e-01
 2.99270391e-01
 3.11387045e-01
 3.21490554e-01
 3.29695423e-01
 3.36177188e-01
 3.41159321e-01
 3.44900020e-01
 3.47683580e-01
 3.49819396e-01
 3.51617605e-01
 3.53257182e-01
 3.54572660e-01
 3.55100475e-01
 -3.06118787e-02
 -2.94300001e-02
 -2.59077795e-02
 -2.01040186e-02
 -1.20980664e-02
 -1.99089804e-03
 1.00875031e-02
 2.39748966e-02
 3.94761405e-02
 5.63623299e-02
 7.43701547e-02
 9.32033034e-02
 1.12537015e-01
 1.32025641e-01
 1.51314183e-01
 1.70054556e-01
 1.87922236e-01
 2.04629899e-01
 2.19940195e-01
 2.33677062e-01
 2.45733559e-01
 2.56074159e-01
 2.64731469e-01
 2.71799024e-01
 2.77421665e-01
 2.81784741e-01
 2.85100117e-01
 2.87579202e-01
 2.89377230e-01
 2.90531850e-01
 2.91022793e-01
 2.91014609e-01
 2.90927778e-01
 -3.11415661e-02
 -3.02007994e-02
 -2.73795099e-02
 -2.26958421e-02
 -1.62043800e-02
 -7.99385429e-03
 1.82350147e-03
 1.31157753e-02
 2.57292524e-02
 3.94848434e-02
 5.41752476e-02
 6.95651065e-02
 8.53948304e-02
 1.01384728e-01
 1.17242719e-01
 1.32681940e-01
 1.47436651e-01
 1.61268879e-01
 1.73978945e-01
 1.85415946e-01
 1.95486571e-01
 2.04157436e-01
 2.11451097e-01
 2.17438787e-01
 2.22229762e-01
 2.25960405e-01
 2.28783850e-01
 2.30866623e-01
 2.32407499e-01
 2.33660621e-01
 2.34842373e-01
 2.35867398e-01
 2.36300878e-01
 -3.17881696e-02
 -3.10258374e-02
 -2.87589312e-02
 -2.50342299e-02
 -1.99074329e-02
 -1.34424846e-02
 -5.71724345e-03
 3.17433157e-03
 1.31208068e-02
 2.39906929e-02
 3.56280344e-02
 4.78520347e-02
 6.04641292e-02
 7.32458513e-02
 8.59583337e-02
 9.83686478e-02
 1.10269204e-01
 1.21466449e-01
 1.31794687e-01
 1.41123809e-01
 1.49372297e-01
 1.56509285e-01
 1.62547951e-01
 1.67540199e-01
 1.71562358e-01
 1.74704956e-01
 1.77061708e-01
 1.78713179e-01
 1.79705899e-01
 1.80051724e-01
 1.79819859e-01
 1.79317514e-01
 1.79058219e-01
 -3.20885410e-02
 -3.15190843e-02
 -2.98195753e-02
 -2.70167880e-02
 -2.31524164e-02
 -1.82764401e-02
 -1.24441129e-02
 -5.71767804e-03
 1.82898010e-03
 1.01084320e-02
 1.90102531e-02
 2.83972455e-02
 3.81299270e-02
 4.80482826e-02
 5.79517142e-02
 6.76500764e-02
 7.70011966e-02
 8.58449498e-02
 9.40485322e-02
 1.01495223e-01
 1.08113976e-01
 1.13878544e-01
 1.18792129e-01
 1.22895276e-01
 1.26237788e-01
 1.28876682e-01
 1.30873897e-01
 1.32292875e-01
 1.33191446e-01
 1.33623836e-01
 1.33674857e-01
 1.33524278e-01
 1.33429098e-01
 -3.22472335e-02
 -3.18488828e-02
 -3.06547022e-02
 -2.86731719e-02
 -2.59285178e-02
 -2.24536630e-02
 -1.82819038e-02
 -1.34471216e-02
 -7.99343712e-03
 -1.96724404e-03
 4.56351752e-03
 1.14825336e-02
 1.87154194e-02
 2.61606510e-02
 3.36351929e-02
 4.09704095e-02
 4.81177790e-02
 5.49203353e-02
 6.12894757e-02
 6.71057055e-02
 7.23096829e-02
 7.68855085e-02
 8.08181701e-02
 8.41534622e-02
 8.69162712e-02
 8.91399307e-02
 9.08661933e-02
 9.21723425e-02
 9.31937340e-02
 9.41428288e-02
 9.52043276e-02
 9.62321169e-02
 9.66870651e-02
 -3.24346047e-02
 -3.21650526e-02
 -3.13637750e-02
 -3.00476184e-02
 -2.82371513e-02
 -2.59421766e-02
 -2.31667940e-02
 -1.99160884e-02
 -1.62159747e-02
 -1.20755628e-02
 -7.50869690e-03
 -2.66131872e-03
 2.48424353e-03
 7.88076751e-03
 1.33445441e-02
 1.86832385e-02
 2.40120322e-02
 2.91037830e-02
 3.39575235e-02
 3.84142398e-02
 4.24349075e-02
 4.60262905e-02
 4.91289663e-02
 5.18299836e-02
 5.41142565e-02
 5.60057601e-02
 5.75085994e-02
 5.86801084e-02
 5.95924606e-02
 6.02853619e-02
 6.07792469e-02
 6.10737654e-02
 6.11684788e-02
 -3.25438827e-02
 -3.23772618e-02
 -3.18930473e-02
 -3.11148152e-02
 -3.00586610e-02
 -2.87083673e-02
 -2.70411612e-02
 -2.50406512e-02
 -2.27273941e-02
 -2.00890074e-02
 -1.70404839e-02
 -1.38529040e-02
 -1.03533289e-02
 -6.56207404e-03
 -2.65856335e-03
 1.05931782e-03
 4.99103415e-03
 8.70951898e-03
 1.23910951e-02
 1.57712370e-02
 1.88519553e-02
 2.16818945e-02
 2.41070878e-02
 2.63211531e-02
 2.82232965e-02
 2.98688624e-02
 3.11896480e-02
 3.22322924e-02
 3.30293497e-02
 3.34475439e-02
 3.33661876e-02
 3.29756082e-02
 3.27599589e-02
 -3.25595931e-02
 -3.24744943e-02
 -3.22391466e-02
 -3.18706192e-02
 -3.13770137e-02
 -3.07202577e-02
 -2.98525021e-02
 -2.87533587e-02
 -2.74365308e-02
 -2.59072807e-02
 -2.39088868e-02
 -2.19548927e-02
 -1.96347952e-02
 -1.69999722e-02
 -1.41877673e-02
 -1.16963622e-02
 -8.72250594e-03
 -6.03016949e-03
 -3.16525855e-03
 -5.69848561e-04
 1.82481987e-03
 4.12655067e-03
 6.03253965e-03
 7.91732525e-03
 9.52808971e-03
 1.10186392e-02
 1.22015487e-02
 1.31446530e-02
 1.39396944e-02
 1.44129107e-02
 1.43996851e-02
 1.39818373e-02
 1.37026782e-02
 -3.25311401e-02
 -3.25012152e-02
 -3.24302515e-02
 -3.23225458e-02
 -3.21765254e-02
 -3.19465836e-02
 -3.15570336e-02
 -3.10041515e-02
 -3.02805500e-02
 -2.94455992e-02
 -2.80434250e-02
 -2.68644070e-02
 -2.52459569e-02
 -2.33142171e-02
 -2.11337892e-02
 -1.94255619e-02
 -1.69913712e-02
 -1.49474282e-02
 -1.25536850e-02
 -1.04393095e-02
 -8.46463039e-03
 -6.46510500e-03
 -4.89667909e-03
 -3.19073865e-03
 -1.77294077e-03
 -3.56450134e-04
 7.36777786e-04
 1.60718153e-03
 2.43680763e-03
 3.04804048e-03
 3.34073930e-03
 3.33973581e-03
 3.26244921e-03
 -3.25140000e-02
 -3.25077429e-02
 -3.24926078e-02
 -3.24741670e-02
 -3.24446177e-02
 -3.23595278e-02
 -3.21278992e-02
 -3.17588474e-02
 -3.12305745e-02
 -3.06347366e-02
 -2.94219906e-02
 -2.85099945e-02
 -2.71228455e-02
 -2.54282294e-02
 -2.34521485e-02
 -2.20161838e-02
 -1.97528294e-02
 -1.79329905e-02
 -1.56913687e-02
 -1.37397377e-02
 -1.19068571e-02
 -1.00041683e-02
 -8.55470428e-03
 -6.90311212e-03
 -5.55480003e-03
 -4.15772605e-03
 -3.09604493e-03
 -2.25332552e-03
 -1.40434270e-03
 -7.30448296e-04
 -2.95006863e-04
 -6.81930445e-05
 0.00000000e+00
