 0.00000000e+00
 -2.94750033e-04
 -1.26644702e-03
 -2.89459543e-03
 -4.84698930e-03
 -7.17736319e-03
 -9.13010205e-03
 -1.12040736e-02
 -1.27879229e-02
 -1.37625980e-02
 -1.40940000e-02
 7.56557229e-03
 7.53245944e-03
 6.52241515e-03
 4.22771647e-03
 1.16967969e-03
 -2.39558860e-03
 -5.75006051e-03
 -9.01157970e-03
 -1.15759411e-02
 -1.31637704e-02
 -1.36898944e-02
 3.22276757e-02
 3.17452731e-02
 2.94608840e-02
 2.49045147e-02
 1.86493715e-02
 1.14202701e-02
 4.10072880e-03
 -2.67366977e-03
 -8.08756888e-03
 -1.15297693e-02
 -1.26989256e-02
 7.31417861e-02
 7.11270018e-02
 6.56622411e-02
 5.71031759e-02
 4.58096204e-02
 3.27978943e-02
 1.94368852e-02
 7.15033207e-03
 -2.71312538e-03
 -9.10430955e-03
 -1.13286309e-02
 1.21547265e-01
 1.18990161e-01
 1.10851466e-01
 9.73514981e-02
 7.96806659e-02
 5.94132722e-02
 3.85732892e-02
 1.94188865e-02
 4.07093683e-03
 -5.81126762e-03
 -9.21330600e-03
 1.77325548e-01
 1.72644112e-01
 1.59959102e-01
 1.40859622e-01
 1.16357037e-01
 8.82622092e-02
 5.93365637e-02
 3.27483934e-02
 1.14559991e-02
 -2.24983596e-03
 -6.97337743e-03
 2.23070336e-01
 2.18893825e-01
 2.05429540e-01
 1.82476787e-01
 1.51759248e-01
 1.16150234e-01
 7.94152180e-02
 4.56393181e-02
 1.85976957e-02
 1.19110236e-03
 -4.80862444e-03
 2.69021627e-01
 2.63140320e-01
 2.46137144e-01
 2.18868441e-01
 1.82505959e-01
 1.40264723e-01
 9.67703367e-02
 5.67654777e-02
 2.47561942e-02
 4.21491787e-03
 -2.85982935e-03
 3.02690482e-01
 2.96059623e-01
 2.76975962e-01
 2.47042563e-01
 2.05997476e-01
 1.58489256e-01
 1.09953718e-01
 6.51902494e-02
 2.92164121e-02
 6.48840963e-03
 -1.24930965e-03
 3.22705137e-01
 3.15125691e-01
 2.95066271e-01
 2.65319939e-01
 2.20463951e-01
 1.69641709e-01
 1.18121652e-01
 7.05275693e-02
 3.14200572e-02
 7.51339170e-03
 -2.94456749e-04
 3.29372000e-01
 3.21088567e-01
 3.00751836e-01
 2.71942416e-01
 2.25239451e-01
 1.73382613e-01
 1.20863929e-01
 7.24409790e-02
 3.18894588e-02
 7.56990093e-03
 -1.08420217e-19
