 9.98361000e-01
 9.98234077e-01
 9.97926342e-01
 9.97550083e-01
 9.96950612e-01
 9.95241042e-01
 9.90704481e-01
 9.84576403e-01
 9.75091915e-01
 9.61198085e-01
 9.38766705e-01
 9.16326940e-01
 8.79135147e-01
 8.53586351e-01
 8.03495906e-01
 7.56542108e-01
 7.10871701e-01
 6.51712294e-01
 5.90731121e-01
 5.30573934e-01
 4.64803309e-01
 4.00886754e-01
 3.39812436e-01
 2.80248343e-01
 2.31959554e-01
 1.81084116e-01
 1.30347896e-01
 9.33768314e-02
 6.25631298e-02
 3.68336207e-02
 1.69956111e-02
 4.35341349e-03
 0.00000000e+00
 9.98174267e-01
 9.98062354e-01
 9.97923370e-01
 9.97597774e-01
 9.96983961e-01
 9.95177962e-01
 9.90768732e-01
 9.84537219e-01
 9.75044007e-01
 9.60979744e-01
 9.38969009e-01
 9.16001481e-01
 8.79761826e-01
 8.52942805e-01
 8.03802591e-01
 7.56743643e-01
 7.10556762e-01
 6.51709763e-01
 5.90807029e-01
 5.30406379e-01
 4.64870952e-01
 4.00986120e-01
 3.39841512e-01
 2.80578201e-01
 2.31580663e-01
 1.80758129e-01
 1.30774634e-01
 9.33499838e-02
 6.23112061e-02
 3.64858978e-02
 1.67304083e-02
 4.23195204e-03
 3.30399854e-12
 9.97755755e-01
 9.97845435e-01
 9.97960431e-01
 9.97714700e-01
 9.96996654e-01
 9.94999032e-01
 9.90802806e-01
 9.84372090e-01
 9.74782867e-01
 9.60399005e-01
 9.39290023e-01
 9.15239885e-01
 8.81125372e-01
 8.51368207e-01
 8.04447743e-01
 7.57205506e-01
 7.09702605e-01
 6.51619987e-01
 5.90924798e-01
 5.29953547e-01
 4.64994320e-01
 4.01217795e-01
 3.39948937e-01
 2.81311533e-01
 2.30644236e-01
 1.79974645e-01
 1.31654326e-01
 9.33127216e-02
 6.16754956e-02
 3.56856163e-02
 1.61643023e-02
 4.05762383e-03
 1.89536341e-12
 9.97383049e-01
 9.97471806e-01
 9.97652425e-01
 9.97515223e-01
 9.96696186e-01
 9.94560476e-01
 9.90456906e-01
 9.83865868e-01
 9.74055096e-01
 9.59477592e-01
 9.39158768e-01
 9.14311664e-01
 8.82168831e-01
 8.49482817e-01
 8.04836424e-01
 7.57534311e-01
 7.08469344e-01
 6.51229490e-01
 5.90816078e-01
 5.29277663e-01
 4.64978699e-01
 4.01408520e-01
 3.40101763e-01
 2.81937100e-01
 2.29545784e-01
 1.79069798e-01
 1.32294974e-01
 9.32569715e-02
 6.09544680e-02
 3.48821809e-02
 1.56649494e-02
 3.92837267e-03
 -5.18446547e-12
 9.97046058e-01
 9.97098092e-01
 9.97115477e-01
 9.96783423e-01
 9.95750279e-01
 9.93472095e-01
 9.89321066e-01
 9.82603825e-01
 9.72550005e-01
 9.57941369e-01
 9.38095746e-01
 9.13027513e-01
 8.82058011e-01
 8.47459018e-01
 8.04409078e-01
 7.57203696e-01
 7.06859588e-01
 6.50260004e-01
 5.90162360e-01
 5.28305653e-01
 4.64586823e-01
 4.01321505e-01
 3.40103992e-01
 2.82093290e-01
 2.28512296e-01
 1.78190780e-01
 1.32383880e-01
 9.30764420e-02
 6.03728843e-02
 3.43177228e-02
 1.53501123e-02
 3.84800750e-03
 2.64645403e-13
 9.95803211e-01
 9.95679188e-01
 9.95355526e-01
 9.94758086e-01
 9.93535025e-01
 9.91128344e-01
 9.86880076e-01
 9.80049791e-01
 9.69829914e-01
 9.55264157e-01
 9.35692130e-01
 9.10764622e-01
 8.80331709e-01
 8.44862643e-01
 8.02718423e-01
 7.55691324e-01
 7.04593296e-01
 6.48400819e-01
 5.88643969e-01
 5.26783266e-01
 4.63561703e-01
 4.00680276e-01
 3.39651185e-01
 2.81643303e-01
 2.27478204e-01
 1.77276119e-01
 1.31982090e-01
 9.27046141e-02
 5.99220105e-02
 3.39595520e-02
 1.51666762e-02
 3.80141793e-03
 -4.65622974e-12
 9.91435729e-01
 9.91411299e-01
 9.91217329e-01
 9.90618873e-01
 9.89316406e-01
 9.86827323e-01
 9.82499266e-01
 9.75587437e-01
 9.65295679e-01
 9.50802105e-01
 9.31440993e-01
 9.06770371e-01
 8.76617831e-01
 8.40944363e-01
 7.99318294e-01
 7.52519741e-01
 7.01168313e-01
 6.45290682e-01
 5.85925866e-01
 5.24334506e-01
 4.61610745e-01
 3.99186459e-01
 3.38444343e-01
 2.80510492e-01
 2.26214091e-01
 1.76175673e-01
 1.31214570e-01
 9.21306787e-02
 5.94811194e-02
 3.36758238e-02
 1.50326244e-02
 3.76749867e-03
 4.48202494e-12
 9.83875737e-01
 9.83834874e-01
 9.83714107e-01
 9.83333307e-01
 9.82223215e-01
 9.79802489e-01
 9.75462263e-01
 9.68524395e-01
 9.58240627e-01
 9.43854128e-01
 9.24707651e-01
 9.00322729e-01
 8.70436380e-01
 8.34913081e-01
 7.93696050e-01
 7.47214709e-01
 6.95995352e-01
 6.40501481e-01
 5.81634181e-01
 5.20538053e-01
 4.58402651e-01
 3.96540060e-01
 3.36227651e-01
 2.78567662e-01
 2.24467077e-01
 1.74721058e-01
 1.30110726e-01
 9.13352044e-02
 5.89467941e-02
 3.33640184e-02
 1.48914891e-02
 3.73205439e-03
 1.27368479e-12
 9.72923285e-01
 9.73136442e-01
 9.73427971e-01
 9.73176591e-01
 9.71960867e-01
 9.69424936e-01
 9.65043236e-01
 9.58126013e-01
 9.47920744e-01
 9.33693583e-01
 9.14798969e-01
 8.90740220e-01
 8.61202853e-01
 8.26039924e-01
 7.85290588e-01
 7.39275180e-01
 6.88490566e-01
 6.33558845e-01
 5.75358534e-01
 5.14973674e-01
 4.53589983e-01
 3.92452156e-01
 3.32770632e-01
 2.75637897e-01
 2.22011666e-01
 1.72746005e-01
 1.28610531e-01
 9.02671246e-02
 5.82496591e-02
 3.29666379e-02
 1.47135834e-02
 3.68742801e-03
 2.01287191e-12
 9.62646682e-01
 9.62037466e-01
 9.60641547e-01
 9.59093654e-01
 9.57355317e-01
 9.54758864e-01
 9.50461619e-01
 9.43663051e-01
 9.33614905e-01
 9.19614190e-01
 9.01034792e-01
 8.77377071e-01
 8.48307253e-01
 8.13676283e-01
 7.73541529e-01
 7.28190909e-01
 6.78114753e-01
 6.23985965e-01
 5.66680456e-01
 5.07246589e-01
 4.46838342e-01
 3.86651818e-01
 3.27854734e-01
 2.71529922e-01
 2.18653455e-01
 1.70094962e-01
 1.26615376e-01
 8.88565163e-02
 5.73352181e-02
 3.24478587e-02
 1.44818230e-02
 3.62934018e-03
 2.74719873e-15
 9.33452126e-01
 9.34228607e-01
 9.35886141e-01
 9.37119181e-01
 9.37009544e-01
 9.35127910e-01
 9.31126679e-01
 9.24517219e-01
 9.14686187e-01
 9.00983073e-01
 8.82802556e-01
 8.59649694e-01
 8.31186785e-01
 7.97263528e-01
 7.57937777e-01
 7.13486131e-01
 6.64395228e-01
 6.11348127e-01
 5.55212373e-01
 4.97007302e-01
 4.37850239e-01
 3.78896222e-01
 3.21279157e-01
 2.66065660e-01
 2.14228257e-01
 1.66631937e-01
 1.24024965e-01
 8.70324239e-02
 5.61557993e-02
 3.17796986e-02
 1.41834973e-02
 3.55456388e-03
 1.08047328e-12
 9.18268957e-01
 9.17771817e-01
 9.16594457e-01
 9.15188628e-01
 9.13483631e-01
 9.10908382e-01
 9.06726923e-01
 9.00201937e-01
 8.90615529e-01
 8.77285485e-01
 8.59603749e-01
 8.37080084e-01
 8.09380198e-01
 7.76354984e-01
 7.38060281e-01
 6.94765636e-01
 6.46950337e-01
 5.95289948e-01
 5.40634468e-01
 4.83972937e-01
 4.26384892e-01
 3.68986061e-01
 3.12876488e-01
 2.59098331e-01
 2.08606325e-01
 1.62248785e-01
 1.20756002e-01
 8.47351797e-02
 5.46722535e-02
 3.09397606e-02
 1.38085644e-02
 3.46060075e-03
 -1.11220097e-12
 8.85247554e-01
 8.85300779e-01
 8.85221090e-01
 8.84589036e-01
 8.83138008e-01
 8.80612116e-01
 8.76538342e-01
 8.70248368e-01
 8.61018218e-01
 8.48165680e-01
 8.31097167e-01
 8.09339420e-01
 7.82570084e-01
 7.50645207e-01
 7.13619171e-01
 6.71753993e-01
 6.25516712e-01
 5.75565452e-01
 5.22724573e-01
 4.67948571e-01
 4.12276622e-01
 3.56782997e-01
 3.02529655e-01
 2.50526144e-01
 2.01699187e-01
 1.56871802e-01
 1.16750974e-01
 8.19232256e-02
 5.28573081e-02
 2.99124764e-02
 1.33500508e-02
 3.34568701e-03
 3.17724510e-13
 8.47662693e-01
 8.47415850e-01
 8.46885602e-01
 8.46314420e-01
 8.45465654e-01
 8.43689529e-01
 8.40251532e-01
 8.34479427e-01
 8.25751863e-01
 8.13481955e-01
 7.97138201e-01
 7.76283651e-01
 7.50615568e-01
 7.19997966e-01
 6.84483876e-01
 6.44325799e-01
 5.99973780e-01
 5.52061415e-01
 5.01380512e-01
 4.48845633e-01
 3.95451199e-01
 3.42225468e-01
 2.90186350e-01
 2.40303111e-01
 1.93466285e-01
 1.50466570e-01
 1.11982528e-01
 7.85765256e-02
 5.06977109e-02
 2.86902563e-02
 1.28045555e-02
 3.20898035e-03
 9.10704323e-13
 7.96619786e-01
 7.97566080e-01
 7.99736724e-01
 8.01759740e-01
 8.02564470e-01
 8.01629020e-01
 7.98647771e-01
 7.93257215e-01
 7.84990210e-01
 7.73334088e-01
 7.57799030e-01
 7.37974446e-01
 7.13573474e-01
 6.84466591e-01
 6.50703974e-01
 6.12525961e-01
 5.70361253e-01
 5.24813155e-01
 4.76634783e-01
 4.26695009e-01
 3.75938016e-01
 3.25340296e-01
 2.75869207e-01
 2.28446600e-01
 1.83919791e-01
 1.43041026e-01
 1.06455602e-01
 7.46980590e-02
 4.81951965e-02
 2.72740274e-02
 1.21724817e-02
 3.05057284e-03
 4.75283298e-12
 7.66254111e-01
 7.65358348e-01
 7.63214552e-01
 7.60805317e-01
 7.58528837e-01
 7.55984769e-01
 7.52397330e-01
 7.46981573e-01
 7.39051442e-01
 7.28013230e-01
 7.13359231e-01
 6.94683250e-01
 6.71706582e-01
 6.44303330e-01
 6.12518944e-01
 5.76579052e-01
 5.36887232e-01
 4.94011608e-01
 4.48661111e-01
 4.01653247e-01
 3.53876181e-01
 3.06248583e-01
 2.59680870e-01
 2.15040955e-01
 1.73126734e-01
 1.34646557e-01
 1.00207951e-01
 7.03140717e-02
 4.53665988e-02
 2.56732888e-02
 1.14580649e-02
 2.87153243e-03
 8.84535428e-12
 7.04192189e-01
 7.04701791e-01
 7.05746010e-01
 7.06373864e-01
 7.05932591e-01
 7.04173066e-01
 7.00904868e-01
 6.95778614e-01
 6.88308589e-01
 6.77973668e-01
 6.64295636e-01
 6.46886643e-01
 6.25480691e-01
 5.99956994e-01
 5.70356082e-01
 5.36887216e-01
 4.99925865e-01
 4.60000907e-01
 4.17772297e-01
 3.74000965e-01
 3.29513563e-01
 2.85165225e-01
 2.41803569e-01
 2.00236796e-01
 1.61207987e-01
 1.25376826e-01
 9.33090603e-02
 6.54732021e-02
 4.22432546e-02
 2.39057601e-02
 1.06692105e-02
 2.67383464e-03
 2.17720950e-12
 6.54527348e-01
 6.54062843e-01
 6.52937595e-01
 6.51593849e-01
 6.50101321e-01
 6.48089276e-01
 6.45002862e-01
 6.40283677e-01
 6.33407897e-01
 6.23887811e-01
 6.11288886e-01
 5.95258070e-01
 5.75551850e-01
 5.52059081e-01
 5.24816671e-01
 4.94016772e-01
 4.60004557e-01
 4.23266428e-01
 3.84409397e-01
 3.44133366e-01
 3.03198712e-01
 2.62392081e-01
 2.22493298e-01
 1.84246006e-01
 1.48333973e-01
 1.15364233e-01
 8.58573676e-02
 6.02444738e-02
 3.88696764e-02
 2.19966261e-02
 9.81715827e-03
 2.46030084e-03
 -2.00531837e-12
 5.88686746e-01
 5.88941654e-01
 5.89470810e-01
 5.89781484e-01
 5.89447690e-01
 5.88163527e-01
 5.85625092e-01
 5.81466631e-01
 5.75279447e-01
 5.66653148e-01
 5.55212071e-01
 5.40646733e-01
 5.22741705e-01
 5.01398453e-01
 4.76651220e-01
 4.48674532e-01
 4.17781672e-01
 3.84414132e-01
 3.49122952e-01
 3.12543546e-01
 2.75366287e-01
 2.38305450e-01
 2.02069185e-01
 1.67332829e-01
 1.34717374e-01
 1.04774131e-01
 7.79758961e-02
 5.47141884e-02
 3.53015388e-02
 1.99773908e-02
 8.91596735e-03
 2.23445046e-03
 -1.53928459e-12
 5.27686173e-01
 5.27733958e-01
 5.27837389e-01
 5.27847653e-01
 5.27488089e-01
 5.26402922e-01
 5.24216296e-01
 5.20553680e-01
 5.15044304e-01
 5.07330023e-01
 4.97084456e-01
 4.84037473e-01
 4.68000061e-01
 4.48885701e-01
 4.26725531e-01
 4.01675739e-01
 3.74016538e-01
 3.44142891e-01
 3.12547853e-01
 2.79800047e-01
 2.46517340e-01
 2.13339045e-01
 1.80899035e-01
 1.49801847e-01
 1.20603390e-01
 9.37972039e-02
 6.98065443e-02
 4.89819068e-02
 3.16030746e-02
 1.78844033e-02
 7.98186104e-03
 2.00035273e-03
 -1.18358757e-12
 4.66822521e-01
 4.66694008e-01
 4.66370370e-01
 4.65923429e-01
 4.65258683e-01
 4.64093142e-01
 4.62054739e-01
 4.58766779e-01
 4.53875404e-01
 4.47053277e-01
 4.38007956e-01
 4.26499135e-01
 4.12359018e-01
 3.95510582e-01
 3.75980683e-01
 3.53906461e-01
 3.29534415e-01
 3.03212216e-01
 2.75374019e-01
 2.46520617e-01
 2.17196232e-01
 1.87964025e-01
 1.59382399e-01
 1.31983941e-01
 1.06258409e-01
 8.26406263e-02
 6.15034940e-02
 4.31558126e-02
 2.78440837e-02
 1.57571633e-02
 7.03246747e-03
 1.76242231e-03
 -4.16786742e-13
 4.01716664e-01
 4.02014250e-01
 4.02643611e-01
 4.03076625e-01
 4.02922255e-01
 4.01996450e-01
 4.00162637e-01
 3.97222737e-01
 3.92917268e-01
 3.86966977e-01
 3.79110947e-01
 3.69133792e-01
 3.56885651e-01
 3.42297343e-01
 3.25390770e-01
 3.06283864e-01
 2.85189478e-01
 2.62408171e-01
 2.38315441e-01
 2.13344509e-01
 1.87966231e-01
 1.62667888e-01
 1.37932672e-01
 1.14221451e-01
 9.19580507e-02
 7.15187563e-02
 5.32262761e-02
 3.73478458e-02
 2.40967885e-02
 1.36365423e-02
 6.08602829e-03
 1.52523374e-03
 -1.99375562e-13
 3.46782787e-01
 3.46339654e-01
 3.45277987e-01
 3.44062117e-01
 3.42859915e-01
 3.41493416e-01
 3.39649221e-01
 3.37010396e-01
 3.33282167e-01
 3.28193841e-01
 3.21507843e-01
 3.13033112e-01
 3.02638163e-01
 2.90262047e-01
 2.75922130e-01
 2.59717738e-01
 2.41828954e-01
 2.22510366e-01
 2.02080188e-01
 1.80905635e-01
 1.59385870e-01
 1.37934015e-01
 1.16959741e-01
 9.68538134e-02
 7.79755902e-02
 6.06441311e-02
 4.51330673e-02
 3.16689956e-02
 2.04328000e-02
 1.15630650e-02
 5.16062921e-03
 1.29331668e-03
 -6.01087091e-14
 2.84136639e-01
 2.84302641e-01
 2.84554293e-01
 2.84481882e-01
 2.83925440e-01
 2.82901703e-01
 2.81365630e-01
 2.79153501e-01
 2.76044341e-01
 2.71815035e-01
 2.66267150e-01
 2.59241202e-01
 2.50627438e-01
 2.40374748e-01
 2.28497040e-01
 2.15076227e-01
 2.00261184e-01
 1.84262554e-01
 1.67343720e-01
 1.49808675e-01
 1.31987902e-01
 1.14223457e-01
 9.68545561e-02
 8.02047705e-02
 6.45716708e-02
 5.02194616e-02
 3.73747307e-02
 2.62251199e-02
 1.69204167e-02
 9.57538261e-03
 4.27352092e-03
 1.07099715e-03
 4.59080928e-14
 2.30692154e-01
 2.30359574e-01
 2.29629338e-01
 2.28919739e-01
 2.28303406e-01
 2.27558890e-01
 2.26430221e-01
 2.24715412e-01
 2.22241653e-01
 2.18846286e-01
 2.14380796e-01
 2.08722370e-01
 2.01785039e-01
 1.93528517e-01
 1.83964210e-01
 1.73158032e-01
 1.61229744e-01
 1.48348839e-01
 1.34727281e-01
 1.20609754e-01
 1.06262281e-01
 9.19602178e-02
 7.79766421e-02
 6.45720428e-02
 5.19859816e-02
 4.04311608e-02
 3.00900001e-02
 2.11135651e-02
 1.36224472e-02
 7.70903834e-03
 3.44056593e-03
 8.62247664e-04
 -6.67971527e-14
 1.74725726e-01
 1.75081441e-01
 1.75867793e-01
 1.76561084e-01
 1.76846280e-01
 1.76649139e-01
 1.75953466e-01
 1.74707857e-01
 1.72825143e-01
 1.70201834e-01
 1.66734859e-01
 1.62335242e-01
 1.56939258e-01
 1.50516902e-01
 1.43077518e-01
 1.34672490e-01
 1.25394952e-01
 1.15376683e-01
 1.04782496e-01
 9.38026550e-02
 8.26440297e-02
 7.15207559e-02
 6.06452049e-02
 5.02199584e-02
 4.04313270e-02
 3.14447326e-02
 2.34020471e-02
 1.64207586e-02
 1.05946536e-02
 5.99558869e-03
 2.67584855e-03
 6.70600931e-04
 -3.64907948e-14
 1.30340151e-01
 1.30511618e-01
 1.30902048e-01
 1.31272087e-01
 1.31446585e-01
 1.31332833e-01
 1.30865824e-01
 1.29979728e-01
 1.28603732e-01
 1.26664117e-01
 1.24089167e-01
 1.20816454e-01
 1.16800721e-01
 1.12020664e-01
 1.06483644e-01
 1.00228031e-01
 9.33231589e-02
 8.58670897e-02
 7.79824615e-02
 6.98108591e-02
 6.15062278e-02
 5.32279246e-02
 4.51339960e-02
 3.73752053e-02
 3.00902072e-02
 2.34021118e-02
 1.74165037e-02
 1.22208193e-02
 7.88485789e-03
 4.46209619e-03
 1.99144630e-03
 4.99080329e-04
 3.11668649e-15
 9.44548645e-02
 9.40922912e-02
 9.33370860e-02
 9.27221394e-02
 9.23916900e-02
 9.21576735e-02
 9.18011286e-02
 9.11851766e-02
 9.02292049e-02
 8.88744253e-02
 8.70705798e-02
 8.47752270e-02
 8.19576579e-02
 7.86034782e-02
 7.47180895e-02
 7.03284947e-02
 6.54833624e-02
 6.02514980e-02
 5.47189468e-02
 4.89850494e-02
 4.31578203e-02
 3.73490735e-02
 3.16697045e-02
 2.62254990e-02
 2.11137471e-02
 1.64208323e-02
 1.22208403e-02
 8.57512419e-03
 5.53265948e-03
 3.13097081e-03
 1.39736128e-03
 3.50196657e-04
 6.66046116e-16
 5.96811330e-02
 5.96812678e-02
 5.96678737e-02
 5.96328043e-02
 5.95699027e-02
 5.94501043e-02
 5.92217302e-02
 5.88258960e-02
 5.82120414e-02
 5.73402183e-02
 5.61775721e-02
 5.46970709e-02
 5.28792845e-02
 5.07151459e-02
 4.82082402e-02
 4.53760236e-02
 4.22499071e-02
 3.88742825e-02
 3.53046646e-02
 3.16051445e-02
 2.78454118e-02
 2.40976066e-02
 2.04332781e-02
 1.69206780e-02
 1.36225779e-02
 1.05947114e-02
 7.88487915e-03
 5.53266480e-03
 3.56966884e-03
 2.02010031e-03
 9.01576711e-04
 2.25944908e-04
 4.51366781e-17
 3.18968757e-02
 3.22054238e-02
 3.28713131e-02
 3.34069754e-02
 3.36250052e-02
 3.36275350e-02
 3.35103769e-02
 3.32880936e-02
 3.29415396e-02
 3.24487988e-02
 3.17911888e-02
 3.09535019e-02
 2.99248366e-02
 2.87001317e-02
 2.72814401e-02
 2.56786548e-02
 2.39095510e-02
 2.19992533e-02
 1.99791747e-02
 1.78855865e-02
 1.57579237e-02
 1.36370126e-02
 1.15633412e-02
 9.57553528e-03
 7.70911573e-03
 5.99562450e-03
 4.46211001e-03
 3.13097564e-03
 2.02010093e-03
 1.14318998e-03
 5.10208372e-04
 1.27867100e-04
 1.82464885e-15
 1.33105048e-02
 1.36752250e-02
 1.43511759e-02
 1.48080707e-02
 1.49832953e-02
 1.50040588e-02
 1.49550779e-02
 1.48562535e-02
 1.47017292e-02
 1.44819141e-02
 1.41884842e-02
 1.38146423e-02
 1.33555552e-02
 1.28089629e-02
 1.21757961e-02
 1.14604644e-02
 1.06709076e-02
 9.81833356e-03
 8.91676670e-03
 7.98239050e-03
 7.03280887e-03
 6.08623888e-03
 5.16075393e-03
 4.27358932e-03
 3.44060162e-03
 2.67586442e-03
 1.99145348e-03
 1.39736295e-03
 9.01577880e-04
 5.10208084e-04
 2.27708419e-04
 5.70627244e-05
 -2.57062357e-15
 3.16310006e-03
 3.31563699e-03
 3.55304085e-03
 3.69664255e-03
 3.75090405e-03
 3.75921077e-03
 3.74773182e-03
 3.72310916e-03
 3.68442245e-03
 3.62933850e-03
 3.55580869e-03
 3.46211822e-03
 3.34706765e-03
 3.21008336e-03
 3.05140506e-03
 2.87213300e-03
 2.67426112e-03
 2.46059479e-03
 2.23465165e-03
 2.00048487e-03
 1.76250859e-03
 1.52528598e-03
 1.29334859e-03
 1.07101372e-03
 8.62257292e-04
 6.70604227e-04
 4.99082961e-04
 3.50196066e-04
 2.25946823e-04
 1.27863663e-04
 5.70671222e-05
 1.43036291e-05
 0.00000000e+00
 0.00000000e+00
 -5.08013312e-13
 -3.72299675e-15
 2.84205074e-14
 -2.64474443e-14
 -7.05967424e-14
 1.11135194e-14
 -2.01361243e-14
 1.23620051e-14
 8.65677540e-14
 3.46860726e-14
 3.98435396e-14
 1.98514409e-13
 -5.18203982e-14
 -4.52383704e-14
 4.58236719e-14
 1.46171925e-13
 -9.42744175e-15
 -3.23331078e-14
 2.11940664e-14
 8.18729591e-15
 1.99545638e-17
 4.84233443e-15
 7.87558221e-16
 -2.15371667e-17
 1.45036661e-15
 9.99074435e-17
 -2.12560519e-16
 5.40092559e-17
 4.66560819e-17
 2.28906087e-16
 0.00000000e+00
 0.00000000e+00
