 0.00000000e+00
 -5.71077351e-12
 1.02539265e-11
 -7.97730185e-14
 -1.10607874e-12
 -1.90836626e-12
 3.24175603e-12
 3.63149111e-11
 7.11098734e-13
 -1.63947960e-11
 -1.38414237e-12
 3.74124837e-12
 1.73770584e-12
 -6.67300422e-12
 9.50494104e-12
 -9.80620304e-13
 -6.04015835e-11
 -5.50782482e-11
 -1.20094222e-12
 -1.27466339e-11
 1.17677766e-10
 -3.08679300e-10
 -1.93341515e-11
 2.67570556e-11
 2.15086166e-11
 -3.86143071e-10
 1.47780964e-11
 -5.87394385e-11
 8.42278825e-11
 -9.77373399e-11
 6.80231958e-11
 6.22144819e-10
 0.00000000e+00
 1.60998881e-11
 1.43155950e-05
 5.71151149e-05
 1.27981835e-04
 2.26149411e-04
 3.50514222e-04
 4.99536480e-04
 6.71220165e-04
 8.63057185e-04
 1.07202499e-03
 1.29459571e-03
 1.52679981e-03
 1.76431862e-03
 2.00262805e-03
 2.23716390e-03
 2.46351998e-03
 2.67764101e-03
 2.87601893e-03
 3.05584882e-03
 3.21516312e-03
 3.35289936e-03
 3.46894142e-03
 3.56409094e-03
 3.64004517e-03
 3.69934338e-03
 3.74550023e-03
 3.78342680e-03
 3.82068770e-03
 3.86812893e-03
 3.93700530e-03
 4.02935499e-03
 4.13387979e-03
 4.19916264e-03
 -1.31035328e-11
 5.71179872e-05
 2.27913668e-04
 5.10668557e-04
 9.02391673e-04
 1.39862898e-03
 1.99326563e-03
 2.67831977e-03
 3.44379512e-03
 4.27762260e-03
 5.16573169e-03
 6.09227742e-03
 7.04003269e-03
 7.99093998e-03
 8.92679261e-03
 9.83000295e-03
 1.06843961e-02
 1.14759664e-02
 1.21935298e-02
 1.28292250e-02
 1.33788239e-02
 1.38418472e-02
 1.42215072e-02
 1.45245421e-02
 1.47611008e-02
 1.49450816e-02
 1.50959643e-02
 1.52432855e-02
 1.54300023e-02
 1.57004785e-02
 1.60622942e-02
 1.64237637e-02
 1.65825934e-02
 5.28777364e-12
 1.27979425e-04
 5.10667893e-04
 1.14422089e-03
 2.02192521e-03
 3.13381048e-03
 4.46617071e-03
 6.00112376e-03
 7.71627072e-03
 9.58456950e-03
 1.15744931e-02
 1.36505389e-02
 1.57741072e-02
 1.79047375e-02
 2.00016356e-02
 2.20253935e-02
 2.39397691e-02
 2.57133790e-02
 2.73211631e-02
 2.87455024e-02
 2.99769154e-02
 3.10143126e-02
 3.18648547e-02
 3.25435570e-02
 3.30729375e-02
 3.34834538e-02
 3.38165468e-02
 3.41323849e-02
 3.45147353e-02
 3.50409835e-02
 3.56940224e-02
 3.62864888e-02
 3.65329858e-02
 1.34831715e-12
 2.26149894e-04
 9.02389355e-04
 2.02192063e-03
 3.57289043e-03
 5.53767185e-03
 7.89205041e-03
 1.06044241e-02
 1.36352140e-02
 1.69366335e-02
 2.04529730e-02
 2.41214953e-02
 2.78739927e-02
 3.16389674e-02
 3.53443325e-02
 3.89204496e-02
 4.23032744e-02
 4.54373451e-02
 4.82783698e-02
 5.07951960e-02
 5.29710337e-02
 5.48038817e-02
 5.63062350e-02
 5.75042583e-02
 5.84368072e-02
 5.91549380e-02
 5.97232888e-02
 6.02249747e-02
 6.07640989e-02
 6.14322623e-02
 6.22016861e-02
 6.28492512e-02
 6.31018699e-02
 3.05341028e-11
 3.50510778e-04
 1.39861813e-03
 3.13378979e-03
 5.53764690e-03
 8.58287599e-03
 1.22319426e-02
 1.64358688e-02
 2.11333093e-02
 2.62501999e-02
 3.17001940e-02
 3.73860553e-02
 4.32020663e-02
 4.90374111e-02
 5.47803586e-02
 6.03229728e-02
 6.55659823e-02
 7.04234134e-02
 7.48265885e-02
 7.87271699e-02
 8.20990226e-02
 8.49388229e-02
 8.72654667e-02
 8.91184823e-02
 9.05556625e-02
 9.16497823e-02
 9.24829397e-02
 9.31358384e-02
 9.36738802e-02
 9.41443927e-02
 9.45822161e-02
 9.49589598e-02
 9.51216345e-02
 -3.52428973e-12
 4.99529228e-04
 1.99323510e-03
 4.46610496e-03
 7.89195178e-03
 1.22318447e-02
 1.74322943e-02
 2.34234979e-02
 3.01180296e-02
 3.74103354e-02
 4.51773579e-02
 5.32805190e-02
 6.15691535e-02
 6.98853286e-02
 7.80698058e-02
 8.59687504e-02
 9.34406689e-02
 1.00363002e-01
 1.06637808e-01
 1.12196069e-01
 1.17000285e-01
 1.21045218e-01
 1.24356796e-01
 1.26989298e-01
 1.29020853e-01
 1.30546538e-01
 1.31665902e-01
 1.32457900e-01
 1.32941723e-01
 1.33060447e-01
 1.32776899e-01
 1.32285752e-01
 1.32034565e-01
 -6.60215008e-12
 6.71200490e-04
 2.67824348e-03
 6.00095875e-03
 1.06041551e-02
 1.64355261e-02
 2.34231970e-02
 3.14733759e-02
 4.04685895e-02
 5.02670063e-02
 6.07032753e-02
 7.15911889e-02
 8.27282983e-02
 9.39023865e-02
 1.04899478e-01
 1.15512851e-01
 1.25552351e-01
 1.34853233e-01
 1.43283771e-01
 1.50750982e-01
 1.57204012e-01
 1.62634940e-01
 1.67076947e-01
 1.70599880e-01
 1.73303262e-01
 1.75307069e-01
 1.76741778e-01
 1.77741095e-01
 1.78439303e-01
 1.78964320e-01
 1.79404821e-01
 1.79750662e-01
 1.79890470e-01
 -1.74962130e-12
 8.63016446e-04
 3.44363186e-03
 7.71591033e-03
 1.36346072e-02
 2.11324639e-02
 3.01170659e-02
 4.04678145e-02
 5.20336624e-02
 6.46322408e-02
 7.80509389e-02
 9.20503276e-02
 1.06370092e-01
 1.20737355e-01
 1.34876970e-01
 1.48523106e-01
 1.61431208e-01
 1.73389345e-01
 1.84227947e-01
 1.93827079e-01
 2.02120648e-01
 2.09097206e-01
 2.14797252e-01
 2.19307044e-01
 2.22749004e-01
 2.25269451e-01
 2.27027129e-01
 2.28191283e-01
 2.28955139e-01
 2.29535763e-01
 2.30091349e-01
 2.30581476e-01
 2.30788436e-01
 -4.09954149e-12
 1.07194455e-03
 4.27730365e-03
 9.58386352e-03
 1.69354225e-02
 2.62484412e-02
 3.74081284e-02
 5.02646872e-02
 6.46304967e-02
 8.02790313e-02
 9.69461992e-02
 1.14334595e-01
 1.32120868e-01
 1.49966060e-01
 1.67528380e-01
 1.84477595e-01
 2.00509866e-01
 2.15361813e-01
 2.28822548e-01
 2.40742612e-01
 2.51039025e-01
 2.59696079e-01
 2.66761787e-01
 2.72340253e-01
 2.76580182e-01
 2.79659385e-01
 2.81763429e-01
 2.83054627e-01
 2.83637251e-01
 2.83566016e-01
 2.82971846e-01
 2.82234801e-01
 2.81898151e-01
 -2.71012216e-12
 1.29445224e-03
 5.16515899e-03
 1.15732186e-02
 2.04507657e-02
 3.16969156e-02
 4.51730479e-02
 6.06982645e-02
 7.80459919e-02
 9.69426714e-02
 1.17069378e-01
 1.38066954e-01
 1.59544906e-01
 1.81093884e-01
 2.02301114e-01
 2.22767749e-01
 2.42126786e-01
 2.60060014e-01
 2.76312487e-01
 2.90703205e-01
 3.03131061e-01
 3.13575604e-01
 3.22092713e-01
 3.28805881e-01
 3.33894313e-01
 3.37579843e-01
 3.40115669e-01
 3.41779737e-01
 3.42867977e-01
 3.43661888e-01
 3.44339256e-01
 3.44875195e-01
 3.45089696e-01
 -1.48512142e-12
 1.52655733e-03
 6.09131221e-03
 1.36483882e-02
 2.41177473e-02
 3.73804151e-02
 5.32729085e-02
 7.15818849e-02
 9.20401306e-02
 1.14325018e-01
 1.38060416e-01
 1.62822738e-01
 1.88151443e-01
 2.13563740e-01
 2.38572789e-01
 2.62708157e-01
 2.85536936e-01
 3.06683710e-01
 3.25847592e-01
 3.42814733e-01
 3.57465207e-01
 3.69773728e-01
 3.79804402e-01
 3.87700480e-01
 3.93670622e-01
 3.97973372e-01
 4.00901413e-01
 4.02767133e-01
 4.03888145e-01
 4.04560302e-01
 4.05001725e-01
 4.05294193e-01
 4.05403532e-01
 -1.32580235e-11
 1.76393321e-03
 7.03849500e-03
 1.57706739e-02
 2.78679872e-02
 4.31929537e-02
 6.15566623e-02
 8.27125824e-02
 1.06351930e-01
 1.32101886e-01
 1.59527799e-01
 1.88140186e-01
 2.17406848e-01
 2.46769878e-01
 2.75666670e-01
 3.03553566e-01
 3.29930252e-01
 3.54362843e-01
 3.76503560e-01
 3.96105193e-01
 4.13028982e-01
 4.27245297e-01
 4.38827258e-01
 4.47938312e-01
 4.54815362e-01
 4.59748487e-01
 4.63055173e-01
 4.65043512e-01
 4.65970209e-01
 4.66040594e-01
 4.65512114e-01
 4.64825740e-01
 4.64512661e-01
 -3.60270424e-13
 2.00204098e-03
 7.98860029e-03
 1.78995109e-02
 3.16298006e-02
 4.90234267e-02
 6.98659638e-02
 9.38775843e-02
 1.20707795e-01
 1.49933416e-01
 1.81061086e-01
 2.13535204e-01
 2.46751687e-01
 2.80077261e-01
 3.12873311e-01
 3.44522711e-01
 3.74457525e-01
 4.02185256e-01
 4.27311240e-01
 4.49555152e-01
 4.68760052e-01
 4.84893167e-01
 4.98038463e-01
 5.08381894e-01
 5.16191498e-01
 5.21796800e-01
 5.25575939e-01
 5.27959401e-01
 5.29437913e-01
 5.30509504e-01
 5.31496059e-01
 5.32339132e-01
 5.32689058e-01
 1.90453411e-11
 2.23630758e-03
 8.92337603e-03
 1.99939960e-02
 3.53309115e-02
 5.47598084e-02
 7.80411551e-02
 1.04862351e-01
 1.34831853e-01
 1.67476916e-01
 2.02246398e-01
 2.38519640e-01
 2.75621826e-01
 3.12845527e-01
 3.49477331e-01
 3.84827798e-01
 4.18262432e-01
 4.49231056e-01
 4.77292971e-01
 5.02135578e-01
 5.23584770e-01
 5.41606169e-01
 5.56297168e-01
 5.67870400e-01
 5.76629497e-01
 5.82937560e-01
 5.87178051e-01
 5.89710874e-01
 5.90842643e-01
 5.90857782e-01
 5.90139266e-01
 5.89269859e-01
 5.88883945e-01
 1.64409469e-11
 2.46231183e-03
 9.82518562e-03
 2.20146193e-02
 3.89014979e-02
 6.02938803e-02
 8.59279993e-02
 1.15459623e-01
 1.48457581e-01
 1.84401289e-01
 2.22683845e-01
 2.62621818e-01
 3.03472159e-01
 3.44455914e-01
 3.84787503e-01
 4.23707679e-01
 4.60517635e-01
 4.94611427e-01
 5.25503841e-01
 5.52851152e-01
 5.76462939e-01
 5.96303998e-01
 6.12486508e-01
 6.25253489e-01
 6.34955393e-01
 6.42021830e-01
 6.46930036e-01
 6.50170664e-01
 6.52210574e-01
 6.53452527e-01
 6.54194696e-01
 6.54605056e-01
 6.54739771e-01
 -1.08768970e-10
 2.67599152e-03
 1.06778148e-02
 2.39250425e-02
 4.22773501e-02
 6.55261158e-02
 9.33846453e-02
 1.25478771e-01
 1.61339825e-01
 2.00401955e-01
 2.42005518e-01
 2.85407734e-01
 3.29801087e-01
 3.74339045e-01
 4.18167822e-01
 4.60462115e-01
 5.00462137e-01
 5.37508931e-01
 5.71074823e-01
 6.00786217e-01
 6.26436701e-01
 6.47989415e-01
 6.65568880e-01
 6.79443590e-01
 6.90001778e-01
 6.97723804e-01
 7.03155271e-01
 7.06881310e-01
 7.09486919e-01
 7.11467131e-01
 7.13078475e-01
 7.14243012e-01
 7.14682271e-01
 -1.32893109e-10
 2.87382491e-03
 1.14672165e-02
 2.56937995e-02
 4.54028582e-02
 7.03703201e-02
 1.00288234e-01
 1.34754677e-01
 1.73266203e-01
 2.15214997e-01
 2.59892543e-01
 3.06501135e-01
 3.54173662e-01
 4.02001175e-01
 4.49066850e-01
 4.94484177e-01
 5.37436657e-01
 5.77215778e-01
 6.13253915e-01
 6.45149013e-01
 6.72678749e-01
 6.95802930e-01
 7.14654068e-01
 7.29517007e-01
 7.40798604e-01
 7.48987308e-01
 7.54600369e-01
 7.58119838e-01
 7.59942143e-01
 7.60405826e-01
 7.59936931e-01
 7.59175830e-01
 7.58817265e-01
 4.84077447e-12
 3.05300184e-03
 1.21821703e-02
 2.72957383e-02
 4.82335804e-02
 7.47576033e-02
 1.06540569e-01
 1.43155349e-01
 1.84066910e-01
 2.28629312e-01
 2.76089709e-01
 3.25600682e-01
 3.76241347e-01
 4.27046561e-01
 4.77042694e-01
 5.25287834e-01
 5.70913756e-01
 6.13166397e-01
 6.51441095e-01
 6.85309068e-01
 7.14532532e-01
 7.39067011e-01
 7.59050734e-01
 7.74782235e-01
 7.86688657e-01
 7.95289291e-01
 8.01162346e-01
 8.04923698e-01
 8.07210913e-01
 8.08628841e-01
 8.09613550e-01
 8.10294323e-01
 8.10552772e-01
 1.80329893e-11
 3.21153247e-03
 1.28147453e-02
 2.87131019e-02
 5.07381328e-02
 7.86393268e-02
 1.12072328e-01
 1.50587611e-01
 1.93622031e-01
 2.40495712e-01
 2.90416401e-01
 3.42492720e-01
 3.95756598e-01
 4.49193879e-01
 5.01781347e-01
 5.52528213e-01
 6.00519956e-01
 6.44961254e-01
 6.85213606e-01
 7.20823605e-01
 7.51539048e-01
 7.77311383e-01
 7.98284420e-01
 8.14770694e-01
 8.27218419e-01
 8.36172819e-01
 8.42235518e-01
 8.46023790e-01
 8.48130491e-01
 8.49090988e-01
 8.49368556e-01
 8.49349018e-01
 8.49308103e-01
 4.18743430e-11
 3.34832468e-03
 1.33605736e-02
 2.99360909e-02
 5.28992175e-02
 8.19887059e-02
 1.16845393e-01
 1.57000307e-01
 2.01865779e-01
 2.50732226e-01
 3.02772960e-01
 3.57058596e-01
 4.12581024e-01
 4.68285261e-01
 5.23106734e-01
 5.76012790e-01
 6.26047977e-01
 6.72379895e-01
 7.14339518e-01
 7.51451144e-01
 7.83449527e-01
 8.10282817e-01
 8.32100996e-01
 8.49231348e-01
 8.62143952e-01
 8.71410088e-01
 8.77654336e-01
 8.81501075e-01
 8.83526457e-01
 8.84245674e-01
 8.84156152e-01
 8.83781423e-01
 8.83590333e-01
 -6.28152677e-12
 3.46316628e-03
 1.38188220e-02
 3.09628647e-02
 5.47136087e-02
 8.48008523e-02
 1.20853022e-01
 1.62384712e-01
 2.08787237e-01
 2.59325228e-01
 3.13142087e-01
 3.69276056e-01
 4.26686503e-01
 4.84287126e-01
 5.40981706e-01
 5.95702806e-01
 6.47458325e-01
 6.95382400e-01
 7.38778897e-01
 7.77152189e-01
 8.10225249e-01
 8.37943562e-01
 8.60463645e-01
 8.78127618e-01
 8.91427927e-01
 9.00968492e-01
 9.07429129e-01
 9.11536431e-01
 9.14029571e-01
 9.15585491e-01
 9.16676324e-01
 9.17435409e-01
 9.17724698e-01
 1.06933257e-12
 3.55666957e-03
 1.41919197e-02
 3.17988635e-02
 5.61910261e-02
 8.70911037e-02
 1.24117685e-01
 1.66771998e-01
 2.14427567e-01
 2.66326387e-01
 3.21585365e-01
 3.79214949e-01
 4.38149372e-01
 4.97282790e-01
 5.55500090e-01
 6.11705335e-01
 6.64870648e-01
 7.14099509e-01
 7.58672909e-01
 7.98077600e-01
 8.32025370e-01
 8.60459066e-01
 8.83541610e-01
 9.01628993e-01
 9.15230754e-01
 9.24963662e-01
 9.31504225e-01
 9.35541370e-01
 9.37728510e-01
 9.38642773e-01
 9.38779641e-01
 9.38592050e-01
 9.38472824e-01
 -6.25433609e-11
 3.63010087e-03
 1.44849454e-02
 3.24555362e-02
 5.73518680e-02
 8.88916605e-02
 1.26686607e-01
 1.70227909e-01
 2.18873918e-01
 2.71845636e-01
 3.28235280e-01
 3.87028046e-01
 4.47138648e-01
 5.07457300e-01
 5.66870669e-01
 6.24257688e-01
 6.78546097e-01
 7.28812369e-01
 7.74322037e-01
 8.14545802e-01
 8.49183539e-01
 8.78174625e-01
 9.01687926e-01
 9.20094097e-01
 9.33921759e-01
 9.43801973e-01
 9.50411344e-01
 9.54419861e-01
 9.56457962e-01
 9.57130010e-01
 9.57045836e-01
 9.56759935e-01
 9.56628016e-01
 2.11774993e-11
 3.68522650e-03
 1.47049251e-02
 3.29486216e-02
 5.82241737e-02
 9.02467833e-02
 1.28625279e-01
 1.72845163e-01
 2.22250775e-01
 2.76040401e-01
 3.33282764e-01
 3.92938233e-01
 4.53900248e-01
 5.15075252e-01
 5.75394557e-01
 6.33707192e-01
 6.88862245e-01
 7.39923382e-01
 7.86155458e-01
 8.27010781e-01
 8.62174812e-01
 8.91581960e-01
 9.15405304e-01
 9.34030915e-01
 9.48015395e-01
 9.58020954e-01
 9.64760042e-01
 9.68961048e-01
 9.71320282e-01
 9.72426991e-01
 9.72727779e-01
 9.72620533e-01
 9.72516984e-01
 -1.15745798e-11
 3.72415408e-03
 1.48603140e-02
 3.32970175e-02
 5.88409665e-02
 9.12074373e-02
 1.30009062e-01
 1.74734568e-01
 2.24710722e-01
 2.79101209e-01
 3.36959404e-01
 3.97222939e-01
 4.58740718e-01
 5.20452631e-01
 5.81437493e-01
 6.40490877e-01
 6.96280861e-01
 7.47920356e-01
 7.94694759e-01
 8.36023572e-01
 8.71575170e-01
 9.01278231e-01
 9.25306260e-01
 9.44054367e-01
 9.58117339e-01
 9.68198106e-01
 9.75023217e-01
 9.79354759e-01
 9.81990366e-01
 9.83710688e-01
 9.85095382e-01
 9.86224239e-01
 9.86693830e-01
 -3.13077608e-11
 3.74952746e-03
 1.49616456e-02
 3.35238627e-02
 5.92411160e-02
 9.18276931e-02
 1.30911963e-01
 1.76015593e-01
 2.26428770e-01
 2.81233247e-01
 3.39513365e-01
 4.00194602e-01
 4.62014990e-01
 5.23925307e-01
 5.85398400e-01
 6.45119986e-01
 7.01305729e-01
 7.53338809e-01
 8.00515432e-01
 8.42190477e-01
 8.78016573e-01
 9.07919613e-01
 9.32070574e-01
 9.50848961e-01
 9.64898760e-01
 9.75007346e-01
 9.81842590e-01
 9.86087694e-01
 9.88395456e-01
 9.89307521e-01
 9.89319972e-01
 9.88966482e-01
 9.88769999e-01
 9.27950866e-13
 3.76432060e-03
 1.50214370e-02
 3.36588827e-02
 5.94778337e-02
 9.21698108e-02
 1.31389230e-01
 1.76805929e-01
 2.27606201e-01
 2.82631427e-01
 3.41184021e-01
 4.02171680e-01
 4.64118636e-01
 5.25822817e-01
 5.87676288e-01
 6.48168697e-01
 7.04426707e-01
 7.56732460e-01
 8.04206686e-01
 8.46132012e-01
 8.82140743e-01
 9.12172778e-01
 9.36397119e-01
 9.55133295e-01
 9.69039443e-01
 9.79195871e-01
 9.86043231e-01
 9.90236838e-01
 9.92445168e-01
 9.93061807e-01
 9.92532447e-01
 9.91586157e-01
 9.91125456e-01
 -1.10744972e-11
 3.76840558e-03
 1.50426305e-02
 3.37252562e-02
 5.96318252e-02
 9.23323046e-02
 1.31452627e-01
 1.77210715e-01
 2.28481334e-01
 2.83446246e-01
 3.42192504e-01
 4.03434906e-01
 4.65469823e-01
 5.26465623e-01
 5.88644390e-01
 6.50245288e-01
 7.06061511e-01
 7.58660078e-01
 8.06325992e-01
 8.48447995e-01
 8.84553507e-01
 9.14673981e-01
 9.38942500e-01
 9.57638456e-01
 9.71142348e-01
 9.81525739e-01
 9.88378058e-01
 9.92541258e-01
 9.95113519e-01
 9.96445979e-01
 9.97038445e-01
 9.97292436e-01
 9.97373435e-01
 -1.58970931e-12
 3.74795542e-03
 1.49848126e-02
 3.36938711e-02
 5.98016379e-02
 9.24964162e-02
 1.31063387e-01
 1.77324221e-01
 2.29306360e-01
 2.83761949e-01
 3.42756959e-01
 4.04184327e-01
 4.66447293e-01
 5.26201268e-01
 5.88655442e-01
 6.51892579e-01
 7.06547263e-01
 7.59668449e-01
 8.07354637e-01
 8.49688770e-01
 8.85782880e-01
 9.16005053e-01
 9.40250153e-01
 9.59087525e-01
 9.71677308e-01
 9.82766809e-01
 9.89481395e-01
 9.93373579e-01
 9.96447829e-01
 9.98397695e-01
 9.99673503e-01
 1.00067487e+00
 1.00112468e+00
 -1.69128181e-11
 3.67046156e-03
 1.47601810e-02
 3.34930400e-02
 6.00324199e-02
 9.28792476e-02
 1.30231804e-01
 1.77258339e-01
 2.30215587e-01
 2.83656948e-01
 3.43085678e-01
 4.04547430e-01
 4.67271031e-01
 5.25455309e-01
 5.88097518e-01
 6.53389217e-01
 7.06242099e-01
 7.60216190e-01
 8.07688928e-01
 8.50312553e-01
 8.86260964e-01
 9.16662643e-01
 9.40730473e-01
 9.60079791e-01
 9.71083416e-01
 9.83590698e-01
 9.89875720e-01
 9.93159165e-01
 9.96884889e-01
 9.99215053e-01
 1.00018407e+00
 1.00073648e+00
 1.00107451e+00
 -2.11078649e-11
 3.52572242e-03
 1.43777592e-02
 3.31967429e-02
 6.02436647e-02
 9.34486995e-02
 1.29268053e-01
 1.77151656e-01
 2.31043096e-01
 2.83347521e-01
 3.43298535e-01
 4.04653619e-01
 4.67908642e-01
 5.24718967e-01
 5.87443928e-01
 6.54587426e-01
 7.05658824e-01
 7.60546494e-01
 8.07680782e-01
 8.50616833e-01
 8.86348404e-01
 9.16981069e-01
 9.40754005e-01
 9.60837888e-01
 9.70058695e-01
 9.84267766e-01
 9.89939686e-01
 9.92529026e-01
 9.96955060e-01
 9.99682992e-01
 1.00007563e+00
 9.99489739e-01
 9.99306830e-01
 0.00000000e+00
 3.43304251e-03
 1.41579102e-02
 3.30554905e-02
 6.03239701e-02
 9.37478329e-02
 1.28820174e-01
 1.77106481e-01
 2.31391877e-01
 2.83182450e-01
 3.43381767e-01
 4.04661874e-01
 4.68159742e-01
 5.24416556e-01
 5.87158241e-01
 6.55064331e-01
 7.05374547e-01
 7.60670098e-01
 8.07634162e-01
 8.50713774e-01
 8.86336517e-01
 9.17083803e-01
 9.40700208e-01
 9.61153192e-01
 9.69552985e-01
 9.84566279e-01
 9.89927086e-01
 9.92205190e-01
 9.96951856e-01
 9.99896130e-01
 1.00008754e+00
 9.98980876e-01
 9.98361000e-01
