 0.00000000e+00
 -9.75278525e-05
 -3.87472737e-04
 -8.60650627e-04
 -1.49770086e-03
 -2.26362065e-03
 -3.12920828e-03
 -4.30974581e-03
 -5.57601788e-03
 -6.84814625e-03
 -8.50912536e-03
 -1.01623785e-02
 -1.18863122e-02
 -1.39218715e-02
 -1.58052740e-02
 -1.79356006e-02
 -2.00898815e-02
 -2.18408831e-02
 -2.38933375e-02
 -2.55593507e-02
 -2.70617673e-02
 -2.85520845e-02
 -2.95905539e-02
 -3.04777041e-02
 -3.12163346e-02
 -3.18453808e-02
 -3.20585840e-02
 -3.22106802e-02
 -3.24520840e-02
 -3.25922099e-02
 -3.25984481e-02
 -3.25439941e-02
 -3.25140000e-02
 4.28240602e-03
 4.12239238e-03
 3.73233464e-03
 3.17037616e-03
 2.46589862e-03
 1.65121930e-03
 7.34462509e-04
 -4.72181073e-04
 -1.78212367e-03
 -3.13058861e-03
 -4.85191052e-03
 -6.60308770e-03
 -8.45090492e-03
 -1.06074838e-02
 -1.26610051e-02
 -1.49610809e-02
 -1.72974615e-02
 -1.92838576e-02
 -2.15392913e-02
 -2.34468284e-02
 -2.51932197e-02
 -2.69072762e-02
 -2.81930076e-02
 -2.93086894e-02
 -3.02643050e-02
 -3.10780847e-02
 -3.14933229e-02
 -3.18174475e-02
 -3.21798263e-02
 -3.24187612e-02
 -3.25074088e-02
 -3.25145119e-02
 -3.25112825e-02
 1.69241686e-02
 1.66744906e-02
 1.60363177e-02
 1.52127686e-02
 1.43105749e-02
 1.33511702e-02
 1.22951579e-02
 1.10005962e-02
 9.55796998e-03
 7.99355893e-03
 6.08073561e-03
 4.03939102e-03
 1.82681568e-03
 -7.01337181e-04
 -3.25512226e-03
 -6.06595887e-03
 -8.95507602e-03
 -1.16308520e-02
 -1.45069796e-02
 -1.71313180e-02
 -1.96041855e-02
 -2.19972229e-02
 -2.40147038e-02
 -2.58159491e-02
 -2.74173429e-02
 -2.87978290e-02
 -2.98034823e-02
 -3.06342434e-02
 -3.13720267e-02
 -3.19178287e-02
 -3.22585534e-02
 -3.24420721e-02
 -3.25017253e-02
 3.73251928e-02
 3.69876010e-02
 3.61208116e-02
 3.50109539e-02
 3.38560577e-02
 3.26923724e-02
 3.14432711e-02
 2.99874260e-02
 2.83216555e-02
 2.64273188e-02
 2.41733093e-02
 2.16572049e-02
 1.88540282e-02
 1.56882439e-02
 1.23258465e-02
 8.66098818e-03
 4.83738921e-03
 1.05412371e-03
 -2.88179740e-03
 -6.68086940e-03
 -1.03494215e-02
 -1.38898693e-02
 -1.71022056e-02
 -2.00412489e-02
 -2.27084251e-02
 -2.50561560e-02
 -2.70095065e-02
 -2.86622739e-02
 -3.00492956e-02
 -3.11236610e-02
 -3.18781049e-02
 -3.23286484e-02
 -3.24796813e-02
 6.45381529e-02
 6.41908372e-02
 6.32616742e-02
 6.20314638e-02
 6.07339426e-02
 5.94065687e-02
 5.79586560e-02
 5.62778201e-02
 5.43042336e-02
 5.19836353e-02
 4.92322513e-02
 4.60642183e-02
 4.24582472e-02
 3.83832357e-02
 3.39229916e-02
 2.90626662e-02
 2.39210469e-02
 1.86425553e-02
 1.32003878e-02
 7.78610333e-03
 2.46881124e-03
 -2.68906575e-03
 -7.53937393e-03
 -1.20543487e-02
 -1.62000185e-02
 -1.99143923e-02
 -2.31489305e-02
 -2.59223273e-02
 -2.82333509e-02
 -3.00540939e-02
 -3.13681227e-02
 -3.21642081e-02
 -3.24311621e-02
 9.73429884e-02
 9.70824883e-02
 9.64209283e-02
 9.55252678e-02
 9.44305190e-02
 9.31042658e-02
 9.15011412e-02
 8.95583038e-02
 8.72063736e-02
 8.43705207e-02
 8.09747247e-02
 7.69852364e-02
 7.23738629e-02
 6.71277671e-02
 6.12925666e-02
 5.49047584e-02
 4.80739415e-02
 4.09299704e-02
 3.35496864e-02
 2.60958980e-02
 1.86947602e-02
 1.14654662e-02
 4.55165830e-03
 -1.95640460e-03
 -7.98039565e-03
 -1.34393095e-02
 -1.82727266e-02
 -2.24490934e-02
 -2.59364047e-02
 -2.86981380e-02
 -3.07017575e-02
 -3.19189513e-02
 -3.23276485e-02
 1.35083457e-01
 1.35256326e-01
 1.35504058e-01
 1.35365295e-01
 1.34641388e-01
 1.33375348e-01
 1.31632905e-01
 1.29403350e-01
 1.26617104e-01
 1.23182715e-01
 1.19012000e-01
 1.14041912e-01
 1.08232202e-01
 1.01572408e-01
 9.40962356e-02
 8.58666383e-02
 7.69982309e-02
 6.76326308e-02
 5.79116590e-02
 4.80144704e-02
 3.81171249e-02
 2.83919069e-02
 1.90109709e-02
 1.01187993e-02
 1.84142274e-03
 -5.70849120e-03
 -1.24393534e-02
 -1.82790921e-02
 -2.31645892e-02
 -2.70380426e-02
 -2.98478704e-02
 -3.15517988e-02
 -3.21227410e-02
 1.84107654e-01
 1.83881234e-01
 1.83274211e-01
 1.82395646e-01
 1.81255869e-01
 1.79770162e-01
 1.77816930e-01
 1.75269364e-01
 1.72002220e-01
 1.67894093e-01
 1.62835165e-01
 1.56739386e-01
 1.49552311e-01
 1.41259240e-01
 1.31892773e-01
 1.21532213e-01
 1.10307229e-01
 9.83851038e-02
 8.59573823e-02
 7.32423445e-02
 6.04675608e-02
 4.78601882e-02
 3.56398855e-02
 2.40060042e-02
 1.31360165e-02
 3.18557404e-03
 -5.71293461e-03
 -1.34475419e-02
 -1.99217451e-02
 -2.50526279e-02
 -2.87719656e-02
 -3.10273646e-02
 -3.17835333e-02
 2.36372271e-01
 2.36065458e-01
 2.35283885e-01
 2.34260735e-01
 2.33046138e-01
 2.31484621e-01
 2.29360965e-01
 2.26486573e-01
 2.22699761e-01
 2.17851442e-01
 2.11806825e-01
 2.04457340e-01
 1.95733015e-01
 1.85612728e-01
 1.74131410e-01
 1.61382590e-01
 1.47517472e-01
 1.32736374e-01
 1.17277969e-01
 1.01410641e-01
 8.54185837e-02
 6.95887008e-02
 5.41991116e-02
 3.95086105e-02
 2.57510667e-02
 1.31329468e-02
 1.83290198e-03
 -7.99605867e-03
 -1.62233941e-02
 -2.27389945e-02
 -2.74540040e-02
 -3.03053678e-02
 -3.12590651e-02
 2.88778925e-01
 2.89032028e-01
 2.89513227e-01
 2.89670984e-01
 2.89124077e-01
 2.87747511e-01
 2.85494817e-01
 2.82270344e-01
 2.77921211e-01
 2.72272693e-01
 2.65159540e-01
 2.56447644e-01
 2.46049796e-01
 2.33937551e-01
 2.20149220e-01
 2.04793294e-01
 1.88046744e-01
 1.70147566e-01
 1.51383651e-01
 1.32079805e-01
 1.12582378e-01
 9.32436151e-02
 7.44073571e-02
 5.63971762e-02
 3.95083313e-02
 2.40033465e-02
 1.01106223e-02
 -1.97472318e-03
 -1.20893385e-02
 -2.01006029e-02
 -2.59049018e-02
 -2.94237874e-02
 -3.06034921e-02
 3.53567606e-01
 3.53259862e-01
 3.52447440e-01
 3.51315978e-01
 3.49893594e-01
 3.48004997e-01
 3.45373721e-01
 3.41711814e-01
 3.36751338e-01
 3.30250739e-01
 3.22001555e-01
 3.11839849e-01
 2.99659422e-01
 2.85423838e-01
 2.69175193e-01
 2.51038150e-01
 2.31218298e-01
 2.09994661e-01
 1.87707420e-01
 1.64742249e-01
 1.41512442e-01
 1.18440564e-01
 9.59414562e-02
 7.44080740e-02
 5.42011302e-02
 3.56427005e-02
 1.90132846e-02
 4.55159102e-03
 -7.54360420e-03
 -1.71106899e-02
 -2.40247768e-02
 -2.82015063e-02
 -2.95976978e-02
 4.15542868e-01
 4.15344037e-01
 4.14780841e-01
 4.13884774e-01
 4.12576419e-01
 4.10644588e-01
 4.07801785e-01
 4.03739187e-01
 3.98154388e-01
 3.90766603e-01
 3.81331239e-01
 3.69655474e-01
 3.55613605e-01
 3.39160672e-01
 3.20342577e-01
 2.99301002e-01
 2.76271969e-01
 2.51577898e-01
 2.25613907e-01
 1.98829793e-01
 1.71709392e-01
 1.44749328e-01
 1.18439114e-01
 9.32442926e-02
 6.95936485e-02
 4.78708099e-02
 2.84097480e-02
 1.14929837e-02
 -2.64884769e-03
 -1.38357259e-02
 -2.19322367e-02
 -2.68372738e-02
 -2.84810824e-02
 4.76501670e-01
 4.76712977e-01
 4.77100322e-01
 4.77145756e-01
 4.76419176e-01
 4.74668924e-01
 4.71693847e-01
 4.67243512e-01
 4.61019521e-01
 4.52717116e-01
 4.42061171e-01
 4.28831313e-01
 4.12881826e-01
 3.94158318e-01
 3.72709974e-01
 3.48695653e-01
 3.22382695e-01
 2.94138301e-01
 2.64414240e-01
 2.33726458e-01
 2.02631560e-01
 1.71702451e-01
 1.41505336e-01
 1.12579901e-01
 8.54238792e-02
 6.04825357e-02
 3.81430082e-02
 1.87330759e-02
 2.52306815e-03
 -1.02723741e-02
 -1.94968958e-02
 -2.50566937e-02
 -2.69126824e-02
 5.46365911e-01
 5.45930361e-01
 5.44826836e-01
 5.43397709e-01
 5.41696998e-01
 5.39404992e-01
 5.36031988e-01
 5.31099531e-01
 5.24191585e-01
 5.14945735e-01
 5.03049058e-01
 4.88250765e-01
 4.70382657e-01
 4.49378912e-01
 4.25290736e-01
 3.98293624e-01
 3.68686259e-01
 3.36881006e-01
 3.03386887e-01
 2.68786704e-01
 2.33710556e-01
 1.98808250e-01
 1.64723052e-01
 1.32068787e-01
 1.01411633e-01
 7.32571403e-02
 4.80422504e-02
 2.61316959e-02
 7.81857939e-03
 -6.66963693e-03
 -1.71587566e-02
 -2.35149292e-02
 -2.56452482e-02
 6.04562950e-01
 6.04858926e-01
 6.05455346e-01
 6.05711979e-01
 6.05044145e-01
 6.03073810e-01
 5.99527060e-01
 5.94110994e-01
 5.86481131e-01
 5.76270433e-01
 5.63132809e-01
 5.46781921e-01
 5.27022498e-01
 5.03774463e-01
 4.77089411e-01
 4.47158511e-01
 4.14311143e-01
 3.79004310e-01
 3.41803737e-01
 3.03358450e-01
 2.64371261e-01
 2.25567895e-01
 1.87667464e-01
 1.51356540e-01
 1.17268427e-01
 8.59684677e-02
 5.79454983e-02
 3.36089726e-02
 1.32906501e-02
 -2.75125437e-03
 -1.43280578e-02
 -2.13168825e-02
 -2.36529225e-02
 6.72683203e-01
 6.72433552e-01
 6.71687185e-01
 6.70407413e-01
 6.68444322e-01
 6.65511740e-01
 6.61215993e-01
 6.55100577e-01
 6.46687967e-01
 6.35516276e-01
 6.21172386e-01
 6.03322635e-01
 5.81740616e-01
 5.56330427e-01
 5.27143171e-01
 4.94384864e-01
 4.58414563e-01
 4.19732606e-01
 3.78959810e-01
 3.36809515e-01
 2.94055028e-01
 2.51495506e-01
 2.09923174e-01
 1.70094455e-01
 1.32706796e-01
 9.83822339e-02
 6.76579188e-02
 4.09829368e-02
 1.87197566e-02
 1.14798648e-03
 -1.15307195e-02
 -1.91852524e-02
 -2.17442059e-02
 7.34517030e-01
 7.33976471e-01
 7.32505546e-01
 7.30380185e-01
 7.27683245e-01
 7.24171448e-01
 7.19367181e-01
 7.12703606e-01
 7.03613448e-01
 6.91568607e-01
 6.76105807e-01
 6.56853332e-01
 6.33558520e-01
 6.06112010e-01
 5.74565219e-01
 5.39138686e-01
 5.00219937e-01
 4.58350696e-01
 4.14204317e-01
 3.68555388e-01
 3.22244241e-01
 2.76139641e-01
 2.31102886e-01
 1.87956090e-01
 1.47456603e-01
 1.10278609e-01
 7.70020021e-02
 4.81080576e-02
 2.39814746e-02
 4.91874859e-03
 -8.85854211e-03
 -1.71915084e-02
 -1.99806704e-02
 7.80684773e-01
 7.80930749e-01
 7.81358287e-01
 7.81282414e-01
 7.80074184e-01
 7.77320635e-01
 7.72699367e-01
 7.65832697e-01
 7.56258094e-01
 7.43477136e-01
 7.27018902e-01
 7.06492740e-01
 6.81628876e-01
 6.52308900e-01
 6.18586281e-01
 5.80695996e-01
 5.39052563e-01
 4.94236522e-01
 4.46970365e-01
 3.98085900e-01
 3.48485971e-01
 2.99104075e-01
 2.50865498e-01
 2.04653030e-01
 1.61279418e-01
 1.21467719e-01
 8.58399668e-02
 5.49137020e-02
 2.91049640e-02
 8.73487973e-03
 -5.96330765e-03
 -1.48369304e-02
 -1.78033034e-02
 8.34328121e-01
 8.33956329e-01
 8.32936620e-01
 8.31392907e-01
 8.29208484e-01
 8.25965596e-01
 8.21080296e-01
 8.13936261e-01
 8.03937998e-01
 7.90526117e-01
 7.73198386e-01
 7.51543213e-01
 7.25276428e-01
 6.94273099e-01
 6.58589889e-01
 6.18475745e-01
 5.74370183e-01
 5.26889303e-01
 4.76800575e-01
 4.24988258e-01
 3.72412464e-01
 3.20065776e-01
 2.68931562e-01
 2.19947409e-01
 1.73975944e-01
 1.31784115e-01
 9.40311297e-02
 6.12643243e-02
 3.39215188e-02
 1.23382007e-02
 -3.24170021e-03
 -1.26534039e-02
 -1.58011638e-02
 8.74912516e-01
 8.74830929e-01
 8.74489093e-01
 8.73626385e-01
 8.71875877e-01
 8.68794885e-01
 8.63869752e-01
 8.56529213e-01
 8.46176030e-01
 8.32226440e-01
 8.14151203e-01
 7.91516954e-01
 7.64025285e-01
 7.31545535e-01
 6.94137782e-01
 6.52063842e-01
 6.05785532e-01
 5.55950464e-01
 5.03366223e-01
 4.48964277e-01
 3.93756448e-01
 3.38788404e-01
 2.85095122e-01
 2.33662330e-01
 1.85396137e-01
 1.41101552e-01
 1.01469780e-01
 6.70738148e-02
 3.83714801e-02
 1.57142414e-02
 -6.41033196e-04
 -1.05206090e-02
 -1.38246237e-02
 9.10755086e-01
 9.10827338e-01
 9.10847839e-01
 9.10357005e-01
 9.08849529e-01
 9.05852008e-01
 9.00874130e-01
 8.93362293e-01
 8.82711213e-01
 8.68312401e-01
 8.49609211e-01
 8.26146316e-01
 7.97611611e-01
 7.63869418e-01
 7.24983202e-01
 6.81226132e-01
 6.33078881e-01
 5.81215532e-01
 5.26478217e-01
 4.69840244e-01
 4.12359850e-01
 3.55130020e-01
 2.99230714e-01
 2.45688529e-01
 1.95446031e-01
 1.49340493e-01
 1.08091122e-01
 7.22943138e-02
 4.24263563e-02
 1.88520250e-02
 1.83663862e-03
 -8.44108695e-03
 -1.18782116e-02
 9.46282254e-01
 9.45870226e-01
 9.44750721e-01
 9.43080252e-01
 9.40747311e-01
 9.37302437e-01
 9.32091039e-01
 9.24393624e-01
 9.13499146e-01
 8.98740467e-01
 8.79526808e-01
 8.55382018e-01
 8.25982791e-01
 7.91190170e-01
 7.51071336e-01
 7.05909397e-01
 6.56199688e-01
 6.02636193e-01
 5.46089142e-01
 4.87568649e-01
 4.28175120e-01
 3.69044207e-01
 3.11294650e-01
 2.55985983e-01
 2.04088939e-01
 1.56466222e-01
 1.13860489e-01
 7.68887751e-02
 4.60438675e-02
 2.17022875e-02
 4.13663743e-03
 -6.47116083e-03
 -1.00181289e-02
 9.68112905e-01
 9.68121999e-01
 9.67979644e-01
 9.67300016e-01
 9.65649018e-01
 9.62556204e-01
 9.57466867e-01
 9.49742964e-01
 9.38704352e-01
 9.23681328e-01
 9.04069097e-01
 8.79379586e-01
 8.49283987e-01
 8.13642810e-01
 7.72527405e-01
 7.26230578e-01
 6.75257620e-01
 6.20312704e-01
 5.62286458e-01
 5.02221942e-01
 4.41259292e-01
 3.80574518e-01
 3.21320519e-01
 2.64581152e-01
 2.11344659e-01
 1.62490165e-01
 1.18778320e-01
 8.08444709e-02
 4.91973781e-02
 2.42246553e-02
 6.20445214e-03
 -4.67841318e-03
 -8.31768756e-03
 9.87239895e-01
 9.87255740e-01
 9.87207143e-01
 9.86766867e-01
 9.85405358e-01
 9.82530178e-01
 9.77548305e-01
 9.69833083e-01
 9.58710805e-01
 9.43501887e-01
 9.23587583e-01
 8.98473527e-01
 8.67833225e-01
 8.31528863e-01
 7.89633847e-01
 7.42455230e-01
 6.90504280e-01
 6.34477647e-01
 5.75277570e-01
 5.13979314e-01
 4.51761815e-01
 3.89842939e-01
 3.29409183e-01
 2.71559894e-01
 2.17286016e-01
 1.67470370e-01
 1.22885125e-01
 8.41815609e-02
 5.18848499e-02
 2.63986015e-02
 8.01361346e-03
 -3.08255872e-03
 -6.79113944e-03
 1.00365855e+00
 1.00368141e+00
 1.00353994e+00
 1.00281637e+00
 1.00112332e+00
 9.98033629e-01
 9.92969287e-01
 9.85227310e-01
 9.74056199e-01
 9.58723100e-01
 9.38582736e-01
 9.13140473e-01
 8.82086932e-01
 8.45286655e-01
 8.02798837e-01
 7.54966495e-01
 7.02308282e-01
 6.45472394e-01
 5.85367376e-01
 5.23108262e-01
 4.59908181e-01
 3.97033978e-01
 3.35714112e-01
 2.77056111e-01
 2.22031495e-01
 1.71506621e-01
 1.26260676e-01
 8.69617972e-02
 5.41469918e-02
 2.82265126e-02
 9.50086998e-03
 -1.82031858e-03
 -5.60872403e-03
 1.01848200e+00
 1.01792274e+00
 1.01653923e+00
 1.01476336e+00
 1.01253702e+00
 1.00928866e+00
 1.00422945e+00
 9.96532018e-01
 9.85375350e-01
 9.69973766e-01
 9.49660154e-01
 9.23955219e-01
 8.92597287e-01
 8.55461360e-01
 8.12518467e-01
 7.64225855e-01
 7.11127937e-01
 6.53717168e-01
 5.92928496e-01
 5.29943423e-01
 4.65981690e-01
 4.02377086e-01
 3.40424087e-01
 2.81237045e-01
 2.25735840e-01
 1.74728346e-01
 1.29005547e-01
 8.92731873e-02
 5.60884139e-02
 2.98740530e-02
 1.09397170e-02
 -5.03945852e-04
 -4.33249288e-03
 1.02085854e+00
 1.02099120e+00
 1.02115826e+00
 1.02085218e+00
 1.01956023e+00
 1.01679232e+00
 1.01198345e+00
 1.00444094e+00
 9.93373773e-01
 9.77946349e-01
 9.57483940e-01
 9.31547758e-01
 8.99958671e-01
 8.62683331e-01
 8.19333855e-01
 7.70728028e-01
 7.17486747e-01
 6.59674386e-01
 5.98364691e-01
 5.34865650e-01
 4.70304145e-01
 4.06131106e-01
 3.43747573e-01
 2.84284613e-01
 2.28584266e-01
 1.77281924e-01
 1.31208798e-01
 9.11721911e-02
 5.77372309e-02
 3.13246123e-02
 1.22600516e-02
 7.54897595e-04
 -3.08894729e-03
 1.02337269e+00
 1.02379229e+00
 1.02461597e+00
 1.02495429e+00
 1.02411464e+00
 1.02163951e+00
 1.01704746e+00
 1.00968856e+00
 9.98778695e-01
 9.83347626e-01
 9.62722706e-01
 9.36578166e-01
 9.04736322e-01
 8.67659847e-01
 8.23782872e-01
 7.74959354e-01
 7.21950961e-01
 6.63805266e-01
 6.02072130e-01
 5.38282866e-01
 4.73212867e-01
 4.08573762e-01
 3.45907354e-01
 2.86367642e-01
 2.30793941e-01
 1.79323549e-01
 1.32918626e-01
 9.26910465e-02
 5.91206641e-02
 3.25392514e-02
 1.32996077e-02
 1.66163575e-03
 -2.23220063e-03
 1.02980804e+00
 1.02967298e+00
 1.02927423e+00
 1.02852733e+00
 1.02717885e+00
 1.02462621e+00
 1.02013638e+00
 1.01294815e+00
 1.00227198e+00
 9.86855556e-01
 9.65979303e-01
 9.39744098e-01
 9.07387919e-01
 8.71160095e-01
 8.26352018e-01
 7.77382498e-01
 7.25089344e-01
 6.66527555e-01
 6.04411096e-01
 5.40606541e-01
 4.75032443e-01
 4.09994189e-01
 3.47154699e-01
 2.87605518e-01
 2.32611794e-01
 1.81012282e-01
 1.34098029e-01
 9.38471474e-02
 6.03507790e-02
 3.36654203e-02
 1.42388512e-02
 2.45553793e-03
 -1.48734577e-03
 1.03366856e+00
 1.03309845e+00
 1.03179756e+00
 1.03033232e+00
 1.02877119e+00
 1.02625459e+00
 1.02182462e+00
 1.01480165e+00
 1.00442005e+00
 9.89090963e-01
 9.67725461e-01
 9.41774078e-01
 9.08259355e-01
 8.73914709e-01
 8.27462312e-01
 7.78465584e-01
 7.27381897e-01
 6.68194926e-01
 6.05704539e-01
 5.42206007e-01
 4.76051920e-01
 4.10680970e-01
 3.47786910e-01
 2.88065791e-01
 2.34264954e-01
 1.82489782e-01
 1.34616272e-01
 9.46526128e-02
 6.15503806e-02
 3.48417554e-02
 1.51701408e-02
 3.15820333e-03
 -8.63083196e-04
 1.03363410e+00
 1.03301045e+00
 1.03177847e+00
 1.03053788e+00
 1.02932307e+00
 1.02705995e+00
 1.02258560e+00
 1.01575476e+00
 1.00562646e+00
 9.90555628e-01
 9.68341834e-01
 9.43267630e-01
 9.07782753e-01
 8.76342697e-01
 8.27546298e-01
 7.78715772e-01
 7.29092908e-01
 6.69108630e-01
 6.06264763e-01
 5.43331939e-01
 4.76525089e-01
 4.10906189e-01
 3.48105302e-01
 2.87876563e-01
 2.35818273e-01
 1.83812590e-01
 1.34408106e-01
 9.51723058e-02
 6.27192094e-02
 3.60808429e-02
 1.61158199e-02
 3.75102087e-03
 -3.92173388e-04
 1.03183797e+00
 1.03145613e+00
 1.03084697e+00
 1.03019305e+00
 1.02940818e+00
 1.02746264e+00
 1.02280969e+00
 1.01620013e+00
 1.00617820e+00
 9.91490080e-01
 9.68301130e-01
 9.44387654e-01
 9.06767583e-01
 8.78255407e-01
 8.27169428e-01
 7.78628604e-01
 7.30221547e-01
 6.69528774e-01
 6.06411808e-01
 5.44055640e-01
 4.76682640e-01
 4.10913409e-01
 3.48294097e-01
 2.87398385e-01
 2.37038124e-01
 1.84837771e-01
 1.33785650e-01
 9.55020578e-02
 6.36253307e-02
 3.71345158e-02
 1.69427174e-02
 4.20786582e-03
 -9.93491471e-05
 1.03087500e+00
 1.03074182e+00
 1.03041895e+00
 1.03002425e+00
 1.02939523e+00
 1.02760057e+00
 1.02283238e+00
 1.01633525e+00
 1.00632249e+00
 9.91832822e-01
 9.68188696e-01
 9.44836934e-01
 9.06257993e-01
 8.79014580e-01
 8.26948055e-01
 7.78558292e-01
 7.30624530e-01
 6.69645285e-01
 6.06422490e-01
 5.44313672e-01
 4.76710166e-01
 4.10890922e-01
 3.48367140e-01
 2.87151455e-01
 2.37514354e-01
 1.85241842e-01
 1.33443941e-01
 9.56301569e-02
 6.39674725e-02
 3.75640690e-02
 1.72906180e-02
 4.42160651e-03
 0.00000000e+00
