 6.38082000e-01
 6.38387388e-01
 6.41380070e-01
 6.43534220e-01
 6.29629383e-01
 6.07818244e-01
 5.79363038e-01
 5.48053566e-01
 5.09487024e-01
 4.83348338e-01
 4.74869000e-01
 6.23158926e-01
 6.24983405e-01
 6.28646721e-01
 6.29815222e-01
 6.17484358e-01
 5.96219703e-01
 5.68181453e-01
 5.36182171e-01
 4.99581342e-01
 4.73005591e-01
 4.62910205e-01
 5.84292497e-01
 5.86466406e-01
 5.90120932e-01
 5.90099922e-01
 5.80402399e-01
 5.60999939e-01
 5.34121714e-01
 5.02397124e-01
 4.70018723e-01
 4.45838200e-01
 4.36519068e-01
 5.24870453e-01
 5.25352083e-01
 5.26784762e-01
 5.26154497e-01
 5.18523084e-01
 5.01894794e-01
 4.77521283e-01
 4.48696242e-01
 4.21547243e-01
 4.03984657e-01
 3.98685329e-01
 4.35734245e-01
 4.37380756e-01
 4.40198916e-01
 4.40425084e-01
 4.34743963e-01
 4.21407500e-01
 4.01149590e-01
 3.76917804e-01
 3.53142599e-01
 3.34649127e-01
 3.27221866e-01
 3.36571916e-01
 3.37404847e-01
 3.39181917e-01
 3.39515931e-01
 3.35632157e-01
 3.25985350e-01
 3.11028693e-01
 2.93234212e-01
 2.76413048e-01
 2.64595825e-01
 2.60449553e-01
 2.31315508e-01
 2.31918214e-01
 2.33055592e-01
 2.33395225e-01
 2.31268852e-01
 2.25437443e-01
 2.16100108e-01
 2.05094986e-01
 1.95361311e-01
 1.89452809e-01
 1.87691085e-01
 1.32677586e-01
 1.32685427e-01
 1.33207794e-01
 1.33969149e-01
 1.33729914e-01
 1.31477090e-01
 1.27189851e-01
 1.21793064e-01
 1.16464386e-01
 1.12174697e-01
 1.10359085e-01
 4.88195528e-02
 4.97554805e-02
 5.15369865e-02
 5.32831787e-02
 5.48609708e-02
 5.55017284e-02
 5.51912885e-02
 5.42978509e-02
 5.30557431e-02
 5.20891319e-02
 5.17729134e-02
 -3.70268288e-03
 -2.81959903e-03
 -1.05058099e-03
 1.00094864e-03
 3.94455992e-03
 6.38476615e-03
 8.58671873e-03
 1.07136728e-02
 1.21341657e-02
 1.31931745e-02
 1.38529684e-02
 -2.11680000e-02
 -2.05217660e-02
 -1.90800095e-02
 -1.70880318e-02
 -1.35843872e-02
 -1.05663595e-02
 -7.51352109e-03
 -4.30990088e-03
 -2.01188190e-03
 -5.43933666e-04
 0.00000000e+00
